2024-05-16 20:47:00 | DEBUG   | {'input': PosixPath('data/gittables/indices/runtime_benchmark/conversion.zst'), 'input_type': 'index', 'queries': PosixPath('data/gittables/queries/runtime_benchmark.zst'), 'estimation_mode': None, 'index_mode': 'recall', 'hist_filter': PosixPath('data/gittables/filters/01.zst'), 'output': None, 'workers': None, 'frequency_hists': False, 'suppress_results': True, 'log_level': 'INFO', 'log_file': PosixPath('logs/runtime_benchmark/low_selectivity/gittables-collection-conversion-single_suppressed-2.log')}
2024-05-16 20:47:00 | DEBUG   | Loading input data from data/gittables/indices/runtime_benchmark/conversion.zst
2024-05-16 20:47:17 | DEBUG   | Loading queries from data/gittables/queries/runtime_benchmark.zst
2024-05-16 20:47:17 | DEBUG   | Loading histogram filter from data/gittables/filters/01.zst
2024-05-16 20:47:17 | TRACE   | bootstrap_time, 17.719552516937256
2024-05-16 20:47:17 | DEBUG   | Starting execution
2024-05-16 20:48:15 | TRACE   | query_time, 0.00047092512249946594
2024-05-16 20:48:15 | TRACE   | query_time, 0.00017473474144935608
2024-05-16 20:48:15 | TRACE   | query_time, 0.0001508183777332306
2024-05-16 20:48:15 | TRACE   | query_time, 0.00012759119272232056
2024-05-16 20:48:15 | TRACE   | query_time, 0.00015844404697418213
2024-05-16 20:48:15 | TRACE   | query_time, 0.00015391036868095398
2024-05-16 20:48:15 | TRACE   | query_time, 0.00013360381126403809
2024-05-16 20:48:15 | TRACE   | query_time, 0.00013392046093940735
2024-05-16 20:48:15 | TRACE   | query_time, 0.00013350322842597961
2024-05-16 20:48:15 | TRACE   | query_time, 0.00012851879000663757
2024-05-16 20:48:15 | TRACE   | query_time, 0.000133514404296875
2024-05-16 20:48:15 | TRACE   | query_time, 0.00013450533151626587
2024-05-16 20:48:15 | TRACE   | query_time, 0.00015265122056007385
2024-05-16 20:48:15 | TRACE   | query_time, 0.0001548267900943756
2024-05-16 20:48:15 | TRACE   | query_time, 0.00012474507093429565
2024-05-16 20:48:15 | TRACE   | query_time, 0.00012483075261116028
2024-05-16 20:48:15 | TRACE   | query_time, 0.00014393404126167297
2024-05-16 20:48:15 | TRACE   | query_time, 0.00015479698777198792
2024-05-16 20:48:15 | TRACE   | query_time, 0.00012334808707237244
2024-05-16 20:48:16 | TRACE   | query_time, 0.00013288110494613647
2024-05-16 20:48:16 | TRACE   | query_time, 0.00013455748558044434
2024-05-16 20:48:16 | TRACE   | query_time, 0.00012262538075447083
2024-05-16 20:48:16 | TRACE   | query_time, 0.00013286247849464417
2024-05-16 20:48:16 | TRACE   | query_time, 0.0001541711390018463
2024-05-16 20:48:16 | TRACE   | query_time, 0.00015663355588912964
2024-05-16 20:48:16 | TRACE   | query_time, 0.00013441219925880432
2024-05-16 20:48:16 | TRACE   | query_time, 0.00012417882680892944
2024-05-16 20:48:16 | TRACE   | query_time, 0.00015054643154144287
2024-05-16 20:48:16 | TRACE   | query_time, 0.0001415833830833435
2024-05-16 20:48:16 | TRACE   | query_time, 0.00012339651584625244
2024-05-16 20:48:16 | TRACE   | query_time, 0.00015485286712646484
2024-05-16 20:48:16 | TRACE   | query_time, 0.0001529119908809662
2024-05-16 20:48:16 | TRACE   | query_time, 0.00012679770588874817
2024-05-16 20:48:16 | TRACE   | query_time, 0.00013283640146255493
2024-05-16 20:48:16 | TRACE   | query_time, 0.00015572458505630493
2024-05-16 20:48:16 | TRACE   | query_time, 0.0001574382185935974
2024-05-16 20:48:16 | TRACE   | query_time, 0.00013379007577896118
2024-05-16 20:48:16 | TRACE   | query_time, 0.00013483315706253052
2024-05-16 20:48:16 | TRACE   | query_time, 0.00012533366680145264
2024-05-16 20:48:16 | TRACE   | query_time, 0.0001596100628376007
2024-05-16 20:48:16 | TRACE   | query_time, 0.00015196949243545532
2024-05-16 20:48:16 | TRACE   | query_time, 0.00013244524598121643
2024-05-16 20:48:16 | TRACE   | query_time, 0.000151854008436203
2024-05-16 20:48:16 | TRACE   | query_time, 0.00015054643154144287
2024-05-16 20:48:16 | TRACE   | query_time, 0.00012189522385597229
2024-05-16 20:48:16 | TRACE   | query_time, 0.00013148784637451172
2024-05-16 20:48:16 | TRACE   | query_time, 0.00012139230966567993
2024-05-16 20:48:16 | TRACE   | query_time, 0.00014201179146766663
2024-05-16 20:48:16 | TRACE   | query_time, 0.00013210996985435486
2024-05-16 20:48:16 | TRACE   | query_time, 0.0001220703125
2024-05-16 20:48:16 | TRACE   | query_time, 0.00013274699449539185
2024-05-16 20:48:16 | TRACE   | query_time, 0.00012236833572387695
2024-05-16 20:48:16 | TRACE   | query_time, 0.0001326426863670349
2024-05-16 20:48:16 | TRACE   | query_time, 0.00015309825539588928
2024-05-16 20:48:16 | TRACE   | query_time, 0.00015009567141532898
2024-05-16 20:48:16 | TRACE   | query_time, 0.00013083592057228088
2024-05-16 20:48:16 | TRACE   | query_time, 0.0001227147877216339
2024-05-16 20:48:16 | TRACE   | query_time, 0.00014196708798408508
2024-05-16 20:48:16 | TRACE   | query_time, 0.00012214109301567078
2024-05-16 20:48:16 | TRACE   | query_time, 0.0001510046422481537
2024-05-16 20:48:16 | TRACE   | query_time, 0.00012256205081939697
2024-05-16 20:48:16 | TRACE   | query_time, 0.00015152990818023682
2024-05-16 20:48:16 | TRACE   | query_time, 0.000149555504322052
2024-05-16 20:48:16 | TRACE   | query_time, 0.0001238211989402771
2024-05-16 20:48:16 | TRACE   | query_time, 0.00015174970030784607
2024-05-16 20:48:16 | TRACE   | query_time, 0.00013015791773796082
2024-05-16 20:48:16 | TRACE   | query_time, 0.00012158975005149841
2024-05-16 20:48:16 | TRACE   | query_time, 0.00012223422527313232
2024-05-16 20:48:16 | TRACE   | query_time, 0.0001518838107585907
2024-05-16 20:48:16 | TRACE   | query_time, 0.00013310089707374573
2024-05-16 20:48:16 | TRACE   | query_time, 0.00015347450971603394
2024-05-16 20:48:16 | TRACE   | query_time, 0.00013127177953720093
2024-05-16 20:48:16 | TRACE   | query_time, 0.0001498386263847351
2024-05-16 20:48:16 | TRACE   | query_time, 0.0001497417688369751
2024-05-16 20:48:16 | TRACE   | query_time, 0.00015065819025039673
2024-05-16 20:48:16 | TRACE   | query_time, 0.00012161955237388611
2024-05-16 20:48:16 | TRACE   | query_time, 0.00014208629727363586
2024-05-16 20:48:16 | TRACE   | query_time, 0.00015016645193099976
2024-05-16 20:48:16 | TRACE   | query_time, 0.0001518353819847107
2024-05-16 20:48:16 | TRACE   | query_time, 0.0001230873167514801
2024-05-16 20:48:16 | TRACE   | query_time, 0.00013085082173347473
2024-05-16 20:48:16 | TRACE   | query_time, 0.00013156980276107788
2024-05-16 20:48:16 | TRACE   | query_time, 0.00012242421507835388
2024-05-16 20:48:16 | TRACE   | query_time, 0.00013190507888793945
2024-05-16 20:48:16 | TRACE   | query_time, 0.00013297423720359802
2024-05-16 20:48:16 | TRACE   | query_time, 0.0001510120928287506
2024-05-16 20:48:16 | TRACE   | query_time, 0.00015134364366531372
2024-05-16 20:48:16 | TRACE   | query_time, 0.00015011802315711975
2024-05-16 20:48:16 | TRACE   | query_time, 0.0001499578356742859
2024-05-16 20:48:16 | TRACE   | query_time, 0.00012118369340896606
2024-05-16 20:48:16 | TRACE   | query_time, 0.00014442205429077148
2024-05-16 20:48:16 | TRACE   | query_time, 0.00012287870049476624
2024-05-16 20:48:16 | TRACE   | query_time, 0.00015071406960487366
2024-05-16 20:48:16 | TRACE   | query_time, 0.0001327209174633026
2024-05-16 20:48:16 | TRACE   | query_time, 0.00015102699398994446
2024-05-16 20:48:16 | TRACE   | query_time, 0.00014152750372886658
2024-05-16 20:48:16 | TRACE   | query_time, 0.00012161582708358765
2024-05-16 20:48:16 | TRACE   | query_time, 0.00015084072947502136
2024-05-16 20:48:16 | TRACE   | query_time, 0.00012166798114776611
2024-05-16 20:48:16 | TRACE   | query_time, 0.00013064220547676086
2024-05-16 20:48:16 | TRACE   | query_time, 0.00014954060316085815
2024-05-16 20:48:16 | TRACE   | query_time, 0.00013153254985809326
2024-05-16 20:48:16 | TRACE   | query_time, 0.0001313909888267517
2024-05-16 20:48:16 | TRACE   | query_time, 0.00013225898146629333
2024-05-16 20:48:16 | TRACE   | query_time, 0.00014951080083847046
2024-05-16 20:48:16 | TRACE   | query_time, 0.0001309029757976532
2024-05-16 20:48:16 | TRACE   | query_time, 0.00015302374958992004
2024-05-16 20:48:16 | TRACE   | query_time, 0.0001530274748802185
2024-05-16 20:48:16 | TRACE   | query_time, 0.00015177205204963684
2024-05-16 20:48:16 | TRACE   | query_time, 0.00013185665011405945
2024-05-16 20:48:16 | TRACE   | query_time, 0.00014568492770195007
2024-05-16 20:48:16 | TRACE   | query_time, 0.00012275949120521545
2024-05-16 20:48:16 | TRACE   | query_time, 0.0001223050057888031
2024-05-16 20:48:16 | TRACE   | query_time, 0.00013275817036628723
2024-05-16 20:48:16 | TRACE   | query_time, 0.0001313537359237671
2024-05-16 20:48:16 | TRACE   | query_time, 0.00013020634651184082
2024-05-16 20:48:16 | TRACE   | query_time, 0.00015015900135040283
2024-05-16 20:48:16 | TRACE   | query_time, 0.00012233108282089233
2024-05-16 20:48:16 | TRACE   | query_time, 0.00015026703476905823
2024-05-16 20:48:16 | TRACE   | query_time, 0.00013167411088943481
2024-05-16 20:48:16 | TRACE   | query_time, 0.00012310966849327087
2024-05-16 20:48:16 | TRACE   | query_time, 0.00014105811715126038
2024-05-16 20:48:16 | TRACE   | query_time, 0.0001497417688369751
2024-05-16 20:48:16 | TRACE   | query_time, 0.00013054534792900085
2024-05-16 20:48:16 | TRACE   | query_time, 0.00014990940690040588
2024-05-16 20:48:16 | TRACE   | query_time, 0.0001408010721206665
2024-05-16 20:48:16 | TRACE   | query_time, 0.00012205541133880615
2024-05-16 20:48:16 | TRACE   | query_time, 0.00015095248818397522
2024-05-16 20:48:16 | TRACE   | query_time, 0.0001227147877216339
2024-05-16 20:48:16 | TRACE   | query_time, 0.0001322329044342041
2024-05-16 20:48:16 | TRACE   | query_time, 0.00013088062405586243
2024-05-16 20:48:16 | TRACE   | query_time, 0.00015440210700035095
2024-05-16 20:48:16 | TRACE   | query_time, 0.00013155490159988403
2024-05-16 20:48:16 | TRACE   | query_time, 0.00012187287211418152
2024-05-16 20:48:16 | TRACE   | query_time, 0.0001493021845817566
2024-05-16 20:48:16 | TRACE   | query_time, 0.00013117119669914246
2024-05-16 20:48:16 | TRACE   | query_time, 0.00014963746070861816
2024-05-16 20:48:16 | TRACE   | query_time, 0.00013140961527824402
2024-05-16 20:48:16 | TRACE   | query_time, 0.00015102699398994446
2024-05-16 20:48:16 | TRACE   | query_time, 0.0001503676176071167
2024-05-16 20:48:16 | TRACE   | query_time, 0.0001218356192111969
2024-05-16 20:48:16 | TRACE   | query_time, 0.0001223944127559662
2024-05-16 20:48:16 | TRACE   | query_time, 0.00014165416359901428
2024-05-16 20:48:16 | TRACE   | query_time, 0.00015006586909294128
2024-05-16 20:48:16 | TRACE   | query_time, 0.00014841556549072266
2024-05-16 20:48:16 | TRACE   | query_time, 0.00012205913662910461
2024-05-16 20:48:16 | TRACE   | query_time, 0.0001311972737312317
2024-05-16 20:48:16 | TRACE   | query_time, 0.00013129040598869324
2024-05-16 20:48:16 | TRACE   | query_time, 0.00012296438217163086
2024-05-16 20:48:16 | TRACE   | query_time, 0.0001225583255290985
2024-05-16 20:48:16 | TRACE   | query_time, 0.0001231655478477478
2024-05-16 20:48:16 | TRACE   | query_time, 0.00013115257024765015
2024-05-16 20:48:16 | TRACE   | query_time, 0.0001357942819595337
2024-05-16 20:48:16 | TRACE   | query_time, 0.00015081465244293213
2024-05-16 20:48:16 | TRACE   | query_time, 0.0001228228211402893
2024-05-16 20:48:16 | TRACE   | query_time, 0.00015101581811904907
2024-05-16 20:48:16 | TRACE   | query_time, 0.00013218820095062256
2024-05-16 20:48:16 | TRACE   | query_time, 0.0001220889389514923
2024-05-16 20:48:16 | TRACE   | query_time, 0.00012221932411193848
2024-05-16 20:48:16 | TRACE   | query_time, 0.00015104562044143677
2024-05-16 20:48:16 | TRACE   | query_time, 0.00012235715985298157
2024-05-16 20:48:16 | TRACE   | query_time, 0.00015000253915786743
2024-05-16 20:48:16 | TRACE   | query_time, 0.00015031546354293823
2024-05-16 20:48:16 | TRACE   | query_time, 0.00012370944023132324
2024-05-16 20:48:16 | TRACE   | query_time, 0.0001514330506324768
2024-05-16 20:48:16 | TRACE   | query_time, 0.00013175234198570251
2024-05-16 20:48:16 | TRACE   | query_time, 0.00013225898146629333
2024-05-16 20:48:16 | TRACE   | query_time, 0.00012190267443656921
2024-05-16 20:48:16 | TRACE   | query_time, 0.00013130158185958862
2024-05-16 20:48:16 | TRACE   | query_time, 0.00013275817036628723
2024-05-16 20:48:16 | TRACE   | query_time, 0.00013247504830360413
2024-05-16 20:48:16 | TRACE   | query_time, 0.00015008822083473206
2024-05-16 20:48:16 | TRACE   | query_time, 0.00015382841229438782
2024-05-16 20:48:16 | TRACE   | query_time, 0.00012166053056716919
2024-05-16 20:48:16 | TRACE   | query_time, 0.00012318789958953857
2024-05-16 20:48:16 | TRACE   | query_time, 0.00014112889766693115
2024-05-16 20:48:16 | TRACE   | query_time, 0.00012183934450149536
2024-05-16 20:48:16 | TRACE   | query_time, 0.00013148412108421326
2024-05-16 20:48:16 | TRACE   | query_time, 0.0001304037868976593
2024-05-16 20:48:16 | TRACE   | query_time, 0.00012226030230522156
2024-05-16 20:48:16 | TRACE   | query_time, 0.00013046711683273315
2024-05-16 20:48:16 | TRACE   | query_time, 0.00013189762830734253
2024-05-16 20:48:16 | TRACE   | query_time, 0.0001318715512752533
2024-05-16 20:48:16 | TRACE   | query_time, 0.00014868006110191345
2024-05-16 20:48:16 | TRACE   | query_time, 0.00015074387192726135
2024-05-16 20:48:16 | TRACE   | query_time, 0.0001214742660522461
2024-05-16 20:48:16 | TRACE   | query_time, 0.0001312829554080963
2024-05-16 20:48:16 | TRACE   | query_time, 0.00012185052037239075
2024-05-16 20:48:16 | TRACE   | query_time, 0.00014006346464157104
2024-05-16 20:48:16 | TRACE   | query_time, 0.00012158229947090149
2024-05-16 20:48:16 | TRACE   | query_time, 0.00015126913785934448
2024-05-16 20:48:16 | TRACE   | query_time, 0.0001322627067565918
2024-05-16 20:48:16 | TRACE   | query_time, 0.0001511313021183014
2024-05-16 20:48:16 | TRACE   | query_time, 0.0001288093626499176
2024-05-16 20:48:16 | TRACE   | query_time, 0.00015089288353919983
2024-05-16 20:48:16 | TRACE   | query_time, 0.00015006214380264282
2024-05-16 20:48:16 | TRACE   | query_time, 0.00015016645193099976
2024-05-16 20:48:16 | TRACE   | query_time, 0.00012098625302314758
2024-05-16 20:48:16 | TRACE   | query_time, 0.00013223662972450256
2024-05-16 20:48:16 | TRACE   | query_time, 0.0001302175223827362
2024-05-16 20:48:16 | TRACE   | query_time, 0.00012187287211418152
2024-05-16 20:48:16 | TRACE   | query_time, 0.00013070926070213318
2024-05-16 20:48:16 | TRACE   | query_time, 0.00012188777327537537
2024-05-16 20:48:16 | TRACE   | query_time, 0.00015011057257652283
2024-05-16 20:48:16 | TRACE   | query_time, 0.0001317933201789856
2024-05-16 20:48:16 | TRACE   | query_time, 0.0001513250172138214
2024-05-16 20:48:16 | TRACE   | query_time, 0.00014991313219070435
2024-05-16 20:48:16 | TRACE   | query_time, 0.00012182444334030151
2024-05-16 20:48:16 | TRACE   | query_time, 0.00013034790754318237
2024-05-16 20:48:16 | TRACE   | query_time, 0.00012182816863059998
2024-05-16 20:48:16 | TRACE   | query_time, 0.00012243539094924927
2024-05-16 20:48:16 | TRACE   | query_time, 0.0001387186348438263
2024-05-16 20:48:16 | TRACE   | query_time, 0.0001499764621257782
2024-05-16 20:48:16 | TRACE   | query_time, 0.00015105679631233215
2024-05-16 20:48:16 | TRACE   | query_time, 0.00012512877583503723
2024-05-16 20:48:16 | TRACE   | query_time, 0.0001303255558013916
2024-05-16 20:48:16 | TRACE   | query_time, 0.00012039020657539368
2024-05-16 20:48:16 | TRACE   | query_time, 0.00012268871068954468
2024-05-16 20:48:16 | TRACE   | query_time, 0.00013125687837600708
2024-05-16 20:48:16 | TRACE   | query_time, 0.0001308061182498932
2024-05-16 20:48:16 | TRACE   | query_time, 0.00015073269605636597
2024-05-16 20:48:16 | TRACE   | query_time, 0.0001502111554145813
2024-05-16 20:48:16 | TRACE   | query_time, 0.00012217462062835693
2024-05-16 20:48:16 | TRACE   | query_time, 0.0001490674912929535
2024-05-16 20:48:16 | TRACE   | query_time, 0.0001496635377407074
2024-05-16 20:48:16 | TRACE   | query_time, 0.00014008209109306335
2024-05-16 20:48:16 | TRACE   | query_time, 0.00012288987636566162
2024-05-16 20:48:16 | TRACE   | query_time, 0.0001506805419921875
2024-05-16 20:48:16 | TRACE   | query_time, 0.00015114620327949524
2024-05-16 20:48:16 | TRACE   | query_time, 0.00012263283133506775
2024-05-16 20:48:16 | TRACE   | query_time, 0.00014970451593399048
2024-05-16 20:48:16 | TRACE   | query_time, 0.00012310966849327087
2024-05-16 20:48:16 | TRACE   | query_time, 0.00013080239295959473
2024-05-16 20:48:16 | TRACE   | query_time, 0.0001479014754295349
2024-05-16 20:48:16 | TRACE   | query_time, 0.00013125687837600708
2024-05-16 20:48:16 | TRACE   | query_time, 0.00013253465294837952
2024-05-16 20:48:16 | TRACE   | query_time, 0.00012144818902015686
2024-05-16 20:48:16 | TRACE   | query_time, 0.00013234838843345642
2024-05-16 20:48:16 | TRACE   | query_time, 0.0001490563154220581
2024-05-16 20:48:16 | TRACE   | query_time, 0.00013115257024765015
2024-05-16 20:48:16 | TRACE   | query_time, 0.0001501329243183136
2024-05-16 20:48:16 | TRACE   | query_time, 0.0001505054533481598
2024-05-16 20:48:16 | TRACE   | query_time, 0.00012165307998657227
2024-05-16 20:48:16 | TRACE   | query_time, 0.00012953206896781921
2024-05-16 20:48:16 | TRACE   | query_time, 0.00012312084436416626
2024-05-16 20:48:16 | TRACE   | query_time, 0.00013976171612739563
2024-05-16 20:48:16 | TRACE   | query_time, 0.00014975294470787048
2024-05-16 20:48:16 | TRACE   | query_time, 0.00014992058277130127
2024-05-16 20:48:16 | TRACE   | query_time, 0.00013078749179840088
2024-05-16 20:48:16 | TRACE   | query_time, 0.00012098625302314758
2024-05-16 20:48:16 | TRACE   | query_time, 0.00012250244617462158
2024-05-16 20:48:16 | TRACE   | query_time, 0.00013081729412078857
2024-05-16 20:48:16 | TRACE   | query_time, 0.00013227015733718872
2024-05-16 20:48:16 | TRACE   | query_time, 0.00014932826161384583
2024-05-16 20:48:16 | TRACE   | query_time, 0.00014976412057876587
2024-05-16 20:48:16 | TRACE   | query_time, 0.00015390664339065552
2024-05-16 20:48:16 | TRACE   | query_time, 0.0001221001148223877
2024-05-16 20:48:16 | TRACE   | query_time, 0.00014125928282737732
2024-05-16 20:48:16 | TRACE   | query_time, 0.00012366101145744324
2024-05-16 20:48:16 | TRACE   | query_time, 0.00015082955360412598
2024-05-16 20:48:16 | TRACE   | query_time, 0.00014932453632354736
2024-05-16 20:48:16 | TRACE   | query_time, 0.0001406148076057434
2024-05-16 20:48:16 | TRACE   | query_time, 0.00012338533997535706
2024-05-16 20:48:16 | TRACE   | query_time, 0.00014936551451683044
2024-05-16 20:48:16 | TRACE   | query_time, 0.00014899671077728271
2024-05-16 20:48:16 | TRACE   | query_time, 0.00015093013644218445
2024-05-16 20:48:16 | TRACE   | query_time, 0.00012236833572387695
2024-05-16 20:48:16 | TRACE   | query_time, 0.00013136863708496094
2024-05-16 20:48:16 | TRACE   | query_time, 0.0001314803957939148
2024-05-16 20:48:16 | TRACE   | query_time, 0.0001308843493461609
2024-05-16 20:48:16 | TRACE   | query_time, 0.00013212114572525024
2024-05-16 20:48:16 | TRACE   | query_time, 0.00012198463082313538
2024-05-16 20:48:16 | TRACE   | query_time, 0.00013162940740585327
2024-05-16 20:48:16 | TRACE   | query_time, 0.00012109428644180298
2024-05-16 20:48:16 | TRACE   | query_time, 0.0001498498022556305
2024-05-16 20:48:16 | TRACE   | query_time, 0.000132095068693161
2024-05-16 20:48:16 | TRACE   | query_time, 0.00015079602599143982
2024-05-16 20:48:16 | TRACE   | query_time, 0.0001492612063884735
2024-05-16 20:48:16 | TRACE   | query_time, 0.00015156716108322144
2024-05-16 20:48:16 | TRACE   | query_time, 0.0001225993037223816
2024-05-16 20:48:16 | TRACE   | query_time, 0.00013075023889541626
2024-05-16 20:48:16 | TRACE   | query_time, 0.00012289360165596008
2024-05-16 20:48:16 | TRACE   | query_time, 0.00014091655611991882
2024-05-16 20:48:16 | TRACE   | query_time, 0.00015040859580039978
2024-05-16 20:48:16 | TRACE   | query_time, 0.00015056505799293518
2024-05-16 20:48:16 | TRACE   | query_time, 0.0001215711236000061
2024-05-16 20:48:16 | TRACE   | query_time, 0.00013218075037002563
2024-05-16 20:48:16 | TRACE   | query_time, 0.0001226179301738739
2024-05-16 20:48:16 | TRACE   | query_time, 0.0001317337155342102
2024-05-16 20:48:16 | TRACE   | query_time, 0.00012182071805000305
2024-05-16 20:48:16 | TRACE   | query_time, 0.00013126060366630554
2024-05-16 20:48:16 | TRACE   | query_time, 0.00015084818005561829
2024-05-16 20:48:16 | TRACE   | query_time, 0.00012082234025001526
2024-05-16 20:48:16 | TRACE   | query_time, 0.0001503564417362213
2024-05-16 20:48:16 | TRACE   | query_time, 0.00013138353824615479
2024-05-16 20:48:16 | TRACE   | query_time, 0.00012191012501716614
2024-05-16 20:48:16 | TRACE   | query_time, 0.00015255063772201538
2024-05-16 20:48:16 | TRACE   | query_time, 0.000141143798828125
2024-05-16 20:48:16 | TRACE   | query_time, 0.00012218579649925232
2024-05-16 20:48:16 | TRACE   | query_time, 0.00013143941760063171
2024-05-16 20:48:16 | TRACE   | query_time, 0.00014887750148773193
2024-05-16 20:48:16 | TRACE   | query_time, 0.00013110414147377014
2024-05-16 20:48:16 | TRACE   | query_time, 0.0001501627266407013
2024-05-16 20:48:16 | TRACE   | query_time, 0.00013225898146629333
2024-05-16 20:48:16 | TRACE   | query_time, 0.0001224912703037262
2024-05-16 20:48:16 | TRACE   | query_time, 0.0001308731734752655
2024-05-16 20:48:16 | TRACE   | query_time, 0.00012423843145370483
2024-05-16 20:48:16 | TRACE   | query_time, 0.00013190507888793945
2024-05-16 20:48:16 | TRACE   | query_time, 0.0001508183777332306
2024-05-16 20:48:16 | TRACE   | query_time, 0.00013177841901779175
2024-05-16 20:48:16 | TRACE   | query_time, 0.00014945119619369507
2024-05-16 20:48:16 | TRACE   | query_time, 0.00015048682689666748
2024-05-16 20:48:16 | TRACE   | query_time, 0.0001512467861175537
2024-05-16 20:48:16 | TRACE   | query_time, 0.00012242421507835388
2024-05-16 20:48:16 | TRACE   | query_time, 0.00013177841901779175
2024-05-16 20:48:16 | TRACE   | query_time, 0.00012221932411193848
2024-05-16 20:48:16 | TRACE   | query_time, 0.00012278184294700623
2024-05-16 20:48:16 | TRACE   | query_time, 0.00015322864055633545
2024-05-16 20:48:16 | TRACE   | query_time, 0.00014981254935264587
2024-05-16 20:48:16 | TRACE   | query_time, 0.00012192130088806152
2024-05-16 20:48:16 | TRACE   | query_time, 0.00013156235218048096
2024-05-16 20:48:16 | TRACE   | query_time, 0.0001217275857925415
2024-05-16 20:48:16 | TRACE   | query_time, 0.00012234598398208618
2024-05-16 20:48:16 | TRACE   | query_time, 0.00013067200779914856
2024-05-16 20:48:16 | TRACE   | query_time, 0.00012158602476119995
2024-05-16 20:48:16 | TRACE   | query_time, 0.000131167471408844
2024-05-16 20:48:16 | TRACE   | query_time, 0.00013041123747825623
2024-05-16 20:48:16 | TRACE   | query_time, 0.00014957040548324585
2024-05-16 20:48:16 | TRACE   | query_time, 0.0001495257019996643
2024-05-16 20:48:16 | TRACE   | query_time, 0.0001489892601966858
2024-05-16 20:48:16 | TRACE   | query_time, 0.00015052780508995056
2024-05-16 20:48:16 | TRACE   | query_time, 0.0001222752034664154
2024-05-16 20:48:16 | TRACE   | query_time, 0.00012233853340148926
2024-05-16 20:48:16 | TRACE   | query_time, 0.00026595592498779297
2024-05-16 20:48:16 | TRACE   | query_time, 0.00023885443806648254
2024-05-16 20:48:16 | TRACE   | query_time, 0.00030386820435523987
2024-05-16 20:48:16 | TRACE   | query_time, 0.00024042651057243347
2024-05-16 20:48:16 | TRACE   | query_time, 0.0002878904342651367
2024-05-16 20:48:16 | TRACE   | query_time, 0.00029899924993515015
2024-05-16 20:48:16 | TRACE   | query_time, 0.00025876984000205994
2024-05-16 20:48:16 | TRACE   | query_time, 0.00023836642503738403
2024-05-16 20:48:16 | TRACE   | query_time, 0.00028675422072410583
2024-05-16 20:48:16 | TRACE   | query_time, 0.00029579922556877136
2024-05-16 20:48:16 | TRACE   | query_time, 0.00024768710136413574
2024-05-16 20:48:16 | TRACE   | query_time, 0.00023980438709259033
2024-05-16 20:48:16 | TRACE   | query_time, 0.00029307231307029724
2024-05-16 20:48:16 | TRACE   | query_time, 0.00028630346059799194
2024-05-16 20:48:16 | TRACE   | query_time, 0.0002883151173591614
2024-05-16 20:48:16 | TRACE   | query_time, 0.0002514086663722992
2024-05-16 20:48:16 | TRACE   | query_time, 0.0002856031060218811
2024-05-16 20:48:16 | TRACE   | query_time, 0.00023766979575157166
2024-05-16 20:48:16 | TRACE   | query_time, 0.0002856813371181488
2024-05-16 20:48:16 | TRACE   | query_time, 0.00028846412897109985
2024-05-16 20:48:16 | TRACE   | query_time, 0.00023797154426574707
2024-05-16 20:48:16 | TRACE   | query_time, 0.0002872981131076813
2024-05-16 20:48:16 | TRACE   | query_time, 0.00023797526955604553
2024-05-16 20:48:16 | TRACE   | query_time, 0.0002472586929798126
2024-05-16 20:48:16 | TRACE   | query_time, 0.0002376660704612732
2024-05-16 20:48:16 | TRACE   | query_time, 0.00025527551770210266
2024-05-16 20:48:16 | TRACE   | query_time, 0.00023797154426574707
2024-05-16 20:48:16 | TRACE   | query_time, 0.0002908743917942047
2024-05-16 20:48:16 | TRACE   | query_time, 0.0002363733947277069
2024-05-16 20:48:16 | TRACE   | query_time, 0.0002842433750629425
2024-05-16 20:48:16 | TRACE   | query_time, 0.00023725256323814392
2024-05-16 20:48:16 | TRACE   | query_time, 0.00028458237648010254
2024-05-16 20:48:16 | TRACE   | query_time, 0.00023814663290977478
2024-05-16 20:48:16 | TRACE   | query_time, 0.00028458982706069946
2024-05-16 20:48:16 | TRACE   | query_time, 0.00023709982633590698
2024-05-16 20:48:16 | TRACE   | query_time, 0.0002869442105293274
2024-05-16 20:48:16 | TRACE   | query_time, 0.0002389773726463318
2024-05-16 20:48:16 | TRACE   | query_time, 0.0002656877040863037
2024-05-16 20:48:16 | TRACE   | query_time, 0.0002947486937046051
2024-05-16 20:48:16 | TRACE   | query_time, 0.00024064630270004272
2024-05-16 20:48:16 | TRACE   | query_time, 0.0002391710877418518
2024-05-16 20:48:16 | TRACE   | query_time, 0.00028441473841667175
2024-05-16 20:48:16 | TRACE   | query_time, 0.00023800134658813477
2024-05-16 20:48:16 | TRACE   | query_time, 0.0002835802733898163
2024-05-16 20:48:16 | TRACE   | query_time, 0.0002838224172592163
2024-05-16 20:48:16 | TRACE   | query_time, 0.0002390258014202118
2024-05-16 20:48:16 | TRACE   | query_time, 0.0002836398780345917
2024-05-16 20:48:16 | TRACE   | query_time, 0.0002473965287208557
2024-05-16 20:48:16 | TRACE   | query_time, 0.00029582157731056213
2024-05-16 20:48:16 | TRACE   | query_time, 0.00023669004440307617
2024-05-16 20:48:16 | TRACE   | query_time, 0.0002387315034866333
2024-05-16 20:48:16 | TRACE   | query_time, 0.00023866444826126099
2024-05-16 20:48:16 | TRACE   | query_time, 0.0014720186591148376
2024-05-16 20:48:16 | TRACE   | query_time, 0.0003125332295894623
2024-05-16 20:48:16 | TRACE   | query_time, 0.0002927221357822418
2024-05-16 20:48:16 | TRACE   | query_time, 0.00023818016052246094
2024-05-16 20:48:16 | TRACE   | query_time, 0.00025628507137298584
2024-05-16 20:48:16 | TRACE   | query_time, 0.00023745372891426086
2024-05-16 20:48:16 | TRACE   | query_time, 0.0002871602773666382
2024-05-16 20:48:16 | TRACE   | query_time, 0.0002374798059463501
2024-05-16 20:48:16 | TRACE   | query_time, 0.00028244778513908386
2024-05-16 20:48:16 | TRACE   | query_time, 0.0002412348985671997
2024-05-16 20:48:16 | TRACE   | query_time, 0.0002832487225532532
2024-05-16 20:48:16 | TRACE   | query_time, 0.0002836175262928009
2024-05-16 20:48:16 | TRACE   | query_time, 0.000292900949716568
2024-05-16 20:48:16 | TRACE   | query_time, 0.00024678558111190796
2024-05-16 20:48:16 | TRACE   | query_time, 0.00023782625794410706
2024-05-16 20:48:16 | TRACE   | query_time, 0.0002455785870552063
2024-05-16 20:48:16 | TRACE   | query_time, 0.00023609399795532227
2024-05-16 20:48:16 | TRACE   | query_time, 0.0002453252673149109
2024-05-16 20:48:16 | TRACE   | query_time, 0.00023603439331054688
2024-05-16 20:48:16 | TRACE   | query_time, 0.0002799965441226959
2024-05-16 20:48:16 | TRACE   | query_time, 0.00024605169892311096
2024-05-16 20:48:16 | TRACE   | query_time, 0.00028553977608680725
2024-05-16 20:48:16 | TRACE   | query_time, 0.00028204917907714844
2024-05-16 20:48:16 | TRACE   | query_time, 0.0002856031060218811
2024-05-16 20:48:16 | TRACE   | query_time, 0.0003006979823112488
2024-05-16 20:48:16 | TRACE   | query_time, 0.00025039538741111755
2024-05-16 20:48:16 | TRACE   | query_time, 0.00028581544756889343
2024-05-16 20:48:16 | TRACE   | query_time, 0.000284343957901001
2024-05-16 20:48:16 | TRACE   | query_time, 0.0002831295132637024
2024-05-16 20:48:16 | TRACE   | query_time, 0.000239640474319458
2024-05-16 20:48:16 | TRACE   | query_time, 0.00028293952345848083
2024-05-16 20:48:16 | TRACE   | query_time, 0.00023979321122169495
2024-05-16 20:48:16 | TRACE   | query_time, 0.00028562918305397034
2024-05-16 20:48:16 | TRACE   | query_time, 0.00024215131998062134
2024-05-16 20:48:16 | TRACE   | query_time, 0.00028448179364204407
2024-05-16 20:48:16 | TRACE   | query_time, 0.00026534125208854675
2024-05-16 20:48:16 | TRACE   | query_time, 0.000292900949716568
2024-05-16 20:48:16 | TRACE   | query_time, 0.00023769214749336243
2024-05-16 20:48:16 | TRACE   | query_time, 0.00023587793111801147
2024-05-16 20:48:16 | TRACE   | query_time, 0.00023861601948738098
2024-05-16 20:48:16 | TRACE   | query_time, 0.00023757293820381165
2024-05-16 20:48:16 | TRACE   | query_time, 0.00028286874294281006
2024-05-16 20:48:16 | TRACE   | query_time, 0.0002833046019077301
2024-05-16 20:48:16 | TRACE   | query_time, 0.00028172507882118225
2024-05-16 20:48:16 | TRACE   | query_time, 0.0002456158399581909
2024-05-16 20:48:16 | TRACE   | query_time, 0.0002363361418247223
2024-05-16 20:48:16 | TRACE   | query_time, 0.00025087594985961914
2024-05-16 20:48:16 | TRACE   | query_time, 0.0002837181091308594
2024-05-16 20:48:16 | TRACE   | query_time, 0.00028211623430252075
2024-05-16 20:48:16 | TRACE   | query_time, 0.00024685636162757874
2024-05-16 20:48:16 | TRACE   | query_time, 0.00024532899260520935
2024-05-16 20:48:16 | TRACE   | query_time, 0.0002826675772666931
2024-05-16 20:48:16 | TRACE   | query_time, 0.0002924725413322449
2024-05-16 20:48:16 | TRACE   | query_time, 0.00023853778839111328
2024-05-16 20:48:16 | TRACE   | query_time, 0.00023896992206573486
2024-05-16 20:48:16 | TRACE   | query_time, 0.0002383887767791748
2024-05-16 20:48:16 | TRACE   | query_time, 0.00029613450169563293
2024-05-16 20:48:16 | TRACE   | query_time, 0.00023776665329933167
2024-05-16 20:48:16 | TRACE   | query_time, 0.00028723105788230896
2024-05-16 20:48:16 | TRACE   | query_time, 0.0002833716571331024
2024-05-16 20:48:16 | TRACE   | query_time, 0.00028370320796966553
2024-05-16 20:48:16 | TRACE   | query_time, 0.0002856142818927765
2024-05-16 20:48:16 | TRACE   | query_time, 0.00023663043975830078
2024-05-16 20:48:16 | TRACE   | query_time, 0.00023756176233291626
2024-05-16 20:48:16 | TRACE   | query_time, 0.0002831108868122101
2024-05-16 20:48:16 | TRACE   | query_time, 0.0002479255199432373
2024-05-16 20:48:16 | TRACE   | query_time, 0.00028296932578086853
2024-05-16 20:48:16 | TRACE   | query_time, 0.0002472400665283203
2024-05-16 20:48:16 | TRACE   | query_time, 0.0002827644348144531
2024-05-16 20:48:16 | TRACE   | query_time, 0.00026629120111465454
2024-05-16 20:48:16 | TRACE   | query_time, 0.00023762881755828857
2024-05-16 20:48:16 | TRACE   | query_time, 0.0002419687807559967
2024-05-16 20:48:16 | TRACE   | query_time, 0.0002848096191883087
2024-05-16 20:48:16 | TRACE   | query_time, 0.00023842230439186096
2024-05-16 20:48:16 | TRACE   | query_time, 0.00028230994939804077
2024-05-16 20:48:16 | TRACE   | query_time, 0.0002840384840965271
2024-05-16 20:48:16 | TRACE   | query_time, 0.00024015828967094421
2024-05-16 20:48:16 | TRACE   | query_time, 0.00023835152387619019
2024-05-16 20:48:16 | TRACE   | query_time, 0.00028654560446739197
2024-05-16 20:48:16 | TRACE   | query_time, 0.0002832487225532532
2024-05-16 20:48:16 | TRACE   | query_time, 0.0002479143440723419
2024-05-16 20:48:16 | TRACE   | query_time, 0.0002834498882293701
2024-05-16 20:48:16 | TRACE   | query_time, 0.0002642720937728882
2024-05-16 20:48:16 | TRACE   | query_time, 0.00028525665402412415
2024-05-16 20:48:16 | TRACE   | query_time, 0.00029432401061058044
2024-05-16 20:48:16 | TRACE   | query_time, 0.0002471357583999634
2024-05-16 20:48:16 | TRACE   | query_time, 0.0002833232283592224
2024-05-16 20:48:16 | TRACE   | query_time, 0.0002830289304256439
2024-05-16 20:48:16 | TRACE   | query_time, 0.0002834536135196686
2024-05-16 20:48:16 | TRACE   | query_time, 0.00029135122895240784
2024-05-16 20:48:16 | TRACE   | query_time, 0.00023739784955978394
2024-05-16 20:48:16 | TRACE   | query_time, 0.0002828650176525116
2024-05-16 20:48:16 | TRACE   | query_time, 0.00024742260575294495
2024-05-16 20:48:16 | TRACE   | query_time, 0.0002841651439666748
2024-05-16 20:48:16 | TRACE   | query_time, 0.00023747235536575317
2024-05-16 20:48:16 | TRACE   | query_time, 0.0002961382269859314
2024-05-16 20:48:16 | TRACE   | query_time, 0.0002823732793331146
2024-05-16 20:48:16 | TRACE   | query_time, 0.0002928115427494049
2024-05-16 20:48:16 | TRACE   | query_time, 0.00028291717171669006
2024-05-16 20:48:16 | TRACE   | query_time, 0.00028446316719055176
2024-05-16 20:48:16 | TRACE   | query_time, 0.0002829991281032562
2024-05-16 20:48:16 | TRACE   | query_time, 0.00024776533246040344
2024-05-16 20:48:16 | TRACE   | query_time, 0.00028200075030326843
2024-05-16 20:48:16 | TRACE   | query_time, 0.0002469196915626526
2024-05-16 20:48:16 | TRACE   | query_time, 0.0002372749149799347
2024-05-16 20:48:16 | TRACE   | query_time, 0.00028288736939430237
2024-05-16 20:48:16 | TRACE   | query_time, 0.00030700117349624634
2024-05-16 20:48:16 | TRACE   | query_time, 0.000298473984003067
2024-05-16 20:48:16 | TRACE   | query_time, 0.00029375404119491577
2024-05-16 20:48:16 | TRACE   | query_time, 0.00033626705408096313
2024-05-16 20:48:16 | TRACE   | query_time, 0.0002941526472568512
2024-05-16 20:48:16 | TRACE   | query_time, 0.00033342838287353516
2024-05-16 20:48:16 | TRACE   | query_time, 0.0003019198775291443
2024-05-16 20:48:16 | TRACE   | query_time, 0.00033391639590263367
2024-05-16 20:48:16 | TRACE   | query_time, 0.0003322623670101166
2024-05-16 20:48:16 | TRACE   | query_time, 0.000344105064868927
2024-05-16 20:48:16 | TRACE   | query_time, 0.00033367425203323364
2024-05-16 20:48:16 | TRACE   | query_time, 0.00033395737409591675
2024-05-16 20:48:16 | TRACE   | query_time, 0.00033450499176979065
2024-05-16 20:48:16 | TRACE   | query_time, 0.00033235177397727966
2024-05-16 20:48:16 | TRACE   | query_time, 0.00030541419982910156
2024-05-16 20:48:16 | TRACE   | query_time, 0.0002953745424747467
2024-05-16 20:48:16 | TRACE   | query_time, 0.0003339536488056183
2024-05-16 20:48:16 | TRACE   | query_time, 0.00033120810985565186
2024-05-16 20:48:16 | TRACE   | query_time, 0.00033303722739219666
2024-05-16 20:48:16 | TRACE   | query_time, 0.0002948269248008728
2024-05-16 20:48:16 | TRACE   | query_time, 0.00029211491346359253
2024-05-16 20:48:16 | TRACE   | query_time, 0.0003329962491989136
2024-05-16 20:48:16 | TRACE   | query_time, 0.0003365613520145416
2024-05-16 20:48:16 | TRACE   | query_time, 0.0003435872495174408
2024-05-16 20:48:16 | TRACE   | query_time, 0.00030172616243362427
2024-05-16 20:48:16 | TRACE   | query_time, 0.00029434263706207275
2024-05-16 20:48:16 | TRACE   | query_time, 0.00033134594559669495
2024-05-16 20:48:16 | TRACE   | query_time, 0.0003311745822429657
2024-05-16 20:48:16 | TRACE   | query_time, 0.0003336220979690552
2024-05-16 20:48:16 | TRACE   | query_time, 0.0002962276339530945
2024-05-16 20:48:16 | TRACE   | query_time, 0.00030223652720451355
2024-05-16 20:48:16 | TRACE   | query_time, 0.00029470399022102356
2024-05-16 20:48:16 | TRACE   | query_time, 0.00033364444971084595
2024-05-16 20:48:16 | TRACE   | query_time, 0.0003361515700817108
2024-05-16 20:48:16 | TRACE   | query_time, 0.00030052661895751953
2024-05-16 20:48:16 | TRACE   | query_time, 0.00033223628997802734
2024-05-16 20:48:16 | TRACE   | query_time, 0.0003326050937175751
2024-05-16 20:48:16 | TRACE   | query_time, 0.0003170780837535858
2024-05-16 20:48:16 | TRACE   | query_time, 0.00029223039746284485
2024-05-16 20:48:16 | TRACE   | query_time, 0.00029185786843299866
2024-05-16 20:48:16 | TRACE   | query_time, 0.000339750200510025
2024-05-16 20:48:16 | TRACE   | query_time, 0.00029215216636657715
2024-05-16 20:48:16 | TRACE   | query_time, 0.0003307834267616272
2024-05-16 20:48:16 | TRACE   | query_time, 0.0003313720226287842
2024-05-16 20:48:16 | TRACE   | query_time, 0.00033464282751083374
2024-05-16 20:48:16 | TRACE   | query_time, 0.00029336288571357727
2024-05-16 20:48:16 | TRACE   | query_time, 0.000294417142868042
2024-05-16 20:48:16 | TRACE   | query_time, 0.0003041587769985199
2024-05-16 20:48:16 | TRACE   | query_time, 0.00029576197266578674
2024-05-16 20:48:16 | TRACE   | query_time, 0.0003361254930496216
2024-05-16 20:48:16 | TRACE   | query_time, 0.0003397315740585327
2024-05-16 20:48:16 | TRACE   | query_time, 0.0002975277602672577
2024-05-16 20:48:16 | TRACE   | query_time, 0.00033159181475639343
2024-05-16 20:48:16 | TRACE   | query_time, 0.00029406696557998657
2024-05-16 20:48:16 | TRACE   | query_time, 0.00030394643545150757
2024-05-16 20:48:16 | TRACE   | query_time, 0.0003301575779914856
2024-05-16 20:48:16 | TRACE   | query_time, 0.00030682235956192017
2024-05-16 20:48:16 | TRACE   | query_time, 0.0002929866313934326
2024-05-16 20:48:16 | TRACE   | query_time, 0.0003328174352645874
2024-05-16 20:48:16 | TRACE   | query_time, 0.0002910234034061432
2024-05-16 20:48:16 | TRACE   | query_time, 0.00033131614327430725
2024-05-16 20:48:16 | TRACE   | query_time, 0.0003322027623653412
2024-05-16 20:48:16 | TRACE   | query_time, 0.00034174323081970215
2024-05-16 20:48:16 | TRACE   | query_time, 0.0003312528133392334
2024-05-16 20:48:16 | TRACE   | query_time, 0.00033280253410339355
2024-05-16 20:48:16 | TRACE   | query_time, 0.0003061555325984955
2024-05-16 20:48:16 | TRACE   | query_time, 0.000301506370306015
2024-05-16 20:48:16 | TRACE   | query_time, 0.0003339909017086029
2024-05-16 20:48:16 | TRACE   | query_time, 0.00029391422867774963
2024-05-16 20:48:16 | TRACE   | query_time, 0.0002994164824485779
2024-05-16 20:48:16 | TRACE   | query_time, 0.0002936460077762604
2024-05-16 20:48:16 | TRACE   | query_time, 0.0002928636968135834
2024-05-16 20:48:16 | TRACE   | query_time, 0.0003098435699939728
2024-05-16 20:48:16 | TRACE   | query_time, 0.0003327317535877228
2024-05-16 20:48:16 | TRACE   | query_time, 0.000330556184053421
2024-05-16 20:48:16 | TRACE   | query_time, 0.0003352053463459015
2024-05-16 20:48:16 | TRACE   | query_time, 0.0003369562327861786
2024-05-16 20:48:16 | TRACE   | query_time, 0.00029394403100013733
2024-05-16 20:48:16 | TRACE   | query_time, 0.00033063068985939026
2024-05-16 20:48:16 | TRACE   | query_time, 0.00033341720700263977
2024-05-16 20:48:16 | TRACE   | query_time, 0.00029978156089782715
2024-05-16 20:48:16 | TRACE   | query_time, 0.00033193081617355347
2024-05-16 20:48:16 | TRACE   | query_time, 0.00033209845423698425
2024-05-16 20:48:16 | TRACE   | query_time, 0.00033244118094444275
2024-05-16 20:48:16 | TRACE   | query_time, 0.0003051050007343292
2024-05-16 20:48:16 | TRACE   | query_time, 0.00033265724778175354
2024-05-16 20:48:16 | TRACE   | query_time, 0.00034588202834129333
2024-05-16 20:48:16 | TRACE   | query_time, 0.00033191218972206116
2024-05-16 20:48:16 | TRACE   | query_time, 0.00029347464442253113
2024-05-16 20:48:16 | TRACE   | query_time, 0.0002930834889411926
2024-05-16 20:48:16 | TRACE   | query_time, 0.00029359012842178345
2024-05-16 20:48:16 | TRACE   | query_time, 0.0003330633044242859
2024-05-16 20:48:16 | TRACE   | query_time, 0.0003326311707496643
2024-05-16 20:48:16 | TRACE   | query_time, 0.0003410652279853821
2024-05-16 20:48:16 | TRACE   | query_time, 0.00034226104617118835
