2024-05-16 20:44:58 | DEBUG   | {'input': PosixPath('data/gittables/indices/runtime_benchmark/conversion.zst'), 'input_type': 'index', 'queries': PosixPath('data/gittables/queries/runtime_benchmark.zst'), 'estimation_mode': None, 'index_mode': 'recall', 'hist_filter': PosixPath('data/gittables/filters/01.zst'), 'output': None, 'workers': None, 'frequency_hists': False, 'suppress_results': True, 'log_level': 'INFO', 'log_file': PosixPath('logs/runtime_benchmark/low_selectivity/gittables-collection-conversion-single_suppressed-1.log')}
2024-05-16 20:44:58 | DEBUG   | Loading input data from data/gittables/indices/runtime_benchmark/conversion.zst
2024-05-16 20:45:15 | DEBUG   | Loading queries from data/gittables/queries/runtime_benchmark.zst
2024-05-16 20:45:15 | DEBUG   | Loading histogram filter from data/gittables/filters/01.zst
2024-05-16 20:45:15 | TRACE   | bootstrap_time, 16.92574716731906
2024-05-16 20:45:15 | DEBUG   | Starting execution
2024-05-16 20:46:13 | TRACE   | query_time, 0.00047584623098373413
2024-05-16 20:46:13 | TRACE   | query_time, 0.000179290771484375
2024-05-16 20:46:13 | TRACE   | query_time, 0.00014918670058250427
2024-05-16 20:46:13 | TRACE   | query_time, 0.00012331083416938782
2024-05-16 20:46:13 | TRACE   | query_time, 0.0001551210880279541
2024-05-16 20:46:13 | TRACE   | query_time, 0.00015878677368164062
2024-05-16 20:46:13 | TRACE   | query_time, 0.00013683736324310303
2024-05-16 20:46:13 | TRACE   | query_time, 0.0001375824213027954
2024-05-16 20:46:13 | TRACE   | query_time, 0.00013092905282974243
2024-05-16 20:46:13 | TRACE   | query_time, 0.00012063980102539062
2024-05-16 20:46:13 | TRACE   | query_time, 0.00013523921370506287
2024-05-16 20:46:13 | TRACE   | query_time, 0.0001330338418483734
2024-05-16 20:46:13 | TRACE   | query_time, 0.0001521855592727661
2024-05-16 20:46:13 | TRACE   | query_time, 0.00015873461961746216
2024-05-16 20:46:13 | TRACE   | query_time, 0.00012196600437164307
2024-05-16 20:46:13 | TRACE   | query_time, 0.0001219622790813446
2024-05-16 20:46:13 | TRACE   | query_time, 0.00014172866940498352
2024-05-16 20:46:13 | TRACE   | query_time, 0.00015142560005187988
2024-05-16 20:46:13 | TRACE   | query_time, 0.0001219622790813446
2024-05-16 20:46:13 | TRACE   | query_time, 0.0001321248710155487
2024-05-16 20:46:13 | TRACE   | query_time, 0.0001324191689491272
2024-05-16 20:46:13 | TRACE   | query_time, 0.000122707337141037
2024-05-16 20:46:13 | TRACE   | query_time, 0.00013235211372375488
2024-05-16 20:46:13 | TRACE   | query_time, 0.00015272200107574463
2024-05-16 20:46:13 | TRACE   | query_time, 0.0001565776765346527
2024-05-16 20:46:13 | TRACE   | query_time, 0.0001325160264968872
2024-05-16 20:46:13 | TRACE   | query_time, 0.00012158229947090149
2024-05-16 20:46:13 | TRACE   | query_time, 0.0001498796045780182
2024-05-16 20:46:13 | TRACE   | query_time, 0.00013891980051994324
2024-05-16 20:46:13 | TRACE   | query_time, 0.00012171640992164612
2024-05-16 20:46:13 | TRACE   | query_time, 0.00015113875269889832
2024-05-16 20:46:13 | TRACE   | query_time, 0.00015018880367279053
2024-05-16 20:46:13 | TRACE   | query_time, 0.00012543052434921265
2024-05-16 20:46:13 | TRACE   | query_time, 0.0001396872103214264
2024-05-16 20:46:13 | TRACE   | query_time, 0.00015508383512496948
2024-05-16 20:46:13 | TRACE   | query_time, 0.00015231594443321228
2024-05-16 20:46:13 | TRACE   | query_time, 0.00013106316328048706
2024-05-16 20:46:13 | TRACE   | query_time, 0.00013219937682151794
2024-05-16 20:46:13 | TRACE   | query_time, 0.00012389570474624634
2024-05-16 20:46:13 | TRACE   | query_time, 0.000149410218000412
2024-05-16 20:46:13 | TRACE   | query_time, 0.00015107542276382446
2024-05-16 20:46:13 | TRACE   | query_time, 0.00012895092368125916
2024-05-16 20:46:13 | TRACE   | query_time, 0.00014900043606758118
2024-05-16 20:46:13 | TRACE   | query_time, 0.00014792010188102722
2024-05-16 20:46:13 | TRACE   | query_time, 0.00012163445353507996
2024-05-16 20:46:13 | TRACE   | query_time, 0.00012952834367752075
2024-05-16 20:46:13 | TRACE   | query_time, 0.00011909753084182739
2024-05-16 20:46:13 | TRACE   | query_time, 0.00013905391097068787
2024-05-16 20:46:13 | TRACE   | query_time, 0.0001301690936088562
2024-05-16 20:46:13 | TRACE   | query_time, 0.00012029334902763367
2024-05-16 20:46:13 | TRACE   | query_time, 0.00012914836406707764
2024-05-16 20:46:13 | TRACE   | query_time, 0.00012130290269851685
2024-05-16 20:46:13 | TRACE   | query_time, 0.00013269856572151184
2024-05-16 20:46:13 | TRACE   | query_time, 0.00014923140406608582
2024-05-16 20:46:13 | TRACE   | query_time, 0.00015212222933769226
2024-05-16 20:46:13 | TRACE   | query_time, 0.00012838095426559448
2024-05-16 20:46:13 | TRACE   | query_time, 0.00012039020657539368
2024-05-16 20:46:13 | TRACE   | query_time, 0.00013794377446174622
2024-05-16 20:46:13 | TRACE   | query_time, 0.00011925399303436279
2024-05-16 20:46:13 | TRACE   | query_time, 0.00014742836356163025
2024-05-16 20:46:13 | TRACE   | query_time, 0.00011993199586868286
2024-05-16 20:46:13 | TRACE   | query_time, 0.00014799833297729492
2024-05-16 20:46:13 | TRACE   | query_time, 0.00014655664563179016
2024-05-16 20:46:13 | TRACE   | query_time, 0.00012006983160972595
2024-05-16 20:46:13 | TRACE   | query_time, 0.000148724764585495
2024-05-16 20:46:13 | TRACE   | query_time, 0.00012949854135513306
2024-05-16 20:46:13 | TRACE   | query_time, 0.00012075155973434448
2024-05-16 20:46:13 | TRACE   | query_time, 0.0001203194260597229
2024-05-16 20:46:13 | TRACE   | query_time, 0.00014644116163253784
2024-05-16 20:46:13 | TRACE   | query_time, 0.00012858957052230835
2024-05-16 20:46:13 | TRACE   | query_time, 0.0001476481556892395
2024-05-16 20:46:13 | TRACE   | query_time, 0.00012829899787902832
2024-05-16 20:46:13 | TRACE   | query_time, 0.00014628469944000244
2024-05-16 20:46:13 | TRACE   | query_time, 0.00014706701040267944
2024-05-16 20:46:13 | TRACE   | query_time, 0.00015669316053390503
2024-05-16 20:46:13 | TRACE   | query_time, 0.0001203492283821106
2024-05-16 20:46:13 | TRACE   | query_time, 0.00013835355639457703
2024-05-16 20:46:13 | TRACE   | query_time, 0.00014704465866088867
2024-05-16 20:46:13 | TRACE   | query_time, 0.00014751777052879333
2024-05-16 20:46:13 | TRACE   | query_time, 0.00012021884322166443
2024-05-16 20:46:13 | TRACE   | query_time, 0.00012895464897155762
2024-05-16 20:46:13 | TRACE   | query_time, 0.00012858211994171143
2024-05-16 20:46:13 | TRACE   | query_time, 0.00011908262968063354
2024-05-16 20:46:13 | TRACE   | query_time, 0.00012863799929618835
2024-05-16 20:46:13 | TRACE   | query_time, 0.00012925639748573303
2024-05-16 20:46:13 | TRACE   | query_time, 0.0001483224332332611
2024-05-16 20:46:13 | TRACE   | query_time, 0.00014971569180488586
2024-05-16 20:46:13 | TRACE   | query_time, 0.0001484490931034088
2024-05-16 20:46:13 | TRACE   | query_time, 0.00014602765440940857
2024-05-16 20:46:13 | TRACE   | query_time, 0.00011978670954704285
2024-05-16 20:46:13 | TRACE   | query_time, 0.00013872236013412476
2024-05-16 20:46:13 | TRACE   | query_time, 0.00011932477355003357
2024-05-16 20:46:13 | TRACE   | query_time, 0.0001471303403377533
2024-05-16 20:46:13 | TRACE   | query_time, 0.00012924149632453918
2024-05-16 20:46:13 | TRACE   | query_time, 0.00014525651931762695
2024-05-16 20:46:13 | TRACE   | query_time, 0.0001407340168952942
2024-05-16 20:46:13 | TRACE   | query_time, 0.0001195855438709259
2024-05-16 20:46:13 | TRACE   | query_time, 0.00014651939272880554
2024-05-16 20:46:13 | TRACE   | query_time, 0.00011910870671272278
2024-05-16 20:46:13 | TRACE   | query_time, 0.00012936070561408997
2024-05-16 20:46:13 | TRACE   | query_time, 0.00014728307723999023
2024-05-16 20:46:13 | TRACE   | query_time, 0.00012878701090812683
2024-05-16 20:46:13 | TRACE   | query_time, 0.00012900680303573608
2024-05-16 20:46:13 | TRACE   | query_time, 0.00013058260083198547
2024-05-16 20:46:13 | TRACE   | query_time, 0.00014643371105194092
2024-05-16 20:46:13 | TRACE   | query_time, 0.00013020262122154236
2024-05-16 20:46:13 | TRACE   | query_time, 0.0001493394374847412
2024-05-16 20:46:13 | TRACE   | query_time, 0.00014664232730865479
2024-05-16 20:46:13 | TRACE   | query_time, 0.0001457110047340393
2024-05-16 20:46:13 | TRACE   | query_time, 0.00013011693954467773
2024-05-16 20:46:13 | TRACE   | query_time, 0.00013800710439682007
2024-05-16 20:46:13 | TRACE   | query_time, 0.00012047961354255676
2024-05-16 20:46:13 | TRACE   | query_time, 0.0001188814640045166
2024-05-16 20:46:13 | TRACE   | query_time, 0.0001287497580051422
2024-05-16 20:46:13 | TRACE   | query_time, 0.00012787431478500366
2024-05-16 20:46:13 | TRACE   | query_time, 0.0001280456781387329
2024-05-16 20:46:13 | TRACE   | query_time, 0.00014999881386756897
2024-05-16 20:46:13 | TRACE   | query_time, 0.0001182258129119873
2024-05-16 20:46:13 | TRACE   | query_time, 0.00014648213982582092
2024-05-16 20:46:13 | TRACE   | query_time, 0.00012916699051856995
2024-05-16 20:46:13 | TRACE   | query_time, 0.00011833757162094116
2024-05-16 20:46:13 | TRACE   | query_time, 0.00013753771781921387
2024-05-16 20:46:13 | TRACE   | query_time, 0.00014601647853851318
2024-05-16 20:46:13 | TRACE   | query_time, 0.00012703239917755127
2024-05-16 20:46:13 | TRACE   | query_time, 0.00014707818627357483
2024-05-16 20:46:13 | TRACE   | query_time, 0.00013697519898414612
2024-05-16 20:46:13 | TRACE   | query_time, 0.0001194886863231659
2024-05-16 20:46:13 | TRACE   | query_time, 0.00014839321374893188
2024-05-16 20:46:13 | TRACE   | query_time, 0.00012088567018508911
2024-05-16 20:46:13 | TRACE   | query_time, 0.00012849271297454834
2024-05-16 20:46:13 | TRACE   | query_time, 0.00012753531336784363
2024-05-16 20:46:13 | TRACE   | query_time, 0.0001467280089855194
2024-05-16 20:46:13 | TRACE   | query_time, 0.00012823939323425293
2024-05-16 20:46:13 | TRACE   | query_time, 0.00012027472257614136
2024-05-16 20:46:13 | TRACE   | query_time, 0.000146523118019104
2024-05-16 20:46:13 | TRACE   | query_time, 0.00012903660535812378
2024-05-16 20:46:13 | TRACE   | query_time, 0.00014568865299224854
2024-05-16 20:46:13 | TRACE   | query_time, 0.00013250112533569336
2024-05-16 20:46:13 | TRACE   | query_time, 0.00014887377619743347
2024-05-16 20:46:13 | TRACE   | query_time, 0.00014609843492507935
2024-05-16 20:46:13 | TRACE   | query_time, 0.00011955201625823975
2024-05-16 20:46:13 | TRACE   | query_time, 0.00011979788541793823
2024-05-16 20:46:13 | TRACE   | query_time, 0.00013848021626472473
2024-05-16 20:46:13 | TRACE   | query_time, 0.0001472271978855133
2024-05-16 20:46:13 | TRACE   | query_time, 0.0001458786427974701
2024-05-16 20:46:13 | TRACE   | query_time, 0.00011951848864555359
2024-05-16 20:46:13 | TRACE   | query_time, 0.00012751668691635132
2024-05-16 20:46:13 | TRACE   | query_time, 0.00012762099504470825
2024-05-16 20:46:13 | TRACE   | query_time, 0.0001201927661895752
2024-05-16 20:46:13 | TRACE   | query_time, 0.00011967867612838745
2024-05-16 20:46:13 | TRACE   | query_time, 0.00011936947703361511
2024-05-16 20:46:13 | TRACE   | query_time, 0.00012922286987304688
2024-05-16 20:46:13 | TRACE   | query_time, 0.00012810155749320984
2024-05-16 20:46:13 | TRACE   | query_time, 0.0001457706093788147
2024-05-16 20:46:13 | TRACE   | query_time, 0.00011868774890899658
2024-05-16 20:46:13 | TRACE   | query_time, 0.0001465342938899994
2024-05-16 20:46:13 | TRACE   | query_time, 0.00012843310832977295
2024-05-16 20:46:13 | TRACE   | query_time, 0.00011960044503211975
2024-05-16 20:46:13 | TRACE   | query_time, 0.00012455880641937256
2024-05-16 20:46:13 | TRACE   | query_time, 0.0001480206847190857
2024-05-16 20:46:13 | TRACE   | query_time, 0.0001201629638671875
2024-05-16 20:46:13 | TRACE   | query_time, 0.00014720484614372253
2024-05-16 20:46:13 | TRACE   | query_time, 0.0001462399959564209
2024-05-16 20:46:13 | TRACE   | query_time, 0.00012069195508956909
2024-05-16 20:46:13 | TRACE   | query_time, 0.00014686211943626404
2024-05-16 20:46:13 | TRACE   | query_time, 0.00012841448187828064
2024-05-16 20:46:13 | TRACE   | query_time, 0.00012909993529319763
2024-05-16 20:46:13 | TRACE   | query_time, 0.00012053921818733215
2024-05-16 20:46:13 | TRACE   | query_time, 0.00012937188148498535
2024-05-16 20:46:13 | TRACE   | query_time, 0.0001274608075618744
2024-05-16 20:46:13 | TRACE   | query_time, 0.00013075023889541626
2024-05-16 20:46:13 | TRACE   | query_time, 0.00014762580394744873
2024-05-16 20:46:13 | TRACE   | query_time, 0.00014685094356536865
2024-05-16 20:46:13 | TRACE   | query_time, 0.0001184120774269104
2024-05-16 20:46:13 | TRACE   | query_time, 0.00011958926916122437
2024-05-16 20:46:13 | TRACE   | query_time, 0.00013836100697517395
2024-05-16 20:46:13 | TRACE   | query_time, 0.00011952221393585205
2024-05-16 20:46:13 | TRACE   | query_time, 0.00012939050793647766
2024-05-16 20:46:13 | TRACE   | query_time, 0.0001296214759349823
2024-05-16 20:46:13 | TRACE   | query_time, 0.00012280046939849854
2024-05-16 20:46:13 | TRACE   | query_time, 0.00012739375233650208
2024-05-16 20:46:13 | TRACE   | query_time, 0.00012855231761932373
2024-05-16 20:46:13 | TRACE   | query_time, 0.00012739375233650208
2024-05-16 20:46:13 | TRACE   | query_time, 0.00014538317918777466
2024-05-16 20:46:13 | TRACE   | query_time, 0.00014674291014671326
2024-05-16 20:46:13 | TRACE   | query_time, 0.00011996179819107056
2024-05-16 20:46:13 | TRACE   | query_time, 0.00012807920575141907
2024-05-16 20:46:13 | TRACE   | query_time, 0.00012005865573883057
2024-05-16 20:46:13 | TRACE   | query_time, 0.00013647973537445068
2024-05-16 20:46:13 | TRACE   | query_time, 0.00012119114398956299
2024-05-16 20:46:13 | TRACE   | query_time, 0.0001473948359489441
2024-05-16 20:46:13 | TRACE   | query_time, 0.00012890994548797607
2024-05-16 20:46:13 | TRACE   | query_time, 0.00014818832278251648
2024-05-16 20:46:13 | TRACE   | query_time, 0.00012020394206047058
2024-05-16 20:46:13 | TRACE   | query_time, 0.00014583393931388855
2024-05-16 20:46:13 | TRACE   | query_time, 0.00014670193195343018
2024-05-16 20:46:13 | TRACE   | query_time, 0.00014541670680046082
2024-05-16 20:46:13 | TRACE   | query_time, 0.00012010335922241211
2024-05-16 20:46:13 | TRACE   | query_time, 0.00012833625078201294
2024-05-16 20:46:13 | TRACE   | query_time, 0.00012867897748947144
2024-05-16 20:46:13 | TRACE   | query_time, 0.00012388452887535095
2024-05-16 20:46:13 | TRACE   | query_time, 0.0001301802694797516
2024-05-16 20:46:13 | TRACE   | query_time, 0.00011874362826347351
2024-05-16 20:46:13 | TRACE   | query_time, 0.000145837664604187
2024-05-16 20:46:13 | TRACE   | query_time, 0.00012892112135887146
2024-05-16 20:46:13 | TRACE   | query_time, 0.00014675408601760864
2024-05-16 20:46:13 | TRACE   | query_time, 0.00014680996537208557
2024-05-16 20:46:13 | TRACE   | query_time, 0.00011939927935600281
2024-05-16 20:46:13 | TRACE   | query_time, 0.0001288279891014099
2024-05-16 20:46:13 | TRACE   | query_time, 0.00011911988258361816
2024-05-16 20:46:13 | TRACE   | query_time, 0.0001204274594783783
2024-05-16 20:46:13 | TRACE   | query_time, 0.00013677403330802917
2024-05-16 20:46:13 | TRACE   | query_time, 0.000145789235830307
2024-05-16 20:46:13 | TRACE   | query_time, 0.00014572590589523315
2024-05-16 20:46:13 | TRACE   | query_time, 0.00012036412954330444
2024-05-16 20:46:13 | TRACE   | query_time, 0.00012902915477752686
2024-05-16 20:46:13 | TRACE   | query_time, 0.00011910870671272278
2024-05-16 20:46:13 | TRACE   | query_time, 0.00011915341019630432
2024-05-16 20:46:13 | TRACE   | query_time, 0.00012791529297828674
2024-05-16 20:46:13 | TRACE   | query_time, 0.00012840330600738525
2024-05-16 20:46:13 | TRACE   | query_time, 0.00014659389853477478
2024-05-16 20:46:13 | TRACE   | query_time, 0.00014987587928771973
2024-05-16 20:46:13 | TRACE   | query_time, 0.00011979416012763977
2024-05-16 20:46:13 | TRACE   | query_time, 0.0001474730670452118
2024-05-16 20:46:13 | TRACE   | query_time, 0.00014612451195716858
2024-05-16 20:46:13 | TRACE   | query_time, 0.00013700127601623535
2024-05-16 20:46:13 | TRACE   | query_time, 0.00011935457587242126
2024-05-16 20:46:13 | TRACE   | query_time, 0.00014737993478775024
2024-05-16 20:46:13 | TRACE   | query_time, 0.00014763697981834412
2024-05-16 20:46:13 | TRACE   | query_time, 0.00011957436800003052
2024-05-16 20:46:13 | TRACE   | query_time, 0.00014623254537582397
2024-05-16 20:46:13 | TRACE   | query_time, 0.00011948496103286743
2024-05-16 20:46:13 | TRACE   | query_time, 0.00013008713722229004
2024-05-16 20:46:13 | TRACE   | query_time, 0.00014582276344299316
2024-05-16 20:46:13 | TRACE   | query_time, 0.0001296401023864746
2024-05-16 20:46:13 | TRACE   | query_time, 0.0001283586025238037
2024-05-16 20:46:13 | TRACE   | query_time, 0.00011983141303062439
2024-05-16 20:46:13 | TRACE   | query_time, 0.00012871623039245605
2024-05-16 20:46:13 | TRACE   | query_time, 0.00014666840434074402
2024-05-16 20:46:13 | TRACE   | query_time, 0.000128135085105896
2024-05-16 20:46:13 | TRACE   | query_time, 0.00014641135931015015
2024-05-16 20:46:13 | TRACE   | query_time, 0.00014486163854599
2024-05-16 20:46:13 | TRACE   | query_time, 0.0001216009259223938
2024-05-16 20:46:13 | TRACE   | query_time, 0.00012865662574768066
2024-05-16 20:46:13 | TRACE   | query_time, 0.0001189298927783966
2024-05-16 20:46:13 | TRACE   | query_time, 0.00013718381524085999
2024-05-16 20:46:13 | TRACE   | query_time, 0.0001476593315601349
2024-05-16 20:46:13 | TRACE   | query_time, 0.0001461617648601532
2024-05-16 20:46:13 | TRACE   | query_time, 0.00012961402535438538
2024-05-16 20:46:13 | TRACE   | query_time, 0.0001189112663269043
2024-05-16 20:46:13 | TRACE   | query_time, 0.0001204460859298706
2024-05-16 20:46:13 | TRACE   | query_time, 0.00012858211994171143
2024-05-16 20:46:13 | TRACE   | query_time, 0.00012920796871185303
2024-05-16 20:46:13 | TRACE   | query_time, 0.00014670193195343018
2024-05-16 20:46:13 | TRACE   | query_time, 0.0001465529203414917
2024-05-16 20:46:13 | TRACE   | query_time, 0.00014729052782058716
2024-05-16 20:46:13 | TRACE   | query_time, 0.00011970475316047668
2024-05-16 20:46:13 | TRACE   | query_time, 0.00013612210750579834
2024-05-16 20:46:13 | TRACE   | query_time, 0.00011895224452018738
2024-05-16 20:46:13 | TRACE   | query_time, 0.00014635547995567322
2024-05-16 20:46:13 | TRACE   | query_time, 0.0001453198492527008
2024-05-16 20:46:13 | TRACE   | query_time, 0.0001378953456878662
2024-05-16 20:46:13 | TRACE   | query_time, 0.00011934340000152588
2024-05-16 20:46:13 | TRACE   | query_time, 0.00015006214380264282
2024-05-16 20:46:13 | TRACE   | query_time, 0.0001476481556892395
2024-05-16 20:46:13 | TRACE   | query_time, 0.00014683976769447327
2024-05-16 20:46:13 | TRACE   | query_time, 0.00011885538697242737
2024-05-16 20:46:13 | TRACE   | query_time, 0.0001289844512939453
2024-05-16 20:46:13 | TRACE   | query_time, 0.00012956932187080383
2024-05-16 20:46:13 | TRACE   | query_time, 0.00012858957052230835
2024-05-16 20:46:13 | TRACE   | query_time, 0.00012875348329544067
2024-05-16 20:46:13 | TRACE   | query_time, 0.00011865422129631042
2024-05-16 20:46:13 | TRACE   | query_time, 0.00012777745723724365
2024-05-16 20:46:13 | TRACE   | query_time, 0.0001199282705783844
2024-05-16 20:46:13 | TRACE   | query_time, 0.00014739856123924255
2024-05-16 20:46:13 | TRACE   | query_time, 0.00012943148612976074
2024-05-16 20:46:13 | TRACE   | query_time, 0.00014695152640342712
2024-05-16 20:46:13 | TRACE   | query_time, 0.00014678016304969788
2024-05-16 20:46:13 | TRACE   | query_time, 0.00014558061957359314
2024-05-16 20:46:13 | TRACE   | query_time, 0.00011979416012763977
2024-05-16 20:46:13 | TRACE   | query_time, 0.00012856721878051758
2024-05-16 20:46:13 | TRACE   | query_time, 0.00012079253792762756
2024-05-16 20:46:13 | TRACE   | query_time, 0.00013744458556175232
2024-05-16 20:46:13 | TRACE   | query_time, 0.00014785677194595337
2024-05-16 20:46:13 | TRACE   | query_time, 0.0001490674912929535
2024-05-16 20:46:13 | TRACE   | query_time, 0.00011848285794258118
2024-05-16 20:46:13 | TRACE   | query_time, 0.00013035908341407776
2024-05-16 20:46:13 | TRACE   | query_time, 0.00012024492025375366
2024-05-16 20:46:13 | TRACE   | query_time, 0.00012817606329917908
2024-05-16 20:46:13 | TRACE   | query_time, 0.00011958181858062744
2024-05-16 20:46:13 | TRACE   | query_time, 0.00012946128845214844
2024-05-16 20:46:13 | TRACE   | query_time, 0.0001468174159526825
2024-05-16 20:46:13 | TRACE   | query_time, 0.0001195855438709259
2024-05-16 20:46:13 | TRACE   | query_time, 0.0001472271978855133
2024-05-16 20:46:13 | TRACE   | query_time, 0.00012787804007530212
2024-05-16 20:46:13 | TRACE   | query_time, 0.00011913105845451355
2024-05-16 20:46:13 | TRACE   | query_time, 0.00014591217041015625
2024-05-16 20:46:13 | TRACE   | query_time, 0.0001375824213027954
2024-05-16 20:46:13 | TRACE   | query_time, 0.00011905655264854431
2024-05-16 20:46:13 | TRACE   | query_time, 0.0001295432448387146
2024-05-16 20:46:13 | TRACE   | query_time, 0.0001479312777519226
2024-05-16 20:46:13 | TRACE   | query_time, 0.00012775138020515442
2024-05-16 20:46:13 | TRACE   | query_time, 0.0001470036804676056
2024-05-16 20:46:13 | TRACE   | query_time, 0.00012914463877677917
2024-05-16 20:46:13 | TRACE   | query_time, 0.0001192241907119751
2024-05-16 20:46:13 | TRACE   | query_time, 0.00013314560055732727
2024-05-16 20:46:13 | TRACE   | query_time, 0.00011988356709480286
2024-05-16 20:46:13 | TRACE   | query_time, 0.0001287311315536499
2024-05-16 20:46:13 | TRACE   | query_time, 0.00014814361929893494
2024-05-16 20:46:13 | TRACE   | query_time, 0.0001292489469051361
2024-05-16 20:46:13 | TRACE   | query_time, 0.00014704465866088867
2024-05-16 20:46:13 | TRACE   | query_time, 0.00014722347259521484
2024-05-16 20:46:13 | TRACE   | query_time, 0.0001471489667892456
2024-05-16 20:46:13 | TRACE   | query_time, 0.00011992454528808594
2024-05-16 20:46:13 | TRACE   | query_time, 0.00012877583503723145
2024-05-16 20:46:13 | TRACE   | query_time, 0.00011822953820228577
2024-05-16 20:46:13 | TRACE   | query_time, 0.00011947378516197205
2024-05-16 20:46:13 | TRACE   | query_time, 0.0001466497778892517
2024-05-16 20:46:13 | TRACE   | query_time, 0.0001477375626564026
2024-05-16 20:46:13 | TRACE   | query_time, 0.00012005865573883057
2024-05-16 20:46:13 | TRACE   | query_time, 0.0001291409134864807
2024-05-16 20:46:13 | TRACE   | query_time, 0.00011946633458137512
2024-05-16 20:46:13 | TRACE   | query_time, 0.00011897459626197815
2024-05-16 20:46:13 | TRACE   | query_time, 0.00012895092368125916
2024-05-16 20:46:13 | TRACE   | query_time, 0.00011958181858062744
2024-05-16 20:46:13 | TRACE   | query_time, 0.0001299940049648285
2024-05-16 20:46:13 | TRACE   | query_time, 0.00013229995965957642
2024-05-16 20:46:13 | TRACE   | query_time, 0.000147305428981781
2024-05-16 20:46:13 | TRACE   | query_time, 0.00014632195234298706
2024-05-16 20:46:13 | TRACE   | query_time, 0.00014618784189224243
2024-05-16 20:46:13 | TRACE   | query_time, 0.00014495104551315308
2024-05-16 20:46:13 | TRACE   | query_time, 0.00011960789561271667
2024-05-16 20:46:13 | TRACE   | query_time, 0.0001195855438709259
2024-05-16 20:46:13 | TRACE   | query_time, 0.0002644173800945282
2024-05-16 20:46:13 | TRACE   | query_time, 0.00023394450545310974
2024-05-16 20:46:13 | TRACE   | query_time, 0.00029822811484336853
2024-05-16 20:46:13 | TRACE   | query_time, 0.00023424625396728516
2024-05-16 20:46:13 | TRACE   | query_time, 0.00028466060757637024
2024-05-16 20:46:13 | TRACE   | query_time, 0.0002939850091934204
2024-05-16 20:46:13 | TRACE   | query_time, 0.00025297701358795166
2024-05-16 20:46:13 | TRACE   | query_time, 0.00023432821035385132
2024-05-16 20:46:13 | TRACE   | query_time, 0.00028736889362335205
2024-05-16 20:46:13 | TRACE   | query_time, 0.00029153376817703247
2024-05-16 20:46:13 | TRACE   | query_time, 0.00024413317441940308
2024-05-16 20:46:13 | TRACE   | query_time, 0.00023385509848594666
2024-05-16 20:46:13 | TRACE   | query_time, 0.0002896040678024292
2024-05-16 20:46:13 | TRACE   | query_time, 0.0002799518406391144
2024-05-16 20:46:13 | TRACE   | query_time, 0.00028358399868011475
2024-05-16 20:46:13 | TRACE   | query_time, 0.00024338439106941223
2024-05-16 20:46:13 | TRACE   | query_time, 0.0002821125090122223
2024-05-16 20:46:13 | TRACE   | query_time, 0.00023408979177474976
2024-05-16 20:46:13 | TRACE   | query_time, 0.00028257817029953003
2024-05-16 20:46:13 | TRACE   | query_time, 0.00028109923005104065
2024-05-16 20:46:13 | TRACE   | query_time, 0.0002400428056716919
2024-05-16 20:46:13 | TRACE   | query_time, 0.0002820342779159546
2024-05-16 20:46:13 | TRACE   | query_time, 0.0002337321639060974
2024-05-16 20:46:13 | TRACE   | query_time, 0.00024222582578659058
2024-05-16 20:46:13 | TRACE   | query_time, 0.00023342669010162354
2024-05-16 20:46:13 | TRACE   | query_time, 0.0002515166997909546
2024-05-16 20:46:13 | TRACE   | query_time, 0.00023471564054489136
2024-05-16 20:46:13 | TRACE   | query_time, 0.0002801753580570221
2024-05-16 20:46:13 | TRACE   | query_time, 0.00023562461137771606
2024-05-16 20:46:13 | TRACE   | query_time, 0.0002791658043861389
2024-05-16 20:46:13 | TRACE   | query_time, 0.00023445859551429749
2024-05-16 20:46:13 | TRACE   | query_time, 0.0002774260938167572
2024-05-16 20:46:13 | TRACE   | query_time, 0.00023579224944114685
2024-05-16 20:46:13 | TRACE   | query_time, 0.00028417259454727173
2024-05-16 20:46:13 | TRACE   | query_time, 0.00023414194583892822
2024-05-16 20:46:13 | TRACE   | query_time, 0.0002805553376674652
2024-05-16 20:46:13 | TRACE   | query_time, 0.00023378431797027588
2024-05-16 20:46:13 | TRACE   | query_time, 0.0002634488046169281
2024-05-16 20:46:13 | TRACE   | query_time, 0.000288594514131546
2024-05-16 20:46:13 | TRACE   | query_time, 0.00023585930466651917
2024-05-16 20:46:13 | TRACE   | query_time, 0.00023421645164489746
2024-05-16 20:46:13 | TRACE   | query_time, 0.00027500465512275696
2024-05-16 20:46:13 | TRACE   | query_time, 0.00023429840803146362
2024-05-16 20:46:13 | TRACE   | query_time, 0.0002768673002719879
2024-05-16 20:46:13 | TRACE   | query_time, 0.0002798624336719513
2024-05-16 20:46:13 | TRACE   | query_time, 0.0002331845462322235
2024-05-16 20:46:13 | TRACE   | query_time, 0.00028184428811073303
2024-05-16 20:46:13 | TRACE   | query_time, 0.0002439357340335846
2024-05-16 20:46:13 | TRACE   | query_time, 0.0002923011779785156
2024-05-16 20:46:13 | TRACE   | query_time, 0.0002351999282836914
2024-05-16 20:46:13 | TRACE   | query_time, 0.00023632124066352844
2024-05-16 20:46:13 | TRACE   | query_time, 0.0002338699996471405
2024-05-16 20:46:13 | TRACE   | query_time, 0.0002344287931919098
2024-05-16 20:46:13 | TRACE   | query_time, 0.0002760477364063263
2024-05-16 20:46:13 | TRACE   | query_time, 0.00028799474239349365
2024-05-16 20:46:13 | TRACE   | query_time, 0.000234946608543396
2024-05-16 20:46:13 | TRACE   | query_time, 0.0002514384686946869
2024-05-16 20:46:13 | TRACE   | query_time, 0.00023475289344787598
2024-05-16 20:46:13 | TRACE   | query_time, 0.00028206780552864075
2024-05-16 20:46:13 | TRACE   | query_time, 0.00023517385125160217
2024-05-16 20:46:13 | TRACE   | query_time, 0.0002790279686450958
2024-05-16 20:46:13 | TRACE   | query_time, 0.00023576617240905762
2024-05-16 20:46:13 | TRACE   | query_time, 0.00027683377265930176
2024-05-16 20:46:13 | TRACE   | query_time, 0.0002824738621711731
2024-05-16 20:46:13 | TRACE   | query_time, 0.00028675422072410583
2024-05-16 20:46:13 | TRACE   | query_time, 0.00024452805519104004
2024-05-16 20:46:13 | TRACE   | query_time, 0.0002354755997657776
2024-05-16 20:46:13 | TRACE   | query_time, 0.000242672860622406
2024-05-16 20:46:13 | TRACE   | query_time, 0.000237196683883667
2024-05-16 20:46:13 | TRACE   | query_time, 0.00024269521236419678
2024-05-16 20:46:13 | TRACE   | query_time, 0.00023445859551429749
2024-05-16 20:46:13 | TRACE   | query_time, 0.0002834796905517578
2024-05-16 20:46:13 | TRACE   | query_time, 0.0002440325915813446
2024-05-16 20:46:13 | TRACE   | query_time, 0.00027654320001602173
2024-05-16 20:46:13 | TRACE   | query_time, 0.00027883052825927734
2024-05-16 20:46:13 | TRACE   | query_time, 0.0002793446183204651
2024-05-16 20:46:13 | TRACE   | query_time, 0.00029662251472473145
2024-05-16 20:46:13 | TRACE   | query_time, 0.000243503600358963
2024-05-16 20:46:13 | TRACE   | query_time, 0.00028398633003234863
2024-05-16 20:46:13 | TRACE   | query_time, 0.0002770163118839264
2024-05-16 20:46:13 | TRACE   | query_time, 0.0002795755863189697
2024-05-16 20:46:13 | TRACE   | query_time, 0.0002358555793762207
2024-05-16 20:46:13 | TRACE   | query_time, 0.0002802610397338867
2024-05-16 20:46:13 | TRACE   | query_time, 0.00023762881755828857
2024-05-16 20:46:13 | TRACE   | query_time, 0.00027950480580329895
2024-05-16 20:46:13 | TRACE   | query_time, 0.00023634359240531921
2024-05-16 20:46:13 | TRACE   | query_time, 0.0002798140048980713
2024-05-16 20:46:13 | TRACE   | query_time, 0.0002622529864311218
2024-05-16 20:46:13 | TRACE   | query_time, 0.0002909712493419647
2024-05-16 20:46:13 | TRACE   | query_time, 0.00023666396737098694
2024-05-16 20:46:13 | TRACE   | query_time, 0.00023498386144638062
2024-05-16 20:46:13 | TRACE   | query_time, 0.00023373588919639587
2024-05-16 20:46:13 | TRACE   | query_time, 0.0002344958484172821
2024-05-16 20:46:13 | TRACE   | query_time, 0.0002800002694129944
2024-05-16 20:46:13 | TRACE   | query_time, 0.00027969852089881897
2024-05-16 20:46:13 | TRACE   | query_time, 0.0002801530063152313
2024-05-16 20:46:13 | TRACE   | query_time, 0.00024711713194847107
2024-05-16 20:46:13 | TRACE   | query_time, 0.0002327747642993927
2024-05-16 20:46:13 | TRACE   | query_time, 0.0002446696162223816
2024-05-16 20:46:13 | TRACE   | query_time, 0.00027727335691452026
2024-05-16 20:46:13 | TRACE   | query_time, 0.00027852877974510193
2024-05-16 20:46:13 | TRACE   | query_time, 0.00024244561791419983
2024-05-16 20:46:13 | TRACE   | query_time, 0.00024284794926643372
2024-05-16 20:46:13 | TRACE   | query_time, 0.0002788715064525604
2024-05-16 20:46:13 | TRACE   | query_time, 0.0002893395721912384
2024-05-16 20:46:13 | TRACE   | query_time, 0.00023242086172103882
2024-05-16 20:46:13 | TRACE   | query_time, 0.00023515895009040833
2024-05-16 20:46:13 | TRACE   | query_time, 0.00023443996906280518
2024-05-16 20:46:13 | TRACE   | query_time, 0.00028973445296287537
2024-05-16 20:46:13 | TRACE   | query_time, 0.0013270974159240723
2024-05-16 20:46:13 | TRACE   | query_time, 0.0002914257347583771
2024-05-16 20:46:13 | TRACE   | query_time, 0.0002790577709674835
2024-05-16 20:46:13 | TRACE   | query_time, 0.000278715044260025
2024-05-16 20:46:13 | TRACE   | query_time, 0.00028111040592193604
2024-05-16 20:46:13 | TRACE   | query_time, 0.00023367628455162048
2024-05-16 20:46:13 | TRACE   | query_time, 0.00023391097784042358
2024-05-16 20:46:13 | TRACE   | query_time, 0.00027916207909584045
2024-05-16 20:46:13 | TRACE   | query_time, 0.00024434924125671387
2024-05-16 20:46:13 | TRACE   | query_time, 0.0002847835421562195
2024-05-16 20:46:13 | TRACE   | query_time, 0.0002423115074634552
2024-05-16 20:46:13 | TRACE   | query_time, 0.00027834996581077576
2024-05-16 20:46:13 | TRACE   | query_time, 0.00026088207960128784
2024-05-16 20:46:13 | TRACE   | query_time, 0.0002332553267478943
2024-05-16 20:46:13 | TRACE   | query_time, 0.00023622065782546997
2024-05-16 20:46:13 | TRACE   | query_time, 0.0002801157534122467
2024-05-16 20:46:13 | TRACE   | query_time, 0.00023550167679786682
2024-05-16 20:46:13 | TRACE   | query_time, 0.00027695298194885254
2024-05-16 20:46:13 | TRACE   | query_time, 0.00027896836400032043
2024-05-16 20:46:13 | TRACE   | query_time, 0.00023568421602249146
2024-05-16 20:46:13 | TRACE   | query_time, 0.0002355910837650299
2024-05-16 20:46:13 | TRACE   | query_time, 0.00028372928500175476
2024-05-16 20:46:13 | TRACE   | query_time, 0.0002780631184577942
2024-05-16 20:46:13 | TRACE   | query_time, 0.00024394690990447998
2024-05-16 20:46:13 | TRACE   | query_time, 0.0002775713801383972
2024-05-16 20:46:13 | TRACE   | query_time, 0.00026070326566696167
2024-05-16 20:46:13 | TRACE   | query_time, 0.00027837976813316345
2024-05-16 20:46:13 | TRACE   | query_time, 0.00029105693101882935
2024-05-16 20:46:13 | TRACE   | query_time, 0.0002433396875858307
2024-05-16 20:46:13 | TRACE   | query_time, 0.0002778545022010803
2024-05-16 20:46:13 | TRACE   | query_time, 0.00027956441044807434
2024-05-16 20:46:13 | TRACE   | query_time, 0.0002781189978122711
2024-05-16 20:46:13 | TRACE   | query_time, 0.0002877861261367798
2024-05-16 20:46:13 | TRACE   | query_time, 0.0002352297306060791
2024-05-16 20:46:13 | TRACE   | query_time, 0.00028096139430999756
2024-05-16 20:46:13 | TRACE   | query_time, 0.00024260208010673523
2024-05-16 20:46:13 | TRACE   | query_time, 0.0002817995846271515
2024-05-16 20:46:13 | TRACE   | query_time, 0.0002361387014389038
2024-05-16 20:46:13 | TRACE   | query_time, 0.0002872943878173828
2024-05-16 20:46:13 | TRACE   | query_time, 0.0002797357738018036
2024-05-16 20:46:13 | TRACE   | query_time, 0.0002887509763240814
2024-05-16 20:46:13 | TRACE   | query_time, 0.00027871131896972656
2024-05-16 20:46:13 | TRACE   | query_time, 0.0002806149423122406
2024-05-16 20:46:13 | TRACE   | query_time, 0.00027854740619659424
2024-05-16 20:46:13 | TRACE   | query_time, 0.00024319440126419067
2024-05-16 20:46:13 | TRACE   | query_time, 0.0002785101532936096
2024-05-16 20:46:13 | TRACE   | query_time, 0.00024594366550445557
2024-05-16 20:46:13 | TRACE   | query_time, 0.00023420900106430054
2024-05-16 20:46:13 | TRACE   | query_time, 0.0002807602286338806
2024-05-16 20:46:13 | TRACE   | query_time, 0.00030455365777015686
2024-05-16 20:46:13 | TRACE   | query_time, 0.0002905502915382385
2024-05-16 20:46:13 | TRACE   | query_time, 0.00028895214200019836
2024-05-16 20:46:13 | TRACE   | query_time, 0.0003307424485683441
2024-05-16 20:46:13 | TRACE   | query_time, 0.0002898313105106354
2024-05-16 20:46:13 | TRACE   | query_time, 0.0003300420939922333
2024-05-16 20:46:13 | TRACE   | query_time, 0.0002963654696941376
2024-05-16 20:46:13 | TRACE   | query_time, 0.0003287196159362793
2024-05-16 20:46:13 | TRACE   | query_time, 0.0003309324383735657
2024-05-16 20:46:13 | TRACE   | query_time, 0.000339750200510025
2024-05-16 20:46:13 | TRACE   | query_time, 0.0003300085663795471
2024-05-16 20:46:13 | TRACE   | query_time, 0.00032804906368255615
2024-05-16 20:46:13 | TRACE   | query_time, 0.00032754987478256226
2024-05-16 20:46:13 | TRACE   | query_time, 0.00032706931233406067
2024-05-16 20:46:13 | TRACE   | query_time, 0.00029817596077919006
2024-05-16 20:46:13 | TRACE   | query_time, 0.00029035285115242004
2024-05-16 20:46:13 | TRACE   | query_time, 0.00032747164368629456
2024-05-16 20:46:13 | TRACE   | query_time, 0.000328991562128067
2024-05-16 20:46:13 | TRACE   | query_time, 0.00032864511013031006
2024-05-16 20:46:13 | TRACE   | query_time, 0.0002908967435359955
2024-05-16 20:46:13 | TRACE   | query_time, 0.0002898462116718292
2024-05-16 20:46:13 | TRACE   | query_time, 0.00032867491245269775
2024-05-16 20:46:13 | TRACE   | query_time, 0.0003281235694885254
2024-05-16 20:46:13 | TRACE   | query_time, 0.0003406144678592682
2024-05-16 20:46:13 | TRACE   | query_time, 0.0002966634929180145
2024-05-16 20:46:13 | TRACE   | query_time, 0.00029020383954048157
2024-05-16 20:46:13 | TRACE   | query_time, 0.0003278367221355438
2024-05-16 20:46:13 | TRACE   | query_time, 0.000325813889503479
2024-05-16 20:46:13 | TRACE   | query_time, 0.00032700225710868835
2024-05-16 20:46:13 | TRACE   | query_time, 0.0002950616180896759
2024-05-16 20:46:13 | TRACE   | query_time, 0.0002965182065963745
2024-05-16 20:46:13 | TRACE   | query_time, 0.0002884119749069214
2024-05-16 20:46:13 | TRACE   | query_time, 0.00032649189233779907
2024-05-16 20:46:13 | TRACE   | query_time, 0.0003265887498855591
2024-05-16 20:46:13 | TRACE   | query_time, 0.0002964213490486145
2024-05-16 20:46:13 | TRACE   | query_time, 0.0003281012177467346
2024-05-16 20:46:13 | TRACE   | query_time, 0.00032789260149002075
2024-05-16 20:46:13 | TRACE   | query_time, 0.0003123544156551361
2024-05-16 20:46:13 | TRACE   | query_time, 0.0002884790301322937
2024-05-16 20:46:13 | TRACE   | query_time, 0.0002879239618778229
2024-05-16 20:46:13 | TRACE   | query_time, 0.0003357008099555969
2024-05-16 20:46:13 | TRACE   | query_time, 0.00028807297348976135
2024-05-16 20:46:13 | TRACE   | query_time, 0.0003274157643318176
2024-05-16 20:46:13 | TRACE   | query_time, 0.0003279559314250946
2024-05-16 20:46:13 | TRACE   | query_time, 0.0003278665244579315
2024-05-16 20:46:13 | TRACE   | query_time, 0.0002878047525882721
2024-05-16 20:46:13 | TRACE   | query_time, 0.0002905242145061493
2024-05-16 20:46:13 | TRACE   | query_time, 0.0002992600202560425
2024-05-16 20:46:13 | TRACE   | query_time, 0.0002916790544986725
2024-05-16 20:46:13 | TRACE   | query_time, 0.000330951064825058
2024-05-16 20:46:13 | TRACE   | query_time, 0.00033309683203697205
2024-05-16 20:46:13 | TRACE   | query_time, 0.0002980940043926239
2024-05-16 20:46:13 | TRACE   | query_time, 0.0003278777003288269
2024-05-16 20:46:13 | TRACE   | query_time, 0.0002886578440666199
2024-05-16 20:46:13 | TRACE   | query_time, 0.00029554590582847595
2024-05-16 20:46:13 | TRACE   | query_time, 0.00032801181077957153
2024-05-16 20:46:13 | TRACE   | query_time, 0.00030507519841194153
2024-05-16 20:46:13 | TRACE   | query_time, 0.00028949230909347534
2024-05-16 20:46:13 | TRACE   | query_time, 0.0003285445272922516
2024-05-16 20:46:13 | TRACE   | query_time, 0.0002900846302509308
2024-05-16 20:46:13 | TRACE   | query_time, 0.00032811611890792847
2024-05-16 20:46:13 | TRACE   | query_time, 0.0003274455666542053
2024-05-16 20:46:13 | TRACE   | query_time, 0.0003411993384361267
2024-05-16 20:46:13 | TRACE   | query_time, 0.0003263242542743683
2024-05-16 20:46:13 | TRACE   | query_time, 0.00032727792859077454
2024-05-16 20:46:13 | TRACE   | query_time, 0.0002952180802822113
2024-05-16 20:46:13 | TRACE   | query_time, 0.0002966746687889099
2024-05-16 20:46:13 | TRACE   | query_time, 0.00032615289092063904
2024-05-16 20:46:13 | TRACE   | query_time, 0.00028825923800468445
2024-05-16 20:46:13 | TRACE   | query_time, 0.0002955310046672821
2024-05-16 20:46:13 | TRACE   | query_time, 0.000287473201751709
2024-05-16 20:46:13 | TRACE   | query_time, 0.0002875775098800659
2024-05-16 20:46:13 | TRACE   | query_time, 0.0003032088279724121
2024-05-16 20:46:13 | TRACE   | query_time, 0.00032869353890419006
2024-05-16 20:46:13 | TRACE   | query_time, 0.0003254823386669159
2024-05-16 20:46:13 | TRACE   | query_time, 0.0003253556787967682
2024-05-16 20:46:13 | TRACE   | query_time, 0.0003252290189266205
2024-05-16 20:46:13 | TRACE   | query_time, 0.00028939172625541687
2024-05-16 20:46:13 | TRACE   | query_time, 0.00032727792859077454
2024-05-16 20:46:13 | TRACE   | query_time, 0.00032798945903778076
2024-05-16 20:46:13 | TRACE   | query_time, 0.00029707327485084534
2024-05-16 20:46:13 | TRACE   | query_time, 0.0003263913094997406
2024-05-16 20:46:13 | TRACE   | query_time, 0.00032723695039749146
2024-05-16 20:46:13 | TRACE   | query_time, 0.0003295987844467163
2024-05-16 20:46:13 | TRACE   | query_time, 0.00029638782143592834
2024-05-16 20:46:13 | TRACE   | query_time, 0.0003290511667728424
2024-05-16 20:46:13 | TRACE   | query_time, 0.00034039467573165894
2024-05-16 20:46:13 | TRACE   | query_time, 0.000327233225107193
2024-05-16 20:46:13 | TRACE   | query_time, 0.00028780847787857056
2024-05-16 20:46:13 | TRACE   | query_time, 0.0002888813614845276
2024-05-16 20:46:13 | TRACE   | query_time, 0.00028857216238975525
2024-05-16 20:46:13 | TRACE   | query_time, 0.0003262422978878021
2024-05-16 20:46:13 | TRACE   | query_time, 0.00032816827297210693
2024-05-16 20:46:13 | TRACE   | query_time, 0.00033147260546684265
2024-05-16 20:46:13 | TRACE   | query_time, 0.00033868104219436646
