2024-05-16 15:15:35 | DEBUG   | {'input': PosixPath('data/gittables/indices/runtime_benchmark/conversion.zst'), 'input_type': 'index', 'queries': PosixPath('data/gittables/queries/runtime_benchmark.zst'), 'estimation_mode': None, 'index_mode': 'recall', 'hist_filter': PosixPath('data/gittables/filters/01.zst'), 'output': None, 'workers': None, 'frequency_hists': False, 'suppress_results': False, 'log_level': 'INFO', 'log_file': PosixPath('logs/runtime_benchmark/low_selectivity/gittables-collection-conversion-single-3.log')}
2024-05-16 15:15:35 | DEBUG   | Loading input data from data/gittables/indices/runtime_benchmark/conversion.zst
2024-05-16 15:15:53 | DEBUG   | Loading queries from data/gittables/queries/runtime_benchmark.zst
2024-05-16 15:15:53 | DEBUG   | Loading histogram filter from data/gittables/filters/01.zst
2024-05-16 15:15:53 | TRACE   | bootstrap_time, 18.005879744887352
2024-05-16 15:15:53 | DEBUG   | Starting execution
2024-05-16 15:16:53 | TRACE   | query_time, 0.0005620531737804413
2024-05-16 15:16:53 | TRACE   | query_time, 0.0002817995846271515
2024-05-16 15:16:53 | TRACE   | query_time, 0.00025995075702667236
2024-05-16 15:16:53 | TRACE   | query_time, 0.00022073835134506226
2024-05-16 15:16:53 | TRACE   | query_time, 0.0002619698643684387
2024-05-16 15:16:53 | TRACE   | query_time, 0.0002511367201805115
2024-05-16 15:16:53 | TRACE   | query_time, 0.00022321194410324097
2024-05-16 15:16:53 | TRACE   | query_time, 0.00022312253713607788
2024-05-16 15:16:53 | TRACE   | query_time, 0.00022953376173973083
2024-05-16 15:16:53 | TRACE   | query_time, 0.00021112337708473206
2024-05-16 15:16:53 | TRACE   | query_time, 0.0002318248152732849
2024-05-16 15:16:53 | TRACE   | query_time, 0.0002240687608718872
2024-05-16 15:16:53 | TRACE   | query_time, 0.00026334822177886963
2024-05-16 15:16:53 | TRACE   | query_time, 0.0002472884953022003
2024-05-16 15:16:53 | TRACE   | query_time, 0.00021743401885032654
2024-05-16 15:16:53 | TRACE   | query_time, 0.00022368133068084717
2024-05-16 15:16:53 | TRACE   | query_time, 0.00023431703448295593
2024-05-16 15:16:53 | TRACE   | query_time, 0.0002417825162410736
2024-05-16 15:16:53 | TRACE   | query_time, 0.0002057105302810669
2024-05-16 15:16:53 | TRACE   | query_time, 0.0002180337905883789
2024-05-16 15:16:53 | TRACE   | query_time, 0.00021505355834960938
2024-05-16 15:16:53 | TRACE   | query_time, 0.00020727887749671936
2024-05-16 15:16:53 | TRACE   | query_time, 0.0002144351601600647
2024-05-16 15:16:53 | TRACE   | query_time, 0.000239543616771698
2024-05-16 15:16:53 | TRACE   | query_time, 0.0002429373562335968
2024-05-16 15:16:53 | TRACE   | query_time, 0.0002145431935787201
2024-05-16 15:16:53 | TRACE   | query_time, 0.00020521879196166992
2024-05-16 15:16:53 | TRACE   | query_time, 0.0002361200749874115
2024-05-16 15:16:53 | TRACE   | query_time, 0.00022108852863311768
2024-05-16 15:16:53 | TRACE   | query_time, 0.00021176785230636597
2024-05-16 15:16:53 | TRACE   | query_time, 0.0002407953143119812
2024-05-16 15:16:53 | TRACE   | query_time, 0.00023622438311576843
2024-05-16 15:16:53 | TRACE   | query_time, 0.00021264329552650452
2024-05-16 15:16:53 | TRACE   | query_time, 0.0002162344753742218
2024-05-16 15:16:53 | TRACE   | query_time, 0.0002420172095298767
2024-05-16 15:16:53 | TRACE   | query_time, 0.00023720040917396545
2024-05-16 15:16:53 | TRACE   | query_time, 0.00021834298968315125
2024-05-16 15:16:53 | TRACE   | query_time, 0.00021396949887275696
2024-05-16 15:16:53 | TRACE   | query_time, 0.000206824392080307
2024-05-16 15:16:53 | TRACE   | query_time, 0.00023776665329933167
2024-05-16 15:16:53 | TRACE   | query_time, 0.00024038180708885193
2024-05-16 15:16:53 | TRACE   | query_time, 0.00021775811910629272
2024-05-16 15:16:53 | TRACE   | query_time, 0.0002414323389530182
2024-05-16 15:16:53 | TRACE   | query_time, 0.00023480504751205444
2024-05-16 15:16:53 | TRACE   | query_time, 0.00020532310009002686
2024-05-16 15:16:53 | TRACE   | query_time, 0.00021694600582122803
2024-05-16 15:16:53 | TRACE   | query_time, 0.00020699575543403625
2024-05-16 15:16:53 | TRACE   | query_time, 0.00022998452186584473
2024-05-16 15:16:53 | TRACE   | query_time, 0.00021735206246376038
2024-05-16 15:16:53 | TRACE   | query_time, 0.00020463019609451294
2024-05-16 15:16:53 | TRACE   | query_time, 0.00021381303668022156
2024-05-16 15:16:53 | TRACE   | query_time, 0.0002513378858566284
2024-05-16 15:16:53 | TRACE   | query_time, 0.0002558007836341858
2024-05-16 15:16:53 | TRACE   | query_time, 0.00028066709637641907
2024-05-16 15:16:53 | TRACE   | query_time, 0.00027486681938171387
2024-05-16 15:16:53 | TRACE   | query_time, 0.0002572201192378998
2024-05-16 15:16:53 | TRACE   | query_time, 0.00025029852986335754
2024-05-16 15:16:53 | TRACE   | query_time, 0.00026331469416618347
2024-05-16 15:16:53 | TRACE   | query_time, 0.00024248287081718445
2024-05-16 15:16:53 | TRACE   | query_time, 0.00027331337332725525
2024-05-16 15:16:53 | TRACE   | query_time, 0.00024303048849105835
2024-05-16 15:16:53 | TRACE   | query_time, 0.00028615817427635193
2024-05-16 15:16:53 | TRACE   | query_time, 0.0002741590142250061
2024-05-16 15:16:53 | TRACE   | query_time, 0.0002487674355506897
2024-05-16 15:16:53 | TRACE   | query_time, 0.0002779066562652588
2024-05-16 15:16:53 | TRACE   | query_time, 0.00025651976466178894
2024-05-16 15:16:53 | TRACE   | query_time, 0.00024782121181488037
2024-05-16 15:16:53 | TRACE   | query_time, 0.0002437680959701538
2024-05-16 15:16:53 | TRACE   | query_time, 0.000283658504486084
2024-05-16 15:16:53 | TRACE   | query_time, 0.0002553127706050873
2024-05-16 15:16:53 | TRACE   | query_time, 0.00027437135577201843
2024-05-16 15:16:53 | TRACE   | query_time, 0.00025372952222824097
2024-05-16 15:16:53 | TRACE   | query_time, 0.0002781488001346588
2024-05-16 15:16:53 | TRACE   | query_time, 0.0002770423889160156
2024-05-16 15:16:53 | TRACE   | query_time, 0.00027431175112724304
2024-05-16 15:16:53 | TRACE   | query_time, 0.00024481117725372314
2024-05-16 15:16:53 | TRACE   | query_time, 0.0002625472843647003
2024-05-16 15:16:53 | TRACE   | query_time, 0.0002747289836406708
2024-05-16 15:16:53 | TRACE   | query_time, 0.0002803206443786621
2024-05-16 15:16:53 | TRACE   | query_time, 0.0002459697425365448
2024-05-16 15:16:53 | TRACE   | query_time, 0.00025902315974235535
2024-05-16 15:16:53 | TRACE   | query_time, 0.00024950504302978516
2024-05-16 15:16:53 | TRACE   | query_time, 0.00023885443806648254
2024-05-16 15:16:53 | TRACE   | query_time, 0.0002523548901081085
2024-05-16 15:16:53 | TRACE   | query_time, 0.00025023892521858215
2024-05-16 15:16:53 | TRACE   | query_time, 0.00027395784854888916
2024-05-16 15:16:53 | TRACE   | query_time, 0.0002726316452026367
2024-05-16 15:16:53 | TRACE   | query_time, 0.00027042627334594727
2024-05-16 15:16:53 | TRACE   | query_time, 0.0002624206244945526
2024-05-16 15:16:53 | TRACE   | query_time, 0.00024354830384254456
2024-05-16 15:16:53 | TRACE   | query_time, 0.0002617165446281433
2024-05-16 15:16:53 | TRACE   | query_time, 0.00024570897221565247
2024-05-16 15:16:53 | TRACE   | query_time, 0.0002711266279220581
2024-05-16 15:16:53 | TRACE   | query_time, 0.00025793537497520447
2024-05-16 15:16:53 | TRACE   | query_time, 0.0002721957862377167
2024-05-16 15:16:53 | TRACE   | query_time, 0.0002605728805065155
2024-05-16 15:16:53 | TRACE   | query_time, 0.00023118779063224792
2024-05-16 15:16:53 | TRACE   | query_time, 0.00026561692357063293
2024-05-16 15:16:53 | TRACE   | query_time, 0.00023229047656059265
2024-05-16 15:16:53 | TRACE   | query_time, 0.0002447068691253662
2024-05-16 15:16:53 | TRACE   | query_time, 0.0002632737159729004
2024-05-16 15:16:53 | TRACE   | query_time, 0.00024756044149398804
2024-05-16 15:16:53 | TRACE   | query_time, 0.0002412460744380951
2024-05-16 15:16:53 | TRACE   | query_time, 0.0002464316785335541
2024-05-16 15:16:53 | TRACE   | query_time, 0.0002618469297885895
2024-05-16 15:16:53 | TRACE   | query_time, 0.00025250762701034546
2024-05-16 15:16:53 | TRACE   | query_time, 0.00026946142315864563
2024-05-16 15:16:53 | TRACE   | query_time, 0.00026977062225341797
2024-05-16 15:16:53 | TRACE   | query_time, 0.00026571378111839294
2024-05-16 15:16:53 | TRACE   | query_time, 0.0002543739974498749
2024-05-16 15:16:53 | TRACE   | query_time, 0.0002772398293018341
2024-05-16 15:16:53 | TRACE   | query_time, 0.0002540759742259979
2024-05-16 15:16:53 | TRACE   | query_time, 0.0002475939691066742
2024-05-16 15:16:53 | TRACE   | query_time, 0.00025216490030288696
2024-05-16 15:16:53 | TRACE   | query_time, 0.0002512633800506592
2024-05-16 15:16:53 | TRACE   | query_time, 0.00025420263409614563
2024-05-16 15:16:53 | TRACE   | query_time, 0.00027383118867874146
2024-05-16 15:16:53 | TRACE   | query_time, 0.00024910643696784973
2024-05-16 15:16:53 | TRACE   | query_time, 0.00027456134557724
2024-05-16 15:16:53 | TRACE   | query_time, 0.00025545433163642883
2024-05-16 15:16:53 | TRACE   | query_time, 0.00023677200078964233
2024-05-16 15:16:53 | TRACE   | query_time, 0.0002690441906452179
2024-05-16 15:16:53 | TRACE   | query_time, 0.00027708709239959717
2024-05-16 15:16:53 | TRACE   | query_time, 0.0002611316740512848
2024-05-16 15:16:53 | TRACE   | query_time, 0.0002744346857070923
2024-05-16 15:16:53 | TRACE   | query_time, 0.00026768818497657776
2024-05-16 15:16:53 | TRACE   | query_time, 0.0002478882670402527
2024-05-16 15:16:53 | TRACE   | query_time, 0.0002871863543987274
2024-05-16 15:16:53 | TRACE   | query_time, 0.0002502426505088806
2024-05-16 15:16:53 | TRACE   | query_time, 0.0002619512379169464
2024-05-16 15:16:53 | TRACE   | query_time, 0.00025960803031921387
2024-05-16 15:16:53 | TRACE   | query_time, 0.0002730041742324829
2024-05-16 15:16:53 | TRACE   | query_time, 0.00025521963834762573
2024-05-16 15:16:53 | TRACE   | query_time, 0.0002508722245693207
2024-05-16 15:16:53 | TRACE   | query_time, 0.0002784319221973419
2024-05-16 15:16:53 | TRACE   | query_time, 0.0002608262002468109
2024-05-16 15:16:53 | TRACE   | query_time, 0.00027837231755256653
2024-05-16 15:16:53 | TRACE   | query_time, 0.00025893375277519226
2024-05-16 15:16:53 | TRACE   | query_time, 0.00027690082788467407
2024-05-16 15:16:53 | TRACE   | query_time, 0.0002799704670906067
2024-05-16 15:16:53 | TRACE   | query_time, 0.0002483166754245758
2024-05-16 15:16:53 | TRACE   | query_time, 0.00024717673659324646
2024-05-16 15:16:53 | TRACE   | query_time, 0.0002717934548854828
2024-05-16 15:16:53 | TRACE   | query_time, 0.00028280168771743774
2024-05-16 15:16:53 | TRACE   | query_time, 0.00028282031416893005
2024-05-16 15:16:53 | TRACE   | query_time, 0.00025137513875961304
2024-05-16 15:16:53 | TRACE   | query_time, 0.0002597495913505554
2024-05-16 15:16:53 | TRACE   | query_time, 0.0002606585621833801
2024-05-16 15:16:53 | TRACE   | query_time, 0.000250939279794693
2024-05-16 15:16:53 | TRACE   | query_time, 0.00025503337383270264
2024-05-16 15:16:53 | TRACE   | query_time, 0.0002474077045917511
2024-05-16 15:16:53 | TRACE   | query_time, 0.00025875866413116455
2024-05-16 15:16:53 | TRACE   | query_time, 0.00025643035769462585
2024-05-16 15:16:53 | TRACE   | query_time, 0.0002781003713607788
2024-05-16 15:16:53 | TRACE   | query_time, 0.0002577975392341614
2024-05-16 15:16:53 | TRACE   | query_time, 0.00027588754892349243
2024-05-16 15:16:53 | TRACE   | query_time, 0.00025906413793563843
2024-05-16 15:16:53 | TRACE   | query_time, 0.00024928897619247437
2024-05-16 15:16:53 | TRACE   | query_time, 0.0002469196915626526
2024-05-16 15:16:53 | TRACE   | query_time, 0.0002802647650241852
2024-05-16 15:16:53 | TRACE   | query_time, 0.00024795159697532654
2024-05-16 15:16:53 | TRACE   | query_time, 0.0002839230000972748
2024-05-16 15:16:53 | TRACE   | query_time, 0.00028689950704574585
2024-05-16 15:16:53 | TRACE   | query_time, 0.0002505183219909668
2024-05-16 15:16:53 | TRACE   | query_time, 0.0002853609621524811
2024-05-16 15:16:53 | TRACE   | query_time, 0.0002570897340774536
2024-05-16 15:16:53 | TRACE   | query_time, 0.00027230381965637207
2024-05-16 15:16:53 | TRACE   | query_time, 0.00024778395891189575
2024-05-16 15:16:53 | TRACE   | query_time, 0.0002635084092617035
2024-05-16 15:16:53 | TRACE   | query_time, 0.00025662779808044434
2024-05-16 15:16:53 | TRACE   | query_time, 0.00026278942823410034
2024-05-16 15:16:53 | TRACE   | query_time, 0.00028464943170547485
2024-05-16 15:16:53 | TRACE   | query_time, 0.0002857521176338196
2024-05-16 15:16:53 | TRACE   | query_time, 0.0002472810447216034
2024-05-16 15:16:53 | TRACE   | query_time, 0.00024861469864845276
2024-05-16 15:16:53 | TRACE   | query_time, 0.00027042627334594727
2024-05-16 15:16:53 | TRACE   | query_time, 0.0002529919147491455
2024-05-16 15:16:53 | TRACE   | query_time, 0.0002581365406513214
2024-05-16 15:16:53 | TRACE   | query_time, 0.00026368722319602966
2024-05-16 15:16:53 | TRACE   | query_time, 0.0002458058297634125
2024-05-16 15:16:53 | TRACE   | query_time, 0.00026174262166023254
2024-05-16 15:16:53 | TRACE   | query_time, 0.0002582445740699768
2024-05-16 15:16:53 | TRACE   | query_time, 0.0002573840320110321
2024-05-16 15:16:53 | TRACE   | query_time, 0.00027900561690330505
2024-05-16 15:16:53 | TRACE   | query_time, 0.0002818368375301361
2024-05-16 15:16:53 | TRACE   | query_time, 0.00024529173970222473
2024-05-16 15:16:53 | TRACE   | query_time, 0.00026237592101097107
2024-05-16 15:16:53 | TRACE   | query_time, 0.0002492554485797882
2024-05-16 15:16:53 | TRACE   | query_time, 0.00027224794030189514
2024-05-16 15:16:53 | TRACE   | query_time, 0.00024539604783058167
2024-05-16 15:16:53 | TRACE   | query_time, 0.0002892129123210907
2024-05-16 15:16:53 | TRACE   | query_time, 0.00026378408074378967
2024-05-16 15:16:53 | TRACE   | query_time, 0.0002810284495353699
2024-05-16 15:16:53 | TRACE   | query_time, 0.00025124847888946533
2024-05-16 15:16:53 | TRACE   | query_time, 0.0002873167395591736
2024-05-16 15:16:53 | TRACE   | query_time, 0.00028048083186149597
2024-05-16 15:16:53 | TRACE   | query_time, 0.0002811923623085022
2024-05-16 15:16:53 | TRACE   | query_time, 0.00024698302149772644
2024-05-16 15:16:53 | TRACE   | query_time, 0.0002595745027065277
2024-05-16 15:16:53 | TRACE   | query_time, 0.00025525689125061035
2024-05-16 15:16:53 | TRACE   | query_time, 0.0002518072724342346
2024-05-16 15:16:53 | TRACE   | query_time, 0.00025643035769462585
2024-05-16 15:16:53 | TRACE   | query_time, 0.0002521723508834839
2024-05-16 15:16:53 | TRACE   | query_time, 0.0002786405384540558
2024-05-16 15:16:53 | TRACE   | query_time, 0.00026164203882217407
2024-05-16 15:16:53 | TRACE   | query_time, 0.00028338655829429626
2024-05-16 15:16:53 | TRACE   | query_time, 0.0002788528800010681
2024-05-16 15:16:53 | TRACE   | query_time, 0.00025109201669692993
2024-05-16 15:16:53 | TRACE   | query_time, 0.0002621784806251526
2024-05-16 15:16:53 | TRACE   | query_time, 0.0002469159662723541
2024-05-16 15:16:53 | TRACE   | query_time, 0.00025155022740364075
2024-05-16 15:16:53 | TRACE   | query_time, 0.00027006492018699646
2024-05-16 15:16:53 | TRACE   | query_time, 0.00028020143508911133
2024-05-16 15:16:53 | TRACE   | query_time, 0.0002808421850204468
2024-05-16 15:16:53 | TRACE   | query_time, 0.00025053322315216064
2024-05-16 15:16:53 | TRACE   | query_time, 0.00026278942823410034
2024-05-16 15:16:53 | TRACE   | query_time, 0.00024846941232681274
2024-05-16 15:16:53 | TRACE   | query_time, 0.0002499595284461975
2024-05-16 15:16:53 | TRACE   | query_time, 0.00026085227727890015
2024-05-16 15:16:53 | TRACE   | query_time, 0.0002583414316177368
2024-05-16 15:16:53 | TRACE   | query_time, 0.0002822466194629669
2024-05-16 15:16:53 | TRACE   | query_time, 0.0002778060734272003
2024-05-16 15:16:53 | TRACE   | query_time, 0.0002513863146305084
2024-05-16 15:16:53 | TRACE   | query_time, 0.00027942657470703125
2024-05-16 15:16:53 | TRACE   | query_time, 0.00028303638100624084
2024-05-16 15:16:53 | TRACE   | query_time, 0.0002677924931049347
2024-05-16 15:16:53 | TRACE   | query_time, 0.00025001540780067444
2024-05-16 15:16:53 | TRACE   | query_time, 0.00028199702501296997
2024-05-16 15:16:53 | TRACE   | query_time, 0.00028012320399284363
2024-05-16 15:16:53 | TRACE   | query_time, 0.00024719908833503723
2024-05-16 15:16:53 | TRACE   | query_time, 0.0002879425883293152
2024-05-16 15:16:53 | TRACE   | query_time, 0.0002478696405887604
2024-05-16 15:16:53 | TRACE   | query_time, 0.0002619437873363495
2024-05-16 15:16:53 | TRACE   | query_time, 0.00027763471007347107
2024-05-16 15:16:53 | TRACE   | query_time, 0.00026287883520126343
2024-05-16 15:16:53 | TRACE   | query_time, 0.00025561079382896423
2024-05-16 15:16:53 | TRACE   | query_time, 0.0002514496445655823
2024-05-16 15:16:53 | TRACE   | query_time, 0.00025662779808044434
2024-05-16 15:16:53 | TRACE   | query_time, 0.00028091296553611755
2024-05-16 15:16:53 | TRACE   | query_time, 0.00026836618781089783
2024-05-16 15:16:53 | TRACE   | query_time, 0.00028354302048683167
2024-05-16 15:16:53 | TRACE   | query_time, 0.0002793632447719574
2024-05-16 15:16:53 | TRACE   | query_time, 0.00024900585412979126
2024-05-16 15:16:53 | TRACE   | query_time, 0.0002563111484050751
2024-05-16 15:16:53 | TRACE   | query_time, 0.0002465769648551941
2024-05-16 15:16:53 | TRACE   | query_time, 0.00026773661375045776
2024-05-16 15:16:53 | TRACE   | query_time, 0.0002815425395965576
2024-05-16 15:16:53 | TRACE   | query_time, 0.0002768002450466156
2024-05-16 15:16:53 | TRACE   | query_time, 0.00026081502437591553
2024-05-16 15:16:53 | TRACE   | query_time, 0.00024677813053131104
2024-05-16 15:16:53 | TRACE   | query_time, 0.00025120750069618225
2024-05-16 15:16:53 | TRACE   | query_time, 0.0002638287842273712
2024-05-16 15:16:53 | TRACE   | query_time, 0.0002577342092990875
2024-05-16 15:16:53 | TRACE   | query_time, 0.000280577689409256
2024-05-16 15:16:53 | TRACE   | query_time, 0.00028045475482940674
2024-05-16 15:16:53 | TRACE   | query_time, 0.0002784058451652527
2024-05-16 15:16:53 | TRACE   | query_time, 0.00025162473320961
2024-05-16 15:16:53 | TRACE   | query_time, 0.00026451796293258667
2024-05-16 15:16:53 | TRACE   | query_time, 0.0002508983016014099
2024-05-16 15:16:53 | TRACE   | query_time, 0.0002786591649055481
2024-05-16 15:16:53 | TRACE   | query_time, 0.00028282031416893005
2024-05-16 15:16:53 | TRACE   | query_time, 0.0002689175307750702
2024-05-16 15:16:53 | TRACE   | query_time, 0.0002521499991416931
2024-05-16 15:16:53 | TRACE   | query_time, 0.0002883300185203552
2024-05-16 15:16:53 | TRACE   | query_time, 0.0002824626863002777
2024-05-16 15:16:53 | TRACE   | query_time, 0.0002758726477622986
2024-05-16 15:16:53 | TRACE   | query_time, 0.00025480613112449646
2024-05-16 15:16:53 | TRACE   | query_time, 0.00026144832372665405
2024-05-16 15:16:53 | TRACE   | query_time, 0.0002648681402206421
2024-05-16 15:16:53 | TRACE   | query_time, 0.00026040151715278625
2024-05-16 15:16:53 | TRACE   | query_time, 0.0002691410481929779
2024-05-16 15:16:53 | TRACE   | query_time, 0.0002525746822357178
2024-05-16 15:16:53 | TRACE   | query_time, 0.00026645511388778687
2024-05-16 15:16:53 | TRACE   | query_time, 0.0002519674599170685
2024-05-16 15:16:53 | TRACE   | query_time, 0.00028165802359580994
2024-05-16 15:16:53 | TRACE   | query_time, 0.0002659745514392853
2024-05-16 15:16:53 | TRACE   | query_time, 0.00028691068291664124
2024-05-16 15:16:53 | TRACE   | query_time, 0.0002816244959831238
2024-05-16 15:16:53 | TRACE   | query_time, 0.00028304383158683777
2024-05-16 15:16:53 | TRACE   | query_time, 0.0002518594264984131
2024-05-16 15:16:53 | TRACE   | query_time, 0.0002622455358505249
2024-05-16 15:16:53 | TRACE   | query_time, 0.0002484358847141266
2024-05-16 15:16:53 | TRACE   | query_time, 0.00027125701308250427
2024-05-16 15:16:53 | TRACE   | query_time, 0.0002827942371368408
2024-05-16 15:16:53 | TRACE   | query_time, 0.00028380006551742554
2024-05-16 15:16:53 | TRACE   | query_time, 0.00025044381618499756
2024-05-16 15:16:53 | TRACE   | query_time, 0.0002621673047542572
2024-05-16 15:16:53 | TRACE   | query_time, 0.0015053413808345795
2024-05-16 15:16:53 | TRACE   | query_time, 0.00028247758746147156
2024-05-16 15:16:53 | TRACE   | query_time, 0.00024840980768203735
2024-05-16 15:16:53 | TRACE   | query_time, 0.00026679039001464844
2024-05-16 15:16:53 | TRACE   | query_time, 0.00028280913829803467
2024-05-16 15:16:53 | TRACE   | query_time, 0.00025266408920288086
2024-05-16 15:16:53 | TRACE   | query_time, 0.0002805665135383606
2024-05-16 15:16:53 | TRACE   | query_time, 0.0002665780484676361
2024-05-16 15:16:53 | TRACE   | query_time, 0.0002520903944969177
2024-05-16 15:16:53 | TRACE   | query_time, 0.0002874918282032013
2024-05-16 15:16:53 | TRACE   | query_time, 0.0002707578241825104
2024-05-16 15:16:53 | TRACE   | query_time, 0.0002528652548789978
2024-05-16 15:16:53 | TRACE   | query_time, 0.0002615600824356079
2024-05-16 15:16:53 | TRACE   | query_time, 0.00028680264949798584
2024-05-16 15:16:53 | TRACE   | query_time, 0.0002615600824356079
2024-05-16 15:16:53 | TRACE   | query_time, 0.0002841576933860779
2024-05-16 15:16:53 | TRACE   | query_time, 0.0002631247043609619
2024-05-16 15:16:53 | TRACE   | query_time, 0.0002548694610595703
2024-05-16 15:16:53 | TRACE   | query_time, 0.0002593919634819031
2024-05-16 15:16:53 | TRACE   | query_time, 0.00025283917784690857
2024-05-16 15:16:53 | TRACE   | query_time, 0.0002593137323856354
2024-05-16 15:16:53 | TRACE   | query_time, 0.00028581544756889343
2024-05-16 15:16:53 | TRACE   | query_time, 0.00025913119316101074
2024-05-16 15:16:53 | TRACE   | query_time, 0.00028934329748153687
2024-05-16 15:16:53 | TRACE   | query_time, 0.00028106942772865295
2024-05-16 15:16:53 | TRACE   | query_time, 0.00028171762824058533
2024-05-16 15:16:53 | TRACE   | query_time, 0.0002517290413379669
2024-05-16 15:16:53 | TRACE   | query_time, 0.00026410818099975586
2024-05-16 15:16:53 | TRACE   | query_time, 0.000252358615398407
2024-05-16 15:16:53 | TRACE   | query_time, 0.00025001540780067444
2024-05-16 15:16:53 | TRACE   | query_time, 0.00028160959482192993
2024-05-16 15:16:53 | TRACE   | query_time, 0.00028298795223236084
2024-05-16 15:16:53 | TRACE   | query_time, 0.00025208666920661926
2024-05-16 15:16:53 | TRACE   | query_time, 0.00026547908782958984
2024-05-16 15:16:53 | TRACE   | query_time, 0.00025059282779693604
2024-05-16 15:16:53 | TRACE   | query_time, 0.00025169551372528076
2024-05-16 15:16:53 | TRACE   | query_time, 0.00026073306798934937
2024-05-16 15:16:53 | TRACE   | query_time, 0.00025229528546333313
2024-05-16 15:16:53 | TRACE   | query_time, 0.00025891512632369995
2024-05-16 15:16:53 | TRACE   | query_time, 0.0002620331943035126
2024-05-16 15:16:53 | TRACE   | query_time, 0.00027878955006599426
2024-05-16 15:16:53 | TRACE   | query_time, 0.0002825893461704254
2024-05-16 15:16:53 | TRACE   | query_time, 0.000278327614068985
2024-05-16 15:16:53 | TRACE   | query_time, 0.0002881549298763275
2024-05-16 15:16:53 | TRACE   | query_time, 0.0002515949308872223
2024-05-16 15:16:53 | TRACE   | query_time, 0.00025469809770584106
2024-05-16 15:16:53 | TRACE   | query_time, 0.0014916658401489258
2024-05-16 15:16:53 | TRACE   | query_time, 0.0014030635356903076
2024-05-16 15:16:53 | TRACE   | query_time, 0.001545436680316925
2024-05-16 15:16:53 | TRACE   | query_time, 0.0013704672455787659
2024-05-16 15:16:53 | TRACE   | query_time, 0.0014726817607879639
2024-05-16 15:16:53 | TRACE   | query_time, 0.0015529096126556396
2024-05-16 15:16:53 | TRACE   | query_time, 0.0013976916670799255
2024-05-16 15:16:53 | TRACE   | query_time, 0.0013844780623912811
2024-05-16 15:16:53 | TRACE   | query_time, 0.0014396347105503082
2024-05-16 15:16:53 | TRACE   | query_time, 0.001500159502029419
2024-05-16 15:16:53 | TRACE   | query_time, 0.001414857804775238
2024-05-16 15:16:53 | TRACE   | query_time, 0.0013741962611675262
2024-05-16 15:16:53 | TRACE   | query_time, 0.0015157833695411682
2024-05-16 15:16:53 | TRACE   | query_time, 0.0014304779469966888
2024-05-16 15:16:53 | TRACE   | query_time, 0.0014433413743972778
2024-05-16 15:16:53 | TRACE   | query_time, 0.0013835132122039795
2024-05-16 15:16:53 | TRACE   | query_time, 0.001442890614271164
2024-05-16 15:16:53 | TRACE   | query_time, 0.0013728663325309753
2024-05-16 15:16:53 | TRACE   | query_time, 0.001441366970539093
2024-05-16 15:16:53 | TRACE   | query_time, 0.0015106499195098877
2024-05-16 15:16:53 | TRACE   | query_time, 0.0014197155833244324
2024-05-16 15:16:53 | TRACE   | query_time, 0.0014401189982891083
2024-05-16 15:16:53 | TRACE   | query_time, 0.0013568364083766937
2024-05-16 15:16:53 | TRACE   | query_time, 0.0013716034591197968
2024-05-16 15:16:53 | TRACE   | query_time, 0.001369290053844452
2024-05-16 15:16:53 | TRACE   | query_time, 0.0013909414410591125
2024-05-16 15:16:53 | TRACE   | query_time, 0.0013733841478824615
2024-05-16 15:16:53 | TRACE   | query_time, 0.001455254852771759
2024-05-16 15:16:53 | TRACE   | query_time, 0.0013702549040317535
2024-05-16 15:16:53 | TRACE   | query_time, 0.0014235898852348328
2024-05-16 15:16:53 | TRACE   | query_time, 0.0013733096420764923
2024-05-16 15:16:53 | TRACE   | query_time, 0.0014365017414093018
2024-05-16 15:16:53 | TRACE   | query_time, 0.001354943960905075
2024-05-16 15:16:53 | TRACE   | query_time, 0.0014304928481578827
2024-05-16 15:16:53 | TRACE   | query_time, 0.0013656243681907654
2024-05-16 15:16:53 | TRACE   | query_time, 0.0014178380370140076
2024-05-16 15:16:53 | TRACE   | query_time, 0.0013522207736968994
2024-05-16 15:16:53 | TRACE   | query_time, 0.001401945948600769
2024-05-16 15:16:53 | TRACE   | query_time, 0.0015094466507434845
2024-05-16 15:16:53 | TRACE   | query_time, 0.0013538338243961334
2024-05-16 15:16:53 | TRACE   | query_time, 0.0013525597751140594
2024-05-16 15:16:53 | TRACE   | query_time, 0.0014382116496562958
2024-05-16 15:16:53 | TRACE   | query_time, 0.0013664737343788147
2024-05-16 15:16:53 | TRACE   | query_time, 0.0014100931584835052
2024-05-16 15:16:53 | TRACE   | query_time, 0.0014369860291481018
2024-05-16 15:16:53 | TRACE   | query_time, 0.0013542436063289642
2024-05-16 15:16:53 | TRACE   | query_time, 0.0014239661395549774
2024-05-16 15:16:53 | TRACE   | query_time, 0.0013793520629405975
2024-05-16 15:16:53 | TRACE   | query_time, 0.0015045814216136932
2024-05-16 15:16:53 | TRACE   | query_time, 0.0013648122549057007
2024-05-16 15:16:53 | TRACE   | query_time, 0.0013532042503356934
2024-05-16 15:16:53 | TRACE   | query_time, 0.0013672038912773132
2024-05-16 15:16:53 | TRACE   | query_time, 0.0013644993305206299
2024-05-16 15:16:53 | TRACE   | query_time, 0.001428890973329544
2024-05-16 15:16:53 | TRACE   | query_time, 0.0015050768852233887
2024-05-16 15:16:53 | TRACE   | query_time, 0.001363217830657959
2024-05-16 15:16:53 | TRACE   | query_time, 0.0013729743659496307
2024-05-16 15:16:53 | TRACE   | query_time, 0.0013501346111297607
2024-05-16 15:16:53 | TRACE   | query_time, 0.0014527402818202972
2024-05-16 15:16:53 | TRACE   | query_time, 0.0013546831905841827
2024-05-16 15:16:53 | TRACE   | query_time, 0.0014304332435131073
2024-05-16 15:16:53 | TRACE   | query_time, 0.0013555847108364105
2024-05-16 15:16:53 | TRACE   | query_time, 0.0014303214848041534
2024-05-16 15:16:53 | TRACE   | query_time, 0.0014544464647769928
2024-05-16 15:16:53 | TRACE   | query_time, 0.0015028901398181915
2024-05-16 15:16:53 | TRACE   | query_time, 0.0013648010790348053
2024-05-16 15:16:53 | TRACE   | query_time, 0.0013618916273117065
2024-05-16 15:16:53 | TRACE   | query_time, 0.0013752132654190063
2024-05-16 15:16:53 | TRACE   | query_time, 0.001355290412902832
2024-05-16 15:16:53 | TRACE   | query_time, 0.0013712011277675629
2024-05-16 15:16:53 | TRACE   | query_time, 0.0013405084609985352
2024-05-16 15:16:53 | TRACE   | query_time, 0.0014403462409973145
2024-05-16 15:16:53 | TRACE   | query_time, 0.0013652332127094269
2024-05-16 15:16:53 | TRACE   | query_time, 0.0014325715601444244
2024-05-16 15:16:53 | TRACE   | query_time, 0.0014261268079280853
2024-05-16 15:16:53 | TRACE   | query_time, 0.001446690410375595
2024-05-16 15:16:53 | TRACE   | query_time, 0.001545194536447525
2024-05-16 15:16:53 | TRACE   | query_time, 0.0013714320957660675
2024-05-16 15:16:53 | TRACE   | query_time, 0.0014400407671928406
2024-05-16 15:16:53 | TRACE   | query_time, 0.0014403127133846283
2024-05-16 15:16:53 | TRACE   | query_time, 0.001430463045835495
2024-05-16 15:16:53 | TRACE   | query_time, 0.0013391673564910889
2024-05-16 15:16:53 | TRACE   | query_time, 0.0014261864125728607
2024-05-16 15:16:53 | TRACE   | query_time, 0.0013525709509849548
2024-05-16 15:16:53 | TRACE   | query_time, 0.0014339648187160492
2024-05-16 15:16:53 | TRACE   | query_time, 0.001352209597826004
2024-05-16 15:16:53 | TRACE   | query_time, 0.001430019736289978
2024-05-16 15:16:53 | TRACE   | query_time, 0.0014103427529335022
2024-05-16 15:16:53 | TRACE   | query_time, 0.0014949627220630646
2024-05-16 15:16:53 | TRACE   | query_time, 0.0013489499688148499
2024-05-16 15:16:53 | TRACE   | query_time, 0.0013417676091194153
2024-05-16 15:16:53 | TRACE   | query_time, 0.001338072121143341
2024-05-16 15:16:53 | TRACE   | query_time, 0.0013510994613170624
2024-05-16 15:16:53 | TRACE   | query_time, 0.0014455057680606842
2024-05-16 15:16:53 | TRACE   | query_time, 0.0014206916093826294
2024-05-16 15:16:53 | TRACE   | query_time, 0.0014374032616615295
2024-05-16 15:16:53 | TRACE   | query_time, 0.0013607852160930634
2024-05-16 15:16:53 | TRACE   | query_time, 0.001352999359369278
2024-05-16 15:16:53 | TRACE   | query_time, 0.0013816319406032562
2024-05-16 15:16:53 | TRACE   | query_time, 0.0014181360602378845
2024-05-16 15:16:53 | TRACE   | query_time, 0.0014181695878505707
2024-05-16 15:16:53 | TRACE   | query_time, 0.0013489946722984314
2024-05-16 15:16:53 | TRACE   | query_time, 0.001360781490802765
2024-05-16 15:16:53 | TRACE   | query_time, 0.0014359578490257263
2024-05-16 15:16:53 | TRACE   | query_time, 0.001495223492383957
2024-05-16 15:16:53 | TRACE   | query_time, 0.0013554207980632782
2024-05-16 15:16:53 | TRACE   | query_time, 0.0013618692755699158
2024-05-16 15:16:53 | TRACE   | query_time, 0.0013555251061916351
2024-05-16 15:16:53 | TRACE   | query_time, 0.0015025213360786438
2024-05-16 15:16:53 | TRACE   | query_time, 0.0013490542769432068
2024-05-16 15:16:53 | TRACE   | query_time, 0.0014204047620296478
2024-05-16 15:16:53 | TRACE   | query_time, 0.0014201998710632324
2024-05-16 15:16:53 | TRACE   | query_time, 0.0014494061470031738
2024-05-16 15:16:53 | TRACE   | query_time, 0.0014250576496124268
2024-05-16 15:16:53 | TRACE   | query_time, 0.001366298645734787
2024-05-16 15:16:53 | TRACE   | query_time, 0.0013387016952037811
2024-05-16 15:16:53 | TRACE   | query_time, 0.0014223121106624603
2024-05-16 15:16:53 | TRACE   | query_time, 0.0013840831816196442
2024-05-16 15:16:53 | TRACE   | query_time, 0.0014076009392738342
2024-05-16 15:16:53 | TRACE   | query_time, 0.0013581402599811554
2024-05-16 15:16:53 | TRACE   | query_time, 0.0014200583100318909
2024-05-16 15:16:53 | TRACE   | query_time, 0.0013942904770374298
2024-05-16 15:16:53 | TRACE   | query_time, 0.0013726800680160522
2024-05-16 15:16:53 | TRACE   | query_time, 0.0013502947986125946
2024-05-16 15:16:53 | TRACE   | query_time, 0.0014224909245967865
2024-05-16 15:16:53 | TRACE   | query_time, 0.0013715438544750214
2024-05-16 15:16:53 | TRACE   | query_time, 0.001416906714439392
2024-05-16 15:16:53 | TRACE   | query_time, 0.0014103464782238007
2024-05-16 15:16:53 | TRACE   | query_time, 0.0013800375163555145
2024-05-16 15:16:53 | TRACE   | query_time, 0.00133582204580307
2024-05-16 15:16:53 | TRACE   | query_time, 0.001418624073266983
2024-05-16 15:16:53 | TRACE   | query_time, 0.0014128237962722778
2024-05-16 15:16:53 | TRACE   | query_time, 0.0013731271028518677
2024-05-16 15:16:53 | TRACE   | query_time, 0.0014399811625480652
2024-05-16 15:16:53 | TRACE   | query_time, 0.0014013946056365967
2024-05-16 15:16:53 | TRACE   | query_time, 0.0014178752899169922
2024-05-16 15:16:53 | TRACE   | query_time, 0.001520555466413498
2024-05-16 15:16:53 | TRACE   | query_time, 0.0013531558215618134
2024-05-16 15:16:53 | TRACE   | query_time, 0.0014250501990318298
2024-05-16 15:16:53 | TRACE   | query_time, 0.0014420896768569946
2024-05-16 15:16:53 | TRACE   | query_time, 0.001423615962266922
2024-05-16 15:16:53 | TRACE   | query_time, 0.0015062689781188965
2024-05-16 15:16:53 | TRACE   | query_time, 0.0013393126428127289
2024-05-16 15:16:53 | TRACE   | query_time, 0.001427624374628067
2024-05-16 15:16:53 | TRACE   | query_time, 0.001358959823846817
2024-05-16 15:16:53 | TRACE   | query_time, 0.0014815479516983032
2024-05-16 15:16:53 | TRACE   | query_time, 0.0013543032109737396
2024-05-16 15:16:53 | TRACE   | query_time, 0.0014798082411289215
2024-05-16 15:16:53 | TRACE   | query_time, 0.0014282800257205963
2024-05-16 15:16:53 | TRACE   | query_time, 0.001497611403465271
2024-05-16 15:16:53 | TRACE   | query_time, 0.0014078915119171143
2024-05-16 15:16:53 | TRACE   | query_time, 0.0014054179191589355
2024-05-16 15:16:53 | TRACE   | query_time, 0.0014371052384376526
2024-05-16 15:16:53 | TRACE   | query_time, 0.0013616196811199188
2024-05-16 15:16:53 | TRACE   | query_time, 0.0014148540794849396
2024-05-16 15:16:53 | TRACE   | query_time, 0.0013618580996990204
2024-05-16 15:16:53 | TRACE   | query_time, 0.001341298222541809
2024-05-16 15:16:53 | TRACE   | query_time, 0.0014354810118675232
2024-05-16 15:16:53 | TRACE   | query_time, 0.0035287998616695404
2024-05-16 15:16:53 | TRACE   | query_time, 0.0033095069229602814
2024-05-16 15:16:53 | TRACE   | query_time, 0.0032433047890663147
2024-05-16 15:16:53 | TRACE   | query_time, 0.0032732002437114716
2024-05-16 15:16:53 | TRACE   | query_time, 0.0032438673079013824
2024-05-16 15:16:53 | TRACE   | query_time, 0.0033533498644828796
2024-05-16 15:16:53 | TRACE   | query_time, 0.0032414980232715607
2024-05-16 15:16:53 | TRACE   | query_time, 0.0031441189348697662
2024-05-16 15:16:53 | TRACE   | query_time, 0.0032722316682338715
2024-05-16 15:16:53 | TRACE   | query_time, 0.003278277814388275
2024-05-16 15:16:53 | TRACE   | query_time, 0.0032968707382678986
2024-05-16 15:16:53 | TRACE   | query_time, 0.0033043883740901947
2024-05-16 15:16:53 | TRACE   | query_time, 0.0032834187150001526
2024-05-16 15:16:53 | TRACE   | query_time, 0.0032843872904777527
2024-05-16 15:16:53 | TRACE   | query_time, 0.0032002031803131104
2024-05-16 15:16:53 | TRACE   | query_time, 0.0032170191407203674
2024-05-16 15:16:53 | TRACE   | query_time, 0.0032762400805950165
2024-05-16 15:16:53 | TRACE   | query_time, 0.0032460391521453857
2024-05-16 15:16:53 | TRACE   | query_time, 0.0032478347420692444
2024-05-16 15:16:53 | TRACE   | query_time, 0.0032139085233211517
2024-05-16 15:16:53 | TRACE   | query_time, 0.003198295831680298
2024-05-16 15:16:53 | TRACE   | query_time, 0.003250177949666977
2024-05-16 15:16:53 | TRACE   | query_time, 0.0032687708735466003
2024-05-16 15:16:53 | TRACE   | query_time, 0.003255322575569153
2024-05-16 15:16:53 | TRACE   | query_time, 0.0032000839710235596
2024-05-16 15:16:53 | TRACE   | query_time, 0.003196626901626587
2024-05-16 15:16:53 | TRACE   | query_time, 0.003262866288423538
2024-05-16 15:16:53 | TRACE   | query_time, 0.0031448043882846832
2024-05-16 15:16:53 | TRACE   | query_time, 0.0032766014337539673
2024-05-16 15:16:53 | TRACE   | query_time, 0.0031246058642864227
2024-05-16 15:16:53 | TRACE   | query_time, 0.003206152468919754
2024-05-16 15:16:53 | TRACE   | query_time, 0.0031803585588932037
2024-05-16 15:16:53 | TRACE   | query_time, 0.003253888338804245
2024-05-16 15:16:53 | TRACE   | query_time, 0.0032369382679462433
2024-05-16 15:16:53 | TRACE   | query_time, 0.0032503940165042877
2024-05-16 15:16:53 | TRACE   | query_time, 0.0032754093408584595
2024-05-16 15:16:53 | TRACE   | query_time, 0.0032587163150310516
2024-05-16 15:16:53 | TRACE   | query_time, 0.003234162926673889
2024-05-16 15:16:53 | TRACE   | query_time, 0.0032129287719726562
2024-05-16 15:16:53 | TRACE   | query_time, 0.003207538276910782
2024-05-16 15:16:53 | TRACE   | query_time, 0.0032464489340782166
2024-05-16 15:16:53 | TRACE   | query_time, 0.003234248608350754
2024-05-16 15:16:53 | TRACE   | query_time, 0.0032636523246765137
2024-05-16 15:16:53 | TRACE   | query_time, 0.003244016319513321
2024-05-16 15:16:53 | TRACE   | query_time, 0.0032150857150554657
2024-05-16 15:16:53 | TRACE   | query_time, 0.0032272599637508392
2024-05-16 15:16:53 | TRACE   | query_time, 0.003213852643966675
2024-05-16 15:16:53 | TRACE   | query_time, 0.0032232291996479034
2024-05-16 15:16:53 | TRACE   | query_time, 0.0032001622021198273
2024-05-16 15:16:53 | TRACE   | query_time, 0.0032459795475006104
2024-05-16 15:16:53 | TRACE   | query_time, 0.0032140612602233887
2024-05-16 15:16:53 | TRACE   | query_time, 0.0032096542418003082
2024-05-16 15:16:53 | TRACE   | query_time, 0.003238815814256668
2024-05-16 15:16:53 | TRACE   | query_time, 0.0032051727175712585
2024-05-16 15:16:53 | TRACE   | query_time, 0.0032168813049793243
2024-05-16 15:16:53 | TRACE   | query_time, 0.003227926790714264
2024-05-16 15:16:53 | TRACE   | query_time, 0.0032207220792770386
2024-05-16 15:16:53 | TRACE   | query_time, 0.004472963511943817
2024-05-16 15:16:53 | TRACE   | query_time, 0.0032389871776103973
2024-05-16 15:16:53 | TRACE   | query_time, 0.003204699605703354
2024-05-16 15:16:53 | TRACE   | query_time, 0.0032639838755130768
2024-05-16 15:16:53 | TRACE   | query_time, 0.003250300884246826
2024-05-16 15:16:53 | TRACE   | query_time, 0.003220073878765106
2024-05-16 15:16:53 | TRACE   | query_time, 0.0031034909188747406
2024-05-16 15:16:53 | TRACE   | query_time, 0.0032258033752441406
2024-05-16 15:16:53 | TRACE   | query_time, 0.003209594637155533
2024-05-16 15:16:53 | TRACE   | query_time, 0.003112059086561203
2024-05-16 15:16:53 | TRACE   | query_time, 0.0032458603382110596
2024-05-16 15:16:53 | TRACE   | query_time, 0.0031700022518634796
2024-05-16 15:16:53 | TRACE   | query_time, 0.003194887191057205
2024-05-16 15:16:53 | TRACE   | query_time, 0.0032343752682209015
2024-05-16 15:16:53 | TRACE   | query_time, 0.0031636208295822144
2024-05-16 15:16:53 | TRACE   | query_time, 0.0031624510884284973
2024-05-16 15:16:53 | TRACE   | query_time, 0.003230515867471695
2024-05-16 15:16:53 | TRACE   | query_time, 0.003219619393348694
2024-05-16 15:16:53 | TRACE   | query_time, 0.0032362304627895355
2024-05-16 15:16:53 | TRACE   | query_time, 0.003231469541788101
2024-05-16 15:16:53 | TRACE   | query_time, 0.0031938068568706512
2024-05-16 15:16:53 | TRACE   | query_time, 0.003225259482860565
2024-05-16 15:16:53 | TRACE   | query_time, 0.0032460391521453857
2024-05-16 15:16:53 | TRACE   | query_time, 0.003203369677066803
2024-05-16 15:16:53 | TRACE   | query_time, 0.003240920603275299
2024-05-16 15:16:53 | TRACE   | query_time, 0.003207981586456299
2024-05-16 15:16:53 | TRACE   | query_time, 0.003245614469051361
2024-05-16 15:16:53 | TRACE   | query_time, 0.0032168813049793243
2024-05-16 15:16:53 | TRACE   | query_time, 0.0032591335475444794
2024-05-16 15:16:53 | TRACE   | query_time, 0.0032402798533439636
2024-05-16 15:16:53 | TRACE   | query_time, 0.003214135766029358
2024-05-16 15:16:53 | TRACE   | query_time, 0.0032089464366436005
2024-05-16 15:16:53 | TRACE   | query_time, 0.0030999481678009033
2024-05-16 15:16:53 | TRACE   | query_time, 0.0032013878226280212
2024-05-16 15:16:53 | TRACE   | query_time, 0.0032204464077949524
2024-05-16 15:16:53 | TRACE   | query_time, 0.0032603442668914795
2024-05-16 15:16:53 | TRACE   | query_time, 0.003221161663532257
2024-05-16 15:16:53 | TRACE   | query_time, 0.0032383203506469727
2024-05-16 15:16:53 | TRACE   | query_time, 0.003186821937561035
2024-05-16 15:16:53 | TRACE   | query_time, 0.003231838345527649
2024-05-16 15:16:53 | TRACE   | query_time, 0.003195200115442276
2024-05-16 15:16:53 | TRACE   | query_time, 0.0032111145555973053
