2024-05-16 20:50:28 | DEBUG   | {'input': PosixPath('data/gittables/indices/runtime_benchmark/rebinning.zst'), 'input_type': 'index', 'queries': PosixPath('data/gittables/queries/runtime_benchmark.zst'), 'estimation_mode': None, 'index_mode': 'recall', 'hist_filter': PosixPath('data/gittables/filters/01.zst'), 'output': None, 'workers': None, 'frequency_hists': False, 'suppress_results': True, 'log_level': 'INFO', 'log_file': PosixPath('logs/runtime_benchmark/low_selectivity/gittables-collection-rebinning-single_suppressed-4.log')}
2024-05-16 20:50:28 | DEBUG   | Loading input data from data/gittables/indices/runtime_benchmark/rebinning.zst
2024-05-16 20:50:41 | DEBUG   | Loading queries from data/gittables/queries/runtime_benchmark.zst
2024-05-16 20:50:41 | DEBUG   | Loading histogram filter from data/gittables/filters/01.zst
2024-05-16 20:50:41 | TRACE   | bootstrap_time, 13.230171099305153
2024-05-16 20:50:41 | DEBUG   | Starting execution
2024-05-16 20:51:13 | TRACE   | query_time, 0.0005395151674747467
2024-05-16 20:51:13 | TRACE   | query_time, 0.0002273954451084137
2024-05-16 20:51:13 | TRACE   | query_time, 0.00015425682067871094
2024-05-16 20:51:13 | TRACE   | query_time, 0.00012582913041114807
2024-05-16 20:51:13 | TRACE   | query_time, 0.0001664087176322937
2024-05-16 20:51:13 | TRACE   | query_time, 0.0001534298062324524
2024-05-16 20:51:13 | TRACE   | query_time, 0.00013325735926628113
2024-05-16 20:51:13 | TRACE   | query_time, 0.00013218075037002563
2024-05-16 20:51:13 | TRACE   | query_time, 0.0001369193196296692
2024-05-16 20:51:13 | TRACE   | query_time, 0.00012943893671035767
2024-05-16 20:51:13 | TRACE   | query_time, 0.00014075636863708496
2024-05-16 20:51:13 | TRACE   | query_time, 0.00014116987586021423
2024-05-16 20:51:13 | TRACE   | query_time, 0.000157039612531662
2024-05-16 20:51:13 | TRACE   | query_time, 0.00014876946806907654
2024-05-16 20:51:13 | TRACE   | query_time, 0.0001213178038597107
2024-05-16 20:51:13 | TRACE   | query_time, 0.00012174993753433228
2024-05-16 20:51:13 | TRACE   | query_time, 0.00014017149806022644
2024-05-16 20:51:13 | TRACE   | query_time, 0.00015128403902053833
2024-05-16 20:51:13 | TRACE   | query_time, 0.00012789666652679443
2024-05-16 20:51:13 | TRACE   | query_time, 0.0001304224133491516
2024-05-16 20:51:13 | TRACE   | query_time, 0.00012894347310066223
2024-05-16 20:51:13 | TRACE   | query_time, 0.00012024864554405212
2024-05-16 20:51:13 | TRACE   | query_time, 0.00013007968664169312
2024-05-16 20:51:13 | TRACE   | query_time, 0.0001497603952884674
2024-05-16 20:51:13 | TRACE   | query_time, 0.00015437230467796326
2024-05-16 20:51:13 | TRACE   | query_time, 0.00013164058327674866
2024-05-16 20:51:13 | TRACE   | query_time, 0.00011897832155227661
2024-05-16 20:51:13 | TRACE   | query_time, 0.0001476965844631195
2024-05-16 20:51:13 | TRACE   | query_time, 0.00013837218284606934
2024-05-16 20:51:13 | TRACE   | query_time, 0.00012002885341644287
2024-05-16 20:51:13 | TRACE   | query_time, 0.0001477859914302826
2024-05-16 20:51:13 | TRACE   | query_time, 0.000149652361869812
2024-05-16 20:51:13 | TRACE   | query_time, 0.00012248381972312927
2024-05-16 20:51:13 | TRACE   | query_time, 0.00013002008199691772
2024-05-16 20:51:13 | TRACE   | query_time, 0.0001514144241809845
2024-05-16 20:51:13 | TRACE   | query_time, 0.00014917925000190735
2024-05-16 20:51:13 | TRACE   | query_time, 0.00012925267219543457
2024-05-16 20:51:13 | TRACE   | query_time, 0.00013190507888793945
2024-05-16 20:51:13 | TRACE   | query_time, 0.00012187659740447998
2024-05-16 20:51:13 | TRACE   | query_time, 0.00014968588948249817
2024-05-16 20:51:13 | TRACE   | query_time, 0.0001470036804676056
2024-05-16 20:51:13 | TRACE   | query_time, 0.00012940913438796997
2024-05-16 20:51:13 | TRACE   | query_time, 0.00014709681272506714
2024-05-16 20:51:13 | TRACE   | query_time, 0.00014619529247283936
2024-05-16 20:51:13 | TRACE   | query_time, 0.00012033432722091675
2024-05-16 20:51:13 | TRACE   | query_time, 0.0001291520893573761
2024-05-16 20:51:13 | TRACE   | query_time, 0.00011975690722465515
2024-05-16 20:51:13 | TRACE   | query_time, 0.00013718754053115845
2024-05-16 20:51:13 | TRACE   | query_time, 0.00013043731451034546
2024-05-16 20:51:13 | TRACE   | query_time, 0.00012014806270599365
2024-05-16 20:51:13 | TRACE   | query_time, 0.00013643130660057068
2024-05-16 20:51:13 | TRACE   | query_time, 0.00011980906128883362
2024-05-16 20:51:13 | TRACE   | query_time, 0.0001306198537349701
2024-05-16 20:51:13 | TRACE   | query_time, 0.00014991313219070435
2024-05-16 20:51:13 | TRACE   | query_time, 0.00014737248420715332
2024-05-16 20:51:13 | TRACE   | query_time, 0.0001297295093536377
2024-05-16 20:51:13 | TRACE   | query_time, 0.00012013688683509827
2024-05-16 20:51:13 | TRACE   | query_time, 0.00013723596930503845
2024-05-16 20:51:13 | TRACE   | query_time, 0.000119820237159729
2024-05-16 20:51:13 | TRACE   | query_time, 0.0001470036804676056
2024-05-16 20:51:13 | TRACE   | query_time, 0.00011931359767913818
2024-05-16 20:51:13 | TRACE   | query_time, 0.00014698877930641174
2024-05-16 20:51:13 | TRACE   | query_time, 0.00014798715710639954
2024-05-16 20:51:13 | TRACE   | query_time, 0.00012022629380226135
2024-05-16 20:51:13 | TRACE   | query_time, 0.00014868006110191345
2024-05-16 20:51:13 | TRACE   | query_time, 0.00012798979878425598
2024-05-16 20:51:13 | TRACE   | query_time, 0.0001209154725074768
2024-05-16 20:51:13 | TRACE   | query_time, 0.00012161582708358765
2024-05-16 20:51:13 | TRACE   | query_time, 0.00014664605259895325
2024-05-16 20:51:13 | TRACE   | query_time, 0.00012923777103424072
2024-05-16 20:51:13 | TRACE   | query_time, 0.00014708563685417175
2024-05-16 20:51:13 | TRACE   | query_time, 0.00012900680303573608
2024-05-16 20:51:13 | TRACE   | query_time, 0.0001474618911743164
2024-05-16 20:51:13 | TRACE   | query_time, 0.0001468062400817871
2024-05-16 20:51:13 | TRACE   | query_time, 0.00014854967594146729
2024-05-16 20:51:13 | TRACE   | query_time, 0.0001198500394821167
2024-05-16 20:51:13 | TRACE   | query_time, 0.00013756752014160156
2024-05-16 20:51:13 | TRACE   | query_time, 0.00014716386795043945
2024-05-16 20:51:13 | TRACE   | query_time, 0.00014745444059371948
2024-05-16 20:51:13 | TRACE   | query_time, 0.00012255460023880005
2024-05-16 20:51:13 | TRACE   | query_time, 0.00012865662574768066
2024-05-16 20:51:13 | TRACE   | query_time, 0.0001284778118133545
2024-05-16 20:51:13 | TRACE   | query_time, 0.0001200549304485321
2024-05-16 20:51:13 | TRACE   | query_time, 0.00012931227684020996
2024-05-16 20:51:13 | TRACE   | query_time, 0.00012969598174095154
2024-05-16 20:51:13 | TRACE   | query_time, 0.0001474246382713318
2024-05-16 20:51:13 | TRACE   | query_time, 0.00015146657824516296
2024-05-16 20:51:13 | TRACE   | query_time, 0.00014508888125419617
2024-05-16 20:51:13 | TRACE   | query_time, 0.00014615431427955627
2024-05-16 20:51:13 | TRACE   | query_time, 0.00011850520968437195
2024-05-16 20:51:13 | TRACE   | query_time, 0.00013631954789161682
2024-05-16 20:51:13 | TRACE   | query_time, 0.000118989497423172
2024-05-16 20:51:13 | TRACE   | query_time, 0.00014639273285865784
2024-05-16 20:51:13 | TRACE   | query_time, 0.0001292601227760315
2024-05-16 20:51:13 | TRACE   | query_time, 0.0001459568738937378
2024-05-16 20:51:13 | TRACE   | query_time, 0.00013757869601249695
2024-05-16 20:51:13 | TRACE   | query_time, 0.00011773034930229187
2024-05-16 20:51:13 | TRACE   | query_time, 0.00014624372124671936
2024-05-16 20:51:13 | TRACE   | query_time, 0.00011928752064704895
2024-05-16 20:51:13 | TRACE   | query_time, 0.00012916699051856995
2024-05-16 20:51:13 | TRACE   | query_time, 0.00014635175466537476
2024-05-16 20:51:13 | TRACE   | query_time, 0.0001284293830394745
2024-05-16 20:51:13 | TRACE   | query_time, 0.00012822076678276062
2024-05-16 20:51:13 | TRACE   | query_time, 0.000128917396068573
2024-05-16 20:51:13 | TRACE   | query_time, 0.0001464933156967163
2024-05-16 20:51:13 | TRACE   | query_time, 0.0001288391649723053
2024-05-16 20:51:13 | TRACE   | query_time, 0.0001472383737564087
2024-05-16 20:51:13 | TRACE   | query_time, 0.0001505240797996521
2024-05-16 20:51:13 | TRACE   | query_time, 0.000147257000207901
2024-05-16 20:51:13 | TRACE   | query_time, 0.00013107433915138245
2024-05-16 20:51:13 | TRACE   | query_time, 0.0001379847526550293
2024-05-16 20:51:13 | TRACE   | query_time, 0.00011916831135749817
2024-05-16 20:51:13 | TRACE   | query_time, 0.00011801719665527344
2024-05-16 20:51:13 | TRACE   | query_time, 0.00012911483645439148
2024-05-16 20:51:13 | TRACE   | query_time, 0.00012955814599990845
2024-05-16 20:51:13 | TRACE   | query_time, 0.00012942776083946228
2024-05-16 20:51:13 | TRACE   | query_time, 0.00014836713671684265
2024-05-16 20:51:13 | TRACE   | query_time, 0.00012012198567390442
2024-05-16 20:51:13 | TRACE   | query_time, 0.00014708936214447021
2024-05-16 20:51:13 | TRACE   | query_time, 0.00012994930148124695
2024-05-16 20:51:13 | TRACE   | query_time, 0.00012092292308807373
2024-05-16 20:51:13 | TRACE   | query_time, 0.0001378767192363739
2024-05-16 20:51:13 | TRACE   | query_time, 0.00014807656407356262
2024-05-16 20:51:13 | TRACE   | query_time, 0.0001292303204536438
2024-05-16 20:51:13 | TRACE   | query_time, 0.00014714524149894714
2024-05-16 20:51:13 | TRACE   | query_time, 0.000138942152261734
2024-05-16 20:51:13 | TRACE   | query_time, 0.0001205839216709137
2024-05-16 20:51:13 | TRACE   | query_time, 0.00014868751168251038
2024-05-16 20:51:13 | TRACE   | query_time, 0.00012486055493354797
2024-05-16 20:51:13 | TRACE   | query_time, 0.00013015419244766235
2024-05-16 20:51:13 | TRACE   | query_time, 0.0001297295093536377
2024-05-16 20:51:13 | TRACE   | query_time, 0.00014870613813400269
2024-05-16 20:51:13 | TRACE   | query_time, 0.00012949109077453613
2024-05-16 20:51:13 | TRACE   | query_time, 0.00012057274580001831
2024-05-16 20:51:13 | TRACE   | query_time, 0.00014720112085342407
2024-05-16 20:51:13 | TRACE   | query_time, 0.00012822449207305908
2024-05-16 20:51:13 | TRACE   | query_time, 0.00014651194214820862
2024-05-16 20:51:13 | TRACE   | query_time, 0.0001289844512939453
2024-05-16 20:51:13 | TRACE   | query_time, 0.00014778226613998413
2024-05-16 20:51:13 | TRACE   | query_time, 0.00014856085181236267
2024-05-16 20:51:13 | TRACE   | query_time, 0.00012039020657539368
2024-05-16 20:51:13 | TRACE   | query_time, 0.00012018531560897827
2024-05-16 20:51:13 | TRACE   | query_time, 0.00013733282685279846
2024-05-16 20:51:13 | TRACE   | query_time, 0.00014728307723999023
2024-05-16 20:51:13 | TRACE   | query_time, 0.00014846399426460266
2024-05-16 20:51:13 | TRACE   | query_time, 0.00012006610631942749
2024-05-16 20:51:13 | TRACE   | query_time, 0.00013051554560661316
2024-05-16 20:51:13 | TRACE   | query_time, 0.0001294054090976715
2024-05-16 20:51:13 | TRACE   | query_time, 0.00011969730257987976
2024-05-16 20:51:13 | TRACE   | query_time, 0.00012095272541046143
2024-05-16 20:51:13 | TRACE   | query_time, 0.0001210533082485199
2024-05-16 20:51:13 | TRACE   | query_time, 0.00012934580445289612
2024-05-16 20:51:13 | TRACE   | query_time, 0.00012915581464767456
2024-05-16 20:51:13 | TRACE   | query_time, 0.00014808028936386108
2024-05-16 20:51:13 | TRACE   | query_time, 0.00012126192450523376
2024-05-16 20:51:13 | TRACE   | query_time, 0.00014666467905044556
2024-05-16 20:51:13 | TRACE   | query_time, 0.0001311376690864563
2024-05-16 20:51:13 | TRACE   | query_time, 0.00012009963393211365
2024-05-16 20:51:13 | TRACE   | query_time, 0.00012103095650672913
2024-05-16 20:51:13 | TRACE   | query_time, 0.00014929845929145813
2024-05-16 20:51:13 | TRACE   | query_time, 0.0001224018633365631
2024-05-16 20:51:13 | TRACE   | query_time, 0.00014931336045265198
2024-05-16 20:51:13 | TRACE   | query_time, 0.00014787912368774414
2024-05-16 20:51:13 | TRACE   | query_time, 0.00012036412954330444
2024-05-16 20:51:13 | TRACE   | query_time, 0.000148136168718338
2024-05-16 20:51:13 | TRACE   | query_time, 0.00012931227684020996
2024-05-16 20:51:13 | TRACE   | query_time, 0.00012994930148124695
2024-05-16 20:51:13 | TRACE   | query_time, 0.00011967122554779053
2024-05-16 20:51:13 | TRACE   | query_time, 0.00013033300638198853
2024-05-16 20:51:13 | TRACE   | query_time, 0.00012920424342155457
2024-05-16 20:51:13 | TRACE   | query_time, 0.0001324489712715149
2024-05-16 20:51:13 | TRACE   | query_time, 0.00014857202768325806
2024-05-16 20:51:13 | TRACE   | query_time, 0.00015484541654586792
2024-05-16 20:51:13 | TRACE   | query_time, 0.00012028589844703674
2024-05-16 20:51:13 | TRACE   | query_time, 0.00011963397264480591
2024-05-16 20:51:13 | TRACE   | query_time, 0.00013844668865203857
2024-05-16 20:51:13 | TRACE   | query_time, 0.00011884793639183044
2024-05-16 20:51:13 | TRACE   | query_time, 0.00012903288006782532
2024-05-16 20:51:13 | TRACE   | query_time, 0.00012997910380363464
2024-05-16 20:51:13 | TRACE   | query_time, 0.00011901929974555969
2024-05-16 20:51:13 | TRACE   | query_time, 0.00012904778122901917
2024-05-16 20:51:13 | TRACE   | query_time, 0.00012868642807006836
2024-05-16 20:51:13 | TRACE   | query_time, 0.00012948736548423767
2024-05-16 20:51:13 | TRACE   | query_time, 0.00014701485633850098
2024-05-16 20:51:13 | TRACE   | query_time, 0.0001476183533668518
2024-05-16 20:51:13 | TRACE   | query_time, 0.00011865049600601196
2024-05-16 20:51:13 | TRACE   | query_time, 0.0001286230981349945
2024-05-16 20:51:13 | TRACE   | query_time, 0.0001198984682559967
2024-05-16 20:51:13 | TRACE   | query_time, 0.00013739615678787231
2024-05-16 20:51:13 | TRACE   | query_time, 0.00011957064270973206
2024-05-16 20:51:13 | TRACE   | query_time, 0.00014689937233924866
2024-05-16 20:51:13 | TRACE   | query_time, 0.00012963265180587769
2024-05-16 20:51:13 | TRACE   | query_time, 0.0001484304666519165
2024-05-16 20:51:13 | TRACE   | query_time, 0.00012079998850822449
2024-05-16 20:51:13 | TRACE   | query_time, 0.00014785677194595337
2024-05-16 20:51:13 | TRACE   | query_time, 0.00014799833297729492
2024-05-16 20:51:13 | TRACE   | query_time, 0.00014718249440193176
2024-05-16 20:51:13 | TRACE   | query_time, 0.00012075155973434448
2024-05-16 20:51:13 | TRACE   | query_time, 0.00012916699051856995
2024-05-16 20:51:13 | TRACE   | query_time, 0.00012876838445663452
2024-05-16 20:51:13 | TRACE   | query_time, 0.00012076273560523987
2024-05-16 20:51:13 | TRACE   | query_time, 0.00012934207916259766
2024-05-16 20:51:13 | TRACE   | query_time, 0.00011986866593360901
2024-05-16 20:51:13 | TRACE   | query_time, 0.0001464933156967163
2024-05-16 20:51:13 | TRACE   | query_time, 0.00013102591037750244
2024-05-16 20:51:13 | TRACE   | query_time, 0.00014761462807655334
2024-05-16 20:51:13 | TRACE   | query_time, 0.00014798715710639954
2024-05-16 20:51:13 | TRACE   | query_time, 0.00012181699275970459
2024-05-16 20:51:13 | TRACE   | query_time, 0.00012941285967826843
2024-05-16 20:51:13 | TRACE   | query_time, 0.0001216493546962738
2024-05-16 20:51:13 | TRACE   | query_time, 0.00011996924877166748
2024-05-16 20:51:13 | TRACE   | query_time, 0.0001384839415550232
2024-05-16 20:51:13 | TRACE   | query_time, 0.00014717131853103638
2024-05-16 20:51:13 | TRACE   | query_time, 0.00014763697981834412
2024-05-16 20:51:13 | TRACE   | query_time, 0.00012012198567390442
2024-05-16 20:51:13 | TRACE   | query_time, 0.0001299344003200531
2024-05-16 20:51:13 | TRACE   | query_time, 0.00012121349573135376
2024-05-16 20:51:13 | TRACE   | query_time, 0.00012069940567016602
2024-05-16 20:51:13 | TRACE   | query_time, 0.00012978911399841309
2024-05-16 20:51:13 | TRACE   | query_time, 0.00013158470392227173
2024-05-16 20:51:13 | TRACE   | query_time, 0.00014734268188476562
2024-05-16 20:51:13 | TRACE   | query_time, 0.00014753267168998718
2024-05-16 20:51:13 | TRACE   | query_time, 0.00012069940567016602
2024-05-16 20:51:13 | TRACE   | query_time, 0.00014786794781684875
2024-05-16 20:51:13 | TRACE   | query_time, 0.00014755502343177795
2024-05-16 20:51:13 | TRACE   | query_time, 0.0001385025680065155
2024-05-16 20:51:13 | TRACE   | query_time, 0.00012056902050971985
2024-05-16 20:51:13 | TRACE   | query_time, 0.00014729797840118408
2024-05-16 20:51:13 | TRACE   | query_time, 0.00014764443039894104
2024-05-16 20:51:13 | TRACE   | query_time, 0.00012069940567016602
2024-05-16 20:51:13 | TRACE   | query_time, 0.00014763325452804565
2024-05-16 20:51:13 | TRACE   | query_time, 0.00012059882283210754
2024-05-16 20:51:13 | TRACE   | query_time, 0.00013358145952224731
2024-05-16 20:51:13 | TRACE   | query_time, 0.00014705583453178406
2024-05-16 20:51:13 | TRACE   | query_time, 0.0001300126314163208
2024-05-16 20:51:13 | TRACE   | query_time, 0.00012926384806632996
2024-05-16 20:51:13 | TRACE   | query_time, 0.00012004747986793518
2024-05-16 20:51:13 | TRACE   | query_time, 0.00013078749179840088
2024-05-16 20:51:13 | TRACE   | query_time, 0.0001475103199481964
2024-05-16 20:51:13 | TRACE   | query_time, 0.0001285560429096222
2024-05-16 20:51:13 | TRACE   | query_time, 0.00014633312821388245
2024-05-16 20:51:13 | TRACE   | query_time, 0.0001467578113079071
2024-05-16 20:51:13 | TRACE   | query_time, 0.00012029707431793213
2024-05-16 20:51:13 | TRACE   | query_time, 0.00012933462858200073
2024-05-16 20:51:13 | TRACE   | query_time, 0.000120554119348526
2024-05-16 20:51:13 | TRACE   | query_time, 0.0001386702060699463
2024-05-16 20:51:13 | TRACE   | query_time, 0.00014739856123924255
2024-05-16 20:51:13 | TRACE   | query_time, 0.0001473836600780487
2024-05-16 20:51:13 | TRACE   | query_time, 0.00012924522161483765
2024-05-16 20:51:13 | TRACE   | query_time, 0.00011990591883659363
2024-05-16 20:51:13 | TRACE   | query_time, 0.0001203194260597229
2024-05-16 20:51:13 | TRACE   | query_time, 0.00012984126806259155
2024-05-16 20:51:13 | TRACE   | query_time, 0.00012871623039245605
2024-05-16 20:51:13 | TRACE   | query_time, 0.00015120208263397217
2024-05-16 20:51:13 | TRACE   | query_time, 0.0001479797065258026
2024-05-16 20:51:13 | TRACE   | query_time, 0.00014710426330566406
2024-05-16 20:51:13 | TRACE   | query_time, 0.00012090429663658142
2024-05-16 20:51:13 | TRACE   | query_time, 0.00013770535588264465
2024-05-16 20:51:13 | TRACE   | query_time, 0.00012179836630821228
2024-05-16 20:51:13 | TRACE   | query_time, 0.00014701485633850098
2024-05-16 20:51:13 | TRACE   | query_time, 0.00014919042587280273
2024-05-16 20:51:13 | TRACE   | query_time, 0.00013853609561920166
2024-05-16 20:51:13 | TRACE   | query_time, 0.00012091174721717834
2024-05-16 20:51:13 | TRACE   | query_time, 0.0001484006643295288
2024-05-16 20:51:13 | TRACE   | query_time, 0.00014796480536460876
2024-05-16 20:51:13 | TRACE   | query_time, 0.00014709681272506714
2024-05-16 20:51:13 | TRACE   | query_time, 0.0001222565770149231
2024-05-16 20:51:13 | TRACE   | query_time, 0.00012985244393348694
2024-05-16 20:51:13 | TRACE   | query_time, 0.00013017654418945312
2024-05-16 20:51:13 | TRACE   | query_time, 0.00012832507491111755
2024-05-16 20:51:13 | TRACE   | query_time, 0.00012973695993423462
2024-05-16 20:51:13 | TRACE   | query_time, 0.00012107565999031067
2024-05-16 20:51:13 | TRACE   | query_time, 0.00012882426381111145
2024-05-16 20:51:13 | TRACE   | query_time, 0.00011945143342018127
2024-05-16 20:51:13 | TRACE   | query_time, 0.000151805579662323
2024-05-16 20:51:13 | TRACE   | query_time, 0.00013205409049987793
2024-05-16 20:51:13 | TRACE   | query_time, 0.00014864280819892883
2024-05-16 20:51:13 | TRACE   | query_time, 0.0001459456980228424
2024-05-16 20:51:13 | TRACE   | query_time, 0.0001470223069190979
2024-05-16 20:51:13 | TRACE   | query_time, 0.00012122467160224915
2024-05-16 20:51:13 | TRACE   | query_time, 0.0001295432448387146
2024-05-16 20:51:13 | TRACE   | query_time, 0.0001193806529045105
2024-05-16 20:51:13 | TRACE   | query_time, 0.00013757497072219849
2024-05-16 20:51:13 | TRACE   | query_time, 0.00014771521091461182
2024-05-16 20:51:13 | TRACE   | query_time, 0.00014677643775939941
2024-05-16 20:51:13 | TRACE   | query_time, 0.00012169405817985535
2024-05-16 20:51:13 | TRACE   | query_time, 0.00012944266200065613
2024-05-16 20:51:13 | TRACE   | query_time, 0.00012002885341644287
2024-05-16 20:51:13 | TRACE   | query_time, 0.00012959539890289307
2024-05-16 20:51:13 | TRACE   | query_time, 0.0001208372414112091
2024-05-16 20:51:13 | TRACE   | query_time, 0.00012953206896781921
2024-05-16 20:51:13 | TRACE   | query_time, 0.00014687329530715942
2024-05-16 20:51:13 | TRACE   | query_time, 0.00012040510773658752
2024-05-16 20:51:13 | TRACE   | query_time, 0.00014759600162506104
2024-05-16 20:51:13 | TRACE   | query_time, 0.000129062682390213
2024-05-16 20:51:13 | TRACE   | query_time, 0.0001238696277141571
2024-05-16 20:51:13 | TRACE   | query_time, 0.00014629215002059937
2024-05-16 20:51:13 | TRACE   | query_time, 0.00013739243149757385
2024-05-16 20:51:13 | TRACE   | query_time, 0.00012120231986045837
2024-05-16 20:51:13 | TRACE   | query_time, 0.00013011321425437927
2024-05-16 20:51:13 | TRACE   | query_time, 0.00014763325452804565
2024-05-16 20:51:13 | TRACE   | query_time, 0.00012857839465141296
2024-05-16 20:51:13 | TRACE   | query_time, 0.0001460537314414978
2024-05-16 20:51:13 | TRACE   | query_time, 0.00012959539890289307
2024-05-16 20:51:13 | TRACE   | query_time, 0.0001204460859298706
2024-05-16 20:51:13 | TRACE   | query_time, 0.00013015419244766235
2024-05-16 20:51:13 | TRACE   | query_time, 0.00012095645070075989
2024-05-16 20:51:13 | TRACE   | query_time, 0.00012950599193572998
2024-05-16 20:51:13 | TRACE   | query_time, 0.00014841929078102112
2024-05-16 20:51:13 | TRACE   | query_time, 0.00013009831309318542
2024-05-16 20:51:13 | TRACE   | query_time, 0.00014793500304222107
2024-05-16 20:51:13 | TRACE   | query_time, 0.00014665722846984863
2024-05-16 20:51:13 | TRACE   | query_time, 0.00014712288975715637
2024-05-16 20:51:13 | TRACE   | query_time, 0.00012020021677017212
2024-05-16 20:51:13 | TRACE   | query_time, 0.00012898817658424377
2024-05-16 20:51:13 | TRACE   | query_time, 0.00012069195508956909
2024-05-16 20:51:13 | TRACE   | query_time, 0.00012496858835220337
2024-05-16 20:51:13 | TRACE   | query_time, 0.0001484900712966919
2024-05-16 20:51:13 | TRACE   | query_time, 0.00014769285917282104
2024-05-16 20:51:13 | TRACE   | query_time, 0.00011998042464256287
2024-05-16 20:51:13 | TRACE   | query_time, 0.00012911856174468994
2024-05-16 20:51:13 | TRACE   | query_time, 0.00012049823999404907
2024-05-16 20:51:13 | TRACE   | query_time, 0.00012047961354255676
2024-05-16 20:51:13 | TRACE   | query_time, 0.0001283586025238037
2024-05-16 20:51:13 | TRACE   | query_time, 0.00011979416012763977
2024-05-16 20:51:13 | TRACE   | query_time, 0.00012973323464393616
2024-05-16 20:51:13 | TRACE   | query_time, 0.00012991204857826233
2024-05-16 20:51:13 | TRACE   | query_time, 0.00014898180961608887
2024-05-16 20:51:13 | TRACE   | query_time, 0.0001479610800743103
2024-05-16 20:51:13 | TRACE   | query_time, 0.00014725327491760254
2024-05-16 20:51:13 | TRACE   | query_time, 0.00014778971672058105
2024-05-16 20:51:13 | TRACE   | query_time, 0.00011963769793510437
2024-05-16 20:51:13 | TRACE   | query_time, 0.00012114271521568298
2024-05-16 20:51:13 | TRACE   | query_time, 0.00025513768196105957
2024-05-16 20:51:13 | TRACE   | query_time, 0.00023800507187843323
2024-05-16 20:51:13 | TRACE   | query_time, 0.00031197816133499146
2024-05-16 20:51:13 | TRACE   | query_time, 0.00023940205574035645
2024-05-16 20:51:13 | TRACE   | query_time, 0.0002828650176525116
2024-05-16 20:51:13 | TRACE   | query_time, 0.0002910308539867401
2024-05-16 20:51:13 | TRACE   | query_time, 0.00025244057178497314
2024-05-16 20:51:13 | TRACE   | query_time, 0.00023468583822250366
2024-05-16 20:51:13 | TRACE   | query_time, 0.0002811551094055176
2024-05-16 20:51:13 | TRACE   | query_time, 0.0002901516854763031
2024-05-16 20:51:13 | TRACE   | query_time, 0.00024502724409103394
2024-05-16 20:51:13 | TRACE   | query_time, 0.0002359822392463684
2024-05-16 20:51:13 | TRACE   | query_time, 0.0002879612147808075
2024-05-16 20:51:13 | TRACE   | query_time, 0.000279352068901062
2024-05-16 20:51:13 | TRACE   | query_time, 0.0002850554883480072
2024-05-16 20:51:13 | TRACE   | query_time, 0.0002446211874485016
2024-05-16 20:51:13 | TRACE   | query_time, 0.0002804696559906006
2024-05-16 20:51:13 | TRACE   | query_time, 0.00023568421602249146
2024-05-16 20:51:13 | TRACE   | query_time, 0.0002832375466823578
2024-05-16 20:51:13 | TRACE   | query_time, 0.00028071925044059753
2024-05-16 20:51:13 | TRACE   | query_time, 0.00023675337433815002
2024-05-16 20:51:13 | TRACE   | query_time, 0.00028228759765625
2024-05-16 20:51:13 | TRACE   | query_time, 0.00023604556918144226
2024-05-16 20:51:13 | TRACE   | query_time, 0.00024368241429328918
2024-05-16 20:51:13 | TRACE   | query_time, 0.00023613125085830688
2024-05-16 20:51:13 | TRACE   | query_time, 0.00025348737835884094
2024-05-16 20:51:13 | TRACE   | query_time, 0.00023562461137771606
2024-05-16 20:51:13 | TRACE   | query_time, 0.00028257817029953003
2024-05-16 20:51:13 | TRACE   | query_time, 0.0002354755997657776
2024-05-16 20:51:13 | TRACE   | query_time, 0.0002791211009025574
2024-05-16 20:51:13 | TRACE   | query_time, 0.0002346634864807129
2024-05-16 20:51:13 | TRACE   | query_time, 0.00028146058320999146
2024-05-16 20:51:13 | TRACE   | query_time, 0.00023513659834861755
2024-05-16 20:51:13 | TRACE   | query_time, 0.00028116628527641296
2024-05-16 20:51:13 | TRACE   | query_time, 0.00023522600531578064
2024-05-16 20:51:13 | TRACE   | query_time, 0.00028271228075027466
2024-05-16 20:51:13 | TRACE   | query_time, 0.00023585185408592224
2024-05-16 20:51:13 | TRACE   | query_time, 0.0002638883888721466
2024-05-16 20:51:13 | TRACE   | query_time, 0.00029166415333747864
2024-05-16 20:51:13 | TRACE   | query_time, 0.00023518875241279602
2024-05-16 20:51:13 | TRACE   | query_time, 0.00023989379405975342
2024-05-16 20:51:13 | TRACE   | query_time, 0.00027855485677719116
2024-05-16 20:51:13 | TRACE   | query_time, 0.00023550912737846375
2024-05-16 20:51:13 | TRACE   | query_time, 0.00028120726346969604
2024-05-16 20:51:13 | TRACE   | query_time, 0.00028147175908088684
2024-05-16 20:51:13 | TRACE   | query_time, 0.00023465603590011597
2024-05-16 20:51:13 | TRACE   | query_time, 0.000279795378446579
2024-05-16 20:51:13 | TRACE   | query_time, 0.00024307146668434143
2024-05-16 20:51:13 | TRACE   | query_time, 0.000290893018245697
2024-05-16 20:51:13 | TRACE   | query_time, 0.0002347119152545929
2024-05-16 20:51:13 | TRACE   | query_time, 0.0002355538308620453
2024-05-16 20:51:13 | TRACE   | query_time, 0.00023383647203445435
2024-05-16 20:51:13 | TRACE   | query_time, 0.00023651495575904846
2024-05-16 20:51:13 | TRACE   | query_time, 0.0002818256616592407
2024-05-16 20:51:13 | TRACE   | query_time, 0.0002906285226345062
2024-05-16 20:51:13 | TRACE   | query_time, 0.00023533031344413757
2024-05-16 20:51:13 | TRACE   | query_time, 0.0002536401152610779
2024-05-16 20:51:13 | TRACE   | query_time, 0.00023642927408218384
2024-05-16 20:51:13 | TRACE   | query_time, 0.0002829805016517639
2024-05-16 20:51:13 | TRACE   | query_time, 0.0002368837594985962
2024-05-16 20:51:13 | TRACE   | query_time, 0.0002806149423122406
2024-05-16 20:51:13 | TRACE   | query_time, 0.00023593008518218994
2024-05-16 20:51:13 | TRACE   | query_time, 0.000281747430562973
2024-05-16 20:51:13 | TRACE   | query_time, 0.00028032809495925903
2024-05-16 20:51:13 | TRACE   | query_time, 0.00028747692704200745
2024-05-16 20:51:13 | TRACE   | query_time, 0.00024815648794174194
2024-05-16 20:51:13 | TRACE   | query_time, 0.00023372098803520203
2024-05-16 20:51:13 | TRACE   | query_time, 0.00024418905377388
2024-05-16 20:51:13 | TRACE   | query_time, 0.00023514777421951294
2024-05-16 20:51:13 | TRACE   | query_time, 0.00024408474564552307
2024-05-16 20:51:13 | TRACE   | query_time, 0.00023620948195457458
2024-05-16 20:51:13 | TRACE   | query_time, 0.00027780234813690186
2024-05-16 20:51:13 | TRACE   | query_time, 0.0002430938184261322
2024-05-16 20:51:13 | TRACE   | query_time, 0.00027875974774360657
2024-05-16 20:51:13 | TRACE   | query_time, 0.0002779439091682434
2024-05-16 20:51:13 | TRACE   | query_time, 0.0002783872187137604
2024-05-16 20:51:13 | TRACE   | query_time, 0.00029146671295166016
2024-05-16 20:51:13 | TRACE   | query_time, 0.000245559960603714
2024-05-16 20:51:13 | TRACE   | query_time, 0.0002843216061592102
2024-05-16 20:51:13 | TRACE   | query_time, 0.0002796165645122528
2024-05-16 20:51:13 | TRACE   | query_time, 0.0002771057188510895
2024-05-16 20:51:13 | TRACE   | query_time, 0.00023584440350532532
2024-05-16 20:51:13 | TRACE   | query_time, 0.00027911365032196045
2024-05-16 20:51:13 | TRACE   | query_time, 0.00023460015654563904
2024-05-16 20:51:13 | TRACE   | query_time, 0.00027954205870628357
2024-05-16 20:51:13 | TRACE   | query_time, 0.00023528188467025757
2024-05-16 20:51:13 | TRACE   | query_time, 0.00027860328555107117
2024-05-16 20:51:13 | TRACE   | query_time, 0.00026042014360427856
2024-05-16 20:51:13 | TRACE   | query_time, 0.00028769299387931824
2024-05-16 20:51:13 | TRACE   | query_time, 0.00023385882377624512
2024-05-16 20:51:13 | TRACE   | query_time, 0.00023781880736351013
2024-05-16 20:51:13 | TRACE   | query_time, 0.00023567304015159607
2024-05-16 20:51:13 | TRACE   | query_time, 0.00023460760712623596
2024-05-16 20:51:13 | TRACE   | query_time, 0.0002802722156047821
2024-05-16 20:51:13 | TRACE   | query_time, 0.00028006359934806824
2024-05-16 20:51:13 | TRACE   | query_time, 0.00027814507484436035
2024-05-16 20:51:13 | TRACE   | query_time, 0.00024513155221939087
2024-05-16 20:51:13 | TRACE   | query_time, 0.00023508071899414062
2024-05-16 20:51:13 | TRACE   | query_time, 0.00024172663688659668
2024-05-16 20:51:13 | TRACE   | query_time, 0.000277642160654068
2024-05-16 20:51:13 | TRACE   | query_time, 0.00027985870838165283
2024-05-16 20:51:13 | TRACE   | query_time, 0.0002446472644805908
2024-05-16 20:51:13 | TRACE   | query_time, 0.0002456754446029663
2024-05-16 20:51:13 | TRACE   | query_time, 0.0002825520932674408
2024-05-16 20:51:13 | TRACE   | query_time, 0.00029129162430763245
2024-05-16 20:51:13 | TRACE   | query_time, 0.00023628771305084229
2024-05-16 20:51:13 | TRACE   | query_time, 0.0002349279820919037
2024-05-16 20:51:13 | TRACE   | query_time, 0.00023468956351280212
2024-05-16 20:51:13 | TRACE   | query_time, 0.0002914145588874817
2024-05-16 20:51:13 | TRACE   | query_time, 0.00023567304015159607
2024-05-16 20:51:13 | TRACE   | query_time, 0.0002769194543361664
2024-05-16 20:51:13 | TRACE   | query_time, 0.00028094276785850525
2024-05-16 20:51:13 | TRACE   | query_time, 0.000279795378446579
2024-05-16 20:51:13 | TRACE   | query_time, 0.0002811029553413391
2024-05-16 20:51:13 | TRACE   | query_time, 0.00023521855473518372
2024-05-16 20:51:13 | TRACE   | query_time, 0.00023323670029640198
2024-05-16 20:51:13 | TRACE   | query_time, 0.00028252601623535156
2024-05-16 20:51:13 | TRACE   | query_time, 0.0002447851002216339
2024-05-16 20:51:13 | TRACE   | query_time, 0.0002817511558532715
2024-05-16 20:51:13 | TRACE   | query_time, 0.00024397671222686768
2024-05-16 20:51:13 | TRACE   | query_time, 0.0002800188958644867
2024-05-16 20:51:13 | TRACE   | query_time, 0.0002640336751937866
2024-05-16 20:51:13 | TRACE   | query_time, 0.00023683160543441772
2024-05-16 20:51:13 | TRACE   | query_time, 0.00023733451962471008
2024-05-16 20:51:13 | TRACE   | query_time, 0.00028511881828308105
2024-05-16 20:51:13 | TRACE   | query_time, 0.00023622065782546997
2024-05-16 20:51:13 | TRACE   | query_time, 0.0002821795642375946
2024-05-16 20:51:13 | TRACE   | query_time, 0.0002814047038555145
2024-05-16 20:51:13 | TRACE   | query_time, 0.0002393275499343872
2024-05-16 20:51:13 | TRACE   | query_time, 0.0002359524369239807
2024-05-16 20:51:13 | TRACE   | query_time, 0.0002793259918689728
2024-05-16 20:51:13 | TRACE   | query_time, 0.00028094276785850525
2024-05-16 20:51:13 | TRACE   | query_time, 0.00024423748254776
2024-05-16 20:51:13 | TRACE   | query_time, 0.00028031691908836365
2024-05-16 20:51:13 | TRACE   | query_time, 0.0002644769847393036
2024-05-16 20:51:13 | TRACE   | query_time, 0.00027877092361450195
2024-05-16 20:51:13 | TRACE   | query_time, 0.0002917461097240448
2024-05-16 20:51:13 | TRACE   | query_time, 0.0002440027892589569
2024-05-16 20:51:13 | TRACE   | query_time, 0.0002805739641189575
2024-05-16 20:51:13 | TRACE   | query_time, 0.0002806521952152252
2024-05-16 20:51:13 | TRACE   | query_time, 0.00028407201170921326
2024-05-16 20:51:13 | TRACE   | query_time, 0.00028967857360839844
2024-05-16 20:51:13 | TRACE   | query_time, 0.00023622438311576843
2024-05-16 20:51:13 | TRACE   | query_time, 0.00028174370527267456
2024-05-16 20:51:13 | TRACE   | query_time, 0.0002453997731208801
2024-05-16 20:51:13 | TRACE   | query_time, 0.0002808421850204468
2024-05-16 20:51:13 | TRACE   | query_time, 0.0002369917929172516
2024-05-16 20:51:13 | TRACE   | query_time, 0.00028921663761138916
2024-05-16 20:51:13 | TRACE   | query_time, 0.0002780817449092865
2024-05-16 20:51:13 | TRACE   | query_time, 0.0002909265458583832
2024-05-16 20:51:13 | TRACE   | query_time, 0.0002789907157421112
2024-05-16 20:51:13 | TRACE   | query_time, 0.0002791360020637512
2024-05-16 20:51:13 | TRACE   | query_time, 0.000283021479845047
2024-05-16 20:51:13 | TRACE   | query_time, 0.00024263188242912292
2024-05-16 20:51:13 | TRACE   | query_time, 0.00027895718812942505
2024-05-16 20:51:13 | TRACE   | query_time, 0.00024358928203582764
2024-05-16 20:51:13 | TRACE   | query_time, 0.00023432821035385132
2024-05-16 20:51:13 | TRACE   | query_time, 0.00027872249484062195
2024-05-16 20:51:13 | TRACE   | query_time, 0.0002911202609539032
2024-05-16 20:51:13 | TRACE   | query_time, 0.0002892501652240753
2024-05-16 20:51:13 | TRACE   | query_time, 0.00028987228870391846
2024-05-16 20:51:13 | TRACE   | query_time, 0.0003285929560661316
2024-05-16 20:51:13 | TRACE   | query_time, 0.00028868764638900757
2024-05-16 20:51:13 | TRACE   | query_time, 0.0003281347453594208
2024-05-16 20:51:13 | TRACE   | query_time, 0.00030121952295303345
2024-05-16 20:51:13 | TRACE   | query_time, 0.0003281831741333008
2024-05-16 20:51:13 | TRACE   | query_time, 0.0003289133310317993
2024-05-16 20:51:13 | TRACE   | query_time, 0.00033748894929885864
2024-05-16 20:51:13 | TRACE   | query_time, 0.0003287903964519501
2024-05-16 20:51:13 | TRACE   | query_time, 0.00032855570316314697
2024-05-16 20:51:13 | TRACE   | query_time, 0.0003278963267803192
2024-05-16 20:51:13 | TRACE   | query_time, 0.00032947957515716553
2024-05-16 20:51:13 | TRACE   | query_time, 0.0002966783940792084
2024-05-16 20:51:13 | TRACE   | query_time, 0.0002897307276725769
2024-05-16 20:51:13 | TRACE   | query_time, 0.00033073127269744873
2024-05-16 20:51:13 | TRACE   | query_time, 0.0003279857337474823
2024-05-16 20:51:13 | TRACE   | query_time, 0.00032997503876686096
2024-05-16 20:51:13 | TRACE   | query_time, 0.00028931722044944763
2024-05-16 20:51:13 | TRACE   | query_time, 0.00029122084379196167
2024-05-16 20:51:13 | TRACE   | query_time, 0.00032739341259002686
2024-05-16 20:51:13 | TRACE   | query_time, 0.0003305859863758087
2024-05-16 20:51:13 | TRACE   | query_time, 0.0003330819308757782
2024-05-16 20:51:13 | TRACE   | query_time, 0.0002975575625896454
2024-05-16 20:51:13 | TRACE   | query_time, 0.0002893097698688507
2024-05-16 20:51:13 | TRACE   | query_time, 0.00032934918999671936
2024-05-16 20:51:13 | TRACE   | query_time, 0.000333983451128006
2024-05-16 20:51:13 | TRACE   | query_time, 0.0003302432596683502
2024-05-16 20:51:13 | TRACE   | query_time, 0.0002925284206867218
2024-05-16 20:51:13 | TRACE   | query_time, 0.000298086553812027
2024-05-16 20:51:13 | TRACE   | query_time, 0.0002898760139942169
2024-05-16 20:51:13 | TRACE   | query_time, 0.00032752007246017456
2024-05-16 20:51:13 | TRACE   | query_time, 0.00032806023955345154
2024-05-16 20:51:13 | TRACE   | query_time, 0.00029726698994636536
2024-05-16 20:51:13 | TRACE   | query_time, 0.00032880157232284546
2024-05-16 20:51:13 | TRACE   | query_time, 0.00032897666096687317
2024-05-16 20:51:13 | TRACE   | query_time, 0.0003146417438983917
2024-05-16 20:51:13 | TRACE   | query_time, 0.0002925656735897064
2024-05-16 20:51:13 | TRACE   | query_time, 0.0002910830080509186
2024-05-16 20:51:13 | TRACE   | query_time, 0.00033392012119293213
2024-05-16 20:51:13 | TRACE   | query_time, 0.00028977543115615845
2024-05-16 20:51:13 | TRACE   | query_time, 0.00033026188611984253
2024-05-16 20:51:13 | TRACE   | query_time, 0.00032944604754447937
2024-05-16 20:51:13 | TRACE   | query_time, 0.000329773873090744
2024-05-16 20:51:13 | TRACE   | query_time, 0.0002906396985054016
2024-05-16 20:51:13 | TRACE   | query_time, 0.0002906695008277893
2024-05-16 20:51:13 | TRACE   | query_time, 0.0003001466393470764
2024-05-16 20:51:13 | TRACE   | query_time, 0.00029386579990386963
2024-05-16 20:51:13 | TRACE   | query_time, 0.0003365911543369293
2024-05-16 20:51:13 | TRACE   | query_time, 0.0003349669277667999
2024-05-16 20:51:13 | TRACE   | query_time, 0.0002954751253128052
2024-05-16 20:51:13 | TRACE   | query_time, 0.0003312937915325165
2024-05-16 20:51:13 | TRACE   | query_time, 0.00028891488909721375
2024-05-16 20:51:13 | TRACE   | query_time, 0.00029756873846054077
2024-05-16 20:51:13 | TRACE   | query_time, 0.00032864511013031006
2024-05-16 20:51:13 | TRACE   | query_time, 0.0003068186342716217
2024-05-16 20:51:13 | TRACE   | query_time, 0.00029063597321510315
2024-05-16 20:51:13 | TRACE   | query_time, 0.0003280751407146454
2024-05-16 20:51:13 | TRACE   | query_time, 0.0002898760139942169
2024-05-16 20:51:13 | TRACE   | query_time, 0.00033229216933250427
2024-05-16 20:51:13 | TRACE   | query_time, 0.00032804161310195923
2024-05-16 20:51:13 | TRACE   | query_time, 0.000337257981300354
2024-05-16 20:51:13 | TRACE   | query_time, 0.00032895058393478394
2024-05-16 20:51:13 | TRACE   | query_time, 0.00032768771052360535
2024-05-16 20:51:13 | TRACE   | query_time, 0.0002983883023262024
2024-05-16 20:51:13 | TRACE   | query_time, 0.00029691681265830994
2024-05-16 20:51:13 | TRACE   | query_time, 0.0003276914358139038
2024-05-16 20:51:13 | TRACE   | query_time, 0.0002890974283218384
2024-05-16 20:51:13 | TRACE   | query_time, 0.0002980940043926239
2024-05-16 20:51:13 | TRACE   | query_time, 0.0002887248992919922
2024-05-16 20:51:13 | TRACE   | query_time, 0.00029122456908226013
2024-05-16 20:51:13 | TRACE   | query_time, 0.0003058388829231262
2024-05-16 20:51:13 | TRACE   | query_time, 0.00032975897192955017
2024-05-16 20:51:13 | TRACE   | query_time, 0.00032996758818626404
2024-05-16 20:51:13 | TRACE   | query_time, 0.00032609328627586365
2024-05-16 20:51:13 | TRACE   | query_time, 0.0003290213644504547
2024-05-16 20:51:13 | TRACE   | query_time, 0.00028808414936065674
2024-05-16 20:51:13 | TRACE   | query_time, 0.00032783299684524536
2024-05-16 20:51:13 | TRACE   | query_time, 0.0003287605941295624
2024-05-16 20:51:13 | TRACE   | query_time, 0.0002966374158859253
2024-05-16 20:51:13 | TRACE   | query_time, 0.00033305585384368896
2024-05-16 20:51:13 | TRACE   | query_time, 0.0003296695649623871
2024-05-16 20:51:13 | TRACE   | query_time, 0.0003289058804512024
2024-05-16 20:51:13 | TRACE   | query_time, 0.0002995319664478302
2024-05-16 20:51:13 | TRACE   | query_time, 0.0003305003046989441
2024-05-16 20:51:13 | TRACE   | query_time, 0.00033644214272499084
2024-05-16 20:51:13 | TRACE   | query_time, 0.00032968074083328247
2024-05-16 20:51:13 | TRACE   | query_time, 0.00029130280017852783
2024-05-16 20:51:13 | TRACE   | query_time, 0.0002884119749069214
2024-05-16 20:51:13 | TRACE   | query_time, 0.00029145926237106323
2024-05-16 20:51:13 | TRACE   | query_time, 0.0003295727074146271
2024-05-16 20:51:13 | TRACE   | query_time, 0.0003310106694698334
2024-05-16 20:51:13 | TRACE   | query_time, 0.0003360360860824585
2024-05-16 20:51:13 | TRACE   | query_time, 0.00033704936504364014
