2024-05-16 14:38:30 | DEBUG   | {'input': PosixPath('data/open_data_usa/indices/runtime_benchmark/rebinning.zst'), 'input_type': 'index', 'queries': PosixPath('data/open_data_usa/queries/runtime_benchmark.zst'), 'estimation_mode': None, 'index_mode': 'recall', 'hist_filter': PosixPath('data/open_data_usa/filters/01.zst'), 'output': None, 'workers': None, 'frequency_hists': False, 'suppress_results': False, 'log_level': 'INFO', 'log_file': PosixPath('logs/runtime_benchmark/low_selectivity/open_data_usa-collection-rebinning-single-2.log')}
2024-05-16 14:38:30 | DEBUG   | Loading input data from data/open_data_usa/indices/runtime_benchmark/rebinning.zst
2024-05-16 14:38:30 | DEBUG   | Loading queries from data/open_data_usa/queries/runtime_benchmark.zst
2024-05-16 14:38:30 | DEBUG   | Loading histogram filter from data/open_data_usa/filters/01.zst
2024-05-16 14:38:30 | TRACE   | bootstrap_time, 0.2192135453224182
2024-05-16 14:38:30 | DEBUG   | Starting execution
2024-05-16 14:38:30 | TRACE   | query_time, 0.00032173842191696167
2024-05-16 14:38:30 | TRACE   | query_time, 0.00013789162039756775
2024-05-16 14:38:30 | TRACE   | query_time, 0.00013026222586631775
2024-05-16 14:38:30 | TRACE   | query_time, 0.00013828277587890625
2024-05-16 14:38:30 | TRACE   | query_time, 0.00012200698256492615
2024-05-16 14:38:30 | TRACE   | query_time, 0.00014405697584152222
2024-05-16 14:38:30 | TRACE   | query_time, 0.00013411417603492737
2024-05-16 14:38:30 | TRACE   | query_time, 0.00015237554907798767
2024-05-16 14:38:30 | TRACE   | query_time, 0.00012926757335662842
2024-05-16 14:38:30 | TRACE   | query_time, 0.00011870265007019043
2024-05-16 14:38:30 | TRACE   | query_time, 0.00012956559658050537
2024-05-16 14:38:30 | TRACE   | query_time, 0.00014202669262886047
2024-05-16 14:38:30 | TRACE   | query_time, 0.00013549625873565674
2024-05-16 14:38:30 | TRACE   | query_time, 0.00012932345271110535
2024-05-16 14:38:30 | TRACE   | query_time, 0.0001324377954006195
2024-05-16 14:38:30 | TRACE   | query_time, 0.00012979656457901
2024-05-16 14:38:30 | TRACE   | query_time, 0.00012892857193946838
2024-05-16 14:38:30 | TRACE   | query_time, 0.0001278407871723175
2024-05-16 14:38:30 | TRACE   | query_time, 0.00012939423322677612
2024-05-16 14:38:30 | TRACE   | query_time, 0.00014618411660194397
2024-05-16 14:38:30 | TRACE   | query_time, 0.0001501142978668213
2024-05-16 14:38:30 | TRACE   | query_time, 0.00013150647282600403
2024-05-16 14:38:30 | TRACE   | query_time, 0.0001478157937526703
2024-05-16 14:38:30 | TRACE   | query_time, 0.00012841448187828064
2024-05-16 14:38:30 | TRACE   | query_time, 0.00012817606329917908
2024-05-16 14:38:30 | TRACE   | query_time, 0.00012861937284469604
2024-05-16 14:38:30 | TRACE   | query_time, 0.00012808293104171753
2024-05-16 14:38:30 | TRACE   | query_time, 0.00013116374611854553
2024-05-16 14:38:30 | TRACE   | query_time, 0.00012878328561782837
2024-05-16 14:38:30 | TRACE   | query_time, 0.0001491643488407135
2024-05-16 14:38:30 | TRACE   | query_time, 0.0001288279891014099
2024-05-16 14:38:30 | TRACE   | query_time, 0.00012792646884918213
2024-05-16 14:38:30 | TRACE   | query_time, 0.00012761354446411133
2024-05-16 14:38:30 | TRACE   | query_time, 0.0001326054334640503
2024-05-16 14:38:30 | TRACE   | query_time, 0.00013855844736099243
2024-05-16 14:38:30 | TRACE   | query_time, 0.00014269724488258362
2024-05-16 14:38:30 | TRACE   | query_time, 0.00013877451419830322
2024-05-16 14:38:30 | TRACE   | query_time, 0.00012922286987304688
2024-05-16 14:38:30 | TRACE   | query_time, 0.00013005360960960388
2024-05-16 14:38:30 | TRACE   | query_time, 0.00012000277638435364
2024-05-16 14:38:30 | TRACE   | query_time, 0.0001491755247116089
2024-05-16 14:38:30 | TRACE   | query_time, 0.00012126192450523376
2024-05-16 14:38:30 | TRACE   | query_time, 0.00012731924653053284
2024-05-16 14:38:30 | TRACE   | query_time, 0.00012786313891410828
2024-05-16 14:38:30 | TRACE   | query_time, 0.0001449882984161377
2024-05-16 14:38:30 | TRACE   | query_time, 0.0001466609537601471
2024-05-16 14:38:30 | TRACE   | query_time, 0.00012933462858200073
2024-05-16 14:38:30 | TRACE   | query_time, 0.00012919679284095764
2024-05-16 14:38:30 | TRACE   | query_time, 0.00012868642807006836
2024-05-16 14:38:30 | TRACE   | query_time, 0.00014109909534454346
2024-05-16 14:38:30 | TRACE   | query_time, 0.00012969970703125
2024-05-16 14:38:30 | TRACE   | query_time, 0.00011956319212913513
2024-05-16 14:38:30 | TRACE   | query_time, 0.00012902915477752686
2024-05-16 14:38:30 | TRACE   | query_time, 0.00012687966227531433
2024-05-16 14:38:30 | TRACE   | query_time, 0.0001310780644416809
2024-05-16 14:38:30 | TRACE   | query_time, 0.00014015287160873413
2024-05-16 14:38:30 | TRACE   | query_time, 0.00011819973587989807
2024-05-16 14:38:30 | TRACE   | query_time, 0.00014667585492134094
2024-05-16 14:38:30 | TRACE   | query_time, 0.00012930482625961304
2024-05-16 14:38:30 | TRACE   | query_time, 0.00014703720808029175
2024-05-16 14:38:30 | TRACE   | query_time, 0.0001278519630432129
2024-05-16 14:38:30 | TRACE   | query_time, 0.0001285746693611145
2024-05-16 14:38:30 | TRACE   | query_time, 0.0001263357698917389
2024-05-16 14:38:30 | TRACE   | query_time, 0.0001264512538909912
2024-05-16 14:38:30 | TRACE   | query_time, 0.00012728944420814514
2024-05-16 14:38:30 | TRACE   | query_time, 0.00012654438614845276
2024-05-16 14:38:30 | TRACE   | query_time, 0.00012391433119773865
2024-05-16 14:38:30 | TRACE   | query_time, 0.00012858211994171143
2024-05-16 14:38:30 | TRACE   | query_time, 0.00012845918536186218
2024-05-16 14:38:30 | TRACE   | query_time, 0.00011720135807991028
2024-05-16 14:38:30 | TRACE   | query_time, 0.00012728944420814514
2024-05-16 14:38:30 | TRACE   | query_time, 0.0001362636685371399
2024-05-16 14:38:30 | TRACE   | query_time, 0.00012839213013648987
2024-05-16 14:38:30 | TRACE   | query_time, 0.0001263655722141266
2024-05-16 14:38:30 | TRACE   | query_time, 0.00013177469372749329
2024-05-16 14:38:30 | TRACE   | query_time, 0.00013107433915138245
2024-05-16 14:38:30 | TRACE   | query_time, 0.00012836605310440063
2024-05-16 14:38:30 | TRACE   | query_time, 0.00013594701886177063
2024-05-16 14:38:30 | TRACE   | query_time, 0.00012708455324172974
2024-05-16 14:38:30 | TRACE   | query_time, 0.00013765692710876465
2024-05-16 14:38:30 | TRACE   | query_time, 0.00012784451246261597
2024-05-16 14:38:30 | TRACE   | query_time, 0.00012710317969322205
2024-05-16 14:38:30 | TRACE   | query_time, 0.00013417750597000122
2024-05-16 14:38:30 | TRACE   | query_time, 0.00012807920575141907
2024-05-16 14:38:30 | TRACE   | query_time, 0.0001269988715648651
2024-05-16 14:38:30 | TRACE   | query_time, 0.00012703612446784973
2024-05-16 14:38:30 | TRACE   | query_time, 0.00011831149458885193
2024-05-16 14:38:30 | TRACE   | query_time, 0.00013693049550056458
2024-05-16 14:38:30 | TRACE   | query_time, 0.0001280084252357483
2024-05-16 14:38:30 | TRACE   | query_time, 0.0001298859715461731
2024-05-16 14:38:30 | TRACE   | query_time, 0.0001274608075618744
2024-05-16 14:38:30 | TRACE   | query_time, 0.00012895092368125916
2024-05-16 14:38:30 | TRACE   | query_time, 0.0001385137438774109
2024-05-16 14:38:30 | TRACE   | query_time, 0.00012776628136634827
2024-05-16 14:38:30 | TRACE   | query_time, 0.0001361370086669922
2024-05-16 14:38:30 | TRACE   | query_time, 0.00012783706188201904
2024-05-16 14:38:30 | TRACE   | query_time, 0.00014108046889305115
2024-05-16 14:38:30 | TRACE   | query_time, 0.0001212581992149353
2024-05-16 14:38:30 | TRACE   | query_time, 0.00012696534395217896
2024-05-16 14:38:30 | TRACE   | query_time, 0.00014848262071609497
2024-05-16 14:38:30 | TRACE   | query_time, 0.00012930110096931458
2024-05-16 14:38:30 | TRACE   | query_time, 0.0001458972692489624
2024-05-16 14:38:30 | TRACE   | query_time, 0.00012690573930740356
2024-05-16 14:38:30 | TRACE   | query_time, 0.0001181773841381073
2024-05-16 14:38:30 | TRACE   | query_time, 0.00014569610357284546
2024-05-16 14:38:30 | TRACE   | query_time, 0.0001273415982723236
2024-05-16 14:38:30 | TRACE   | query_time, 0.00013026222586631775
2024-05-16 14:38:30 | TRACE   | query_time, 0.00011675059795379639
2024-05-16 14:38:30 | TRACE   | query_time, 0.00013013556599617004
2024-05-16 14:38:30 | TRACE   | query_time, 0.00011851638555526733
2024-05-16 14:38:30 | TRACE   | query_time, 0.00012753158807754517
2024-05-16 14:38:30 | TRACE   | query_time, 0.0001266077160835266
2024-05-16 14:38:30 | TRACE   | query_time, 0.00012770295143127441
2024-05-16 14:38:30 | TRACE   | query_time, 0.00012634322047233582
2024-05-16 14:38:30 | TRACE   | query_time, 0.00012699514627456665
2024-05-16 14:38:30 | TRACE   | query_time, 0.00012751296162605286
2024-05-16 14:38:30 | TRACE   | query_time, 0.00013002753257751465
2024-05-16 14:38:30 | TRACE   | query_time, 0.00012791156768798828
2024-05-16 14:38:30 | TRACE   | query_time, 0.0001277439296245575
2024-05-16 14:38:30 | TRACE   | query_time, 0.0001453608274459839
2024-05-16 14:38:30 | TRACE   | query_time, 0.0001283213496208191
2024-05-16 14:38:30 | TRACE   | query_time, 0.0001273229718208313
2024-05-16 14:38:30 | TRACE   | query_time, 0.00012800097465515137
2024-05-16 14:38:30 | TRACE   | query_time, 0.00012816861271858215
2024-05-16 14:38:30 | TRACE   | query_time, 0.00013177096843719482
2024-05-16 14:38:30 | TRACE   | query_time, 0.0001288875937461853
2024-05-16 14:38:30 | TRACE   | query_time, 0.00012764707207679749
2024-05-16 14:38:30 | TRACE   | query_time, 0.0001271478831768036
2024-05-16 14:38:30 | TRACE   | query_time, 0.000127498060464859
2024-05-16 14:38:30 | TRACE   | query_time, 0.0001270771026611328
2024-05-16 14:38:30 | TRACE   | query_time, 0.00011891499161720276
2024-05-16 14:38:30 | TRACE   | query_time, 0.0001331046223640442
2024-05-16 14:38:30 | TRACE   | query_time, 0.00013171136379241943
2024-05-16 14:38:30 | TRACE   | query_time, 0.0001372210681438446
2024-05-16 14:38:30 | TRACE   | query_time, 0.00012810900807380676
2024-05-16 14:38:30 | TRACE   | query_time, 0.00012619048357009888
2024-05-16 14:38:30 | TRACE   | query_time, 0.00014521926641464233
2024-05-16 14:38:30 | TRACE   | query_time, 0.00012653321027755737
2024-05-16 14:38:30 | TRACE   | query_time, 0.00012757256627082825
2024-05-16 14:38:30 | TRACE   | query_time, 0.00012727826833724976
2024-05-16 14:38:30 | TRACE   | query_time, 0.0001273229718208313
2024-05-16 14:38:30 | TRACE   | query_time, 0.00012926384806632996
2024-05-16 14:38:30 | TRACE   | query_time, 0.00012728571891784668
2024-05-16 14:38:30 | TRACE   | query_time, 0.00011796876788139343
2024-05-16 14:38:30 | TRACE   | query_time, 0.00013736262917518616
2024-05-16 14:38:30 | TRACE   | query_time, 0.00013650208711624146
2024-05-16 14:38:30 | TRACE   | query_time, 0.00012770295143127441
2024-05-16 14:38:30 | TRACE   | query_time, 0.00012666359543800354
2024-05-16 14:38:30 | TRACE   | query_time, 0.00014026090502738953
2024-05-16 14:38:30 | TRACE   | query_time, 0.00013001635670661926
2024-05-16 14:38:30 | TRACE   | query_time, 0.0001367330551147461
2024-05-16 14:38:30 | TRACE   | query_time, 0.00012542307376861572
2024-05-16 14:38:30 | TRACE   | query_time, 0.00011884793639183044
2024-05-16 14:38:30 | TRACE   | query_time, 0.00011765211820602417
2024-05-16 14:38:30 | TRACE   | query_time, 0.00012722238898277283
2024-05-16 14:38:30 | TRACE   | query_time, 0.0001477859914302826
2024-05-16 14:38:30 | TRACE   | query_time, 0.00012772157788276672
2024-05-16 14:38:30 | TRACE   | query_time, 0.0001326240599155426
2024-05-16 14:38:30 | TRACE   | query_time, 0.00012823566794395447
2024-05-16 14:38:30 | TRACE   | query_time, 0.0001258254051208496
2024-05-16 14:38:30 | TRACE   | query_time, 0.00013032183051109314
2024-05-16 14:38:30 | TRACE   | query_time, 0.00012801587581634521
2024-05-16 14:38:30 | TRACE   | query_time, 0.0001378767192363739
2024-05-16 14:38:30 | TRACE   | query_time, 0.0001266971230506897
2024-05-16 14:38:30 | TRACE   | query_time, 0.00012710317969322205
2024-05-16 14:38:30 | TRACE   | query_time, 0.00012700259685516357
2024-05-16 14:38:30 | TRACE   | query_time, 0.00013999268412590027
2024-05-16 14:38:30 | TRACE   | query_time, 0.00012833252549171448
2024-05-16 14:38:30 | TRACE   | query_time, 0.0001272745430469513
2024-05-16 14:38:30 | TRACE   | query_time, 0.00014654919505119324
2024-05-16 14:38:30 | TRACE   | query_time, 0.00012811273336410522
2024-05-16 14:38:30 | TRACE   | query_time, 0.000118255615234375
2024-05-16 14:38:30 | TRACE   | query_time, 0.00012702494859695435
2024-05-16 14:38:30 | TRACE   | query_time, 0.00012772530317306519
2024-05-16 14:38:30 | TRACE   | query_time, 0.00014103204011917114
2024-05-16 14:38:30 | TRACE   | query_time, 0.00012782961130142212
2024-05-16 14:38:30 | TRACE   | query_time, 0.0001370757818222046
2024-05-16 14:38:30 | TRACE   | query_time, 0.00012845546007156372
2024-05-16 14:38:30 | TRACE   | query_time, 0.00012630969285964966
2024-05-16 14:38:30 | TRACE   | query_time, 0.00011843070387840271
2024-05-16 14:38:30 | TRACE   | query_time, 0.0001273117959499359
2024-05-16 14:38:30 | TRACE   | query_time, 0.00013055652379989624
2024-05-16 14:38:30 | TRACE   | query_time, 0.00014931708574295044
2024-05-16 14:38:30 | TRACE   | query_time, 0.00012878701090812683
2024-05-16 14:38:30 | TRACE   | query_time, 0.00012734904885292053
2024-05-16 14:38:30 | TRACE   | query_time, 0.0001268051564693451
2024-05-16 14:38:30 | TRACE   | query_time, 0.00012730062007904053
2024-05-16 14:38:30 | TRACE   | query_time, 0.00012772902846336365
2024-05-16 14:38:30 | TRACE   | query_time, 0.0001269020140171051
2024-05-16 14:38:30 | TRACE   | query_time, 0.00012708455324172974
2024-05-16 14:38:30 | TRACE   | query_time, 0.0001206807792186737
2024-05-16 14:38:30 | TRACE   | query_time, 0.00011771172285079956
2024-05-16 14:38:30 | TRACE   | query_time, 0.00013882294297218323
2024-05-16 14:38:30 | TRACE   | query_time, 0.00012681260704994202
2024-05-16 14:38:30 | TRACE   | query_time, 0.00012695416808128357
2024-05-16 14:38:30 | TRACE   | query_time, 0.0001362338662147522
2024-05-16 14:38:30 | TRACE   | query_time, 0.0001259930431842804
2024-05-16 14:38:30 | TRACE   | query_time, 0.0001170225441455841
2024-05-16 14:38:30 | TRACE   | query_time, 0.00012853741645812988
2024-05-16 14:38:30 | TRACE   | query_time, 0.00012696906924247742
2024-05-16 14:38:30 | TRACE   | query_time, 0.00012653693556785583
2024-05-16 14:38:30 | TRACE   | query_time, 0.00012984871864318848
2024-05-16 14:38:30 | TRACE   | query_time, 0.0001281052827835083
2024-05-16 14:38:30 | TRACE   | query_time, 0.0001466013491153717
2024-05-16 14:38:30 | TRACE   | query_time, 0.00012794137001037598
2024-05-16 14:38:30 | TRACE   | query_time, 0.00011765211820602417
2024-05-16 14:38:30 | TRACE   | query_time, 0.00013195723295211792
2024-05-16 14:38:30 | TRACE   | query_time, 0.00012725591659545898
2024-05-16 14:38:30 | TRACE   | query_time, 0.0001287609338760376
2024-05-16 14:38:30 | TRACE   | query_time, 0.00012760236859321594
2024-05-16 14:38:30 | TRACE   | query_time, 0.00013643130660057068
2024-05-16 14:38:30 | TRACE   | query_time, 0.00012721866369247437
2024-05-16 14:38:30 | TRACE   | query_time, 0.00012827664613723755
2024-05-16 14:38:30 | TRACE   | query_time, 0.00012604892253875732
2024-05-16 14:38:30 | TRACE   | query_time, 0.0001292899250984192
2024-05-16 14:38:30 | TRACE   | query_time, 0.0001356564462184906
2024-05-16 14:38:30 | TRACE   | query_time, 0.00012749433517456055
2024-05-16 14:38:30 | TRACE   | query_time, 0.0001266486942768097
2024-05-16 14:38:30 | TRACE   | query_time, 0.00011834874749183655
2024-05-16 14:38:30 | TRACE   | query_time, 0.00011815130710601807
2024-05-16 14:38:30 | TRACE   | query_time, 0.0001291409134864807
2024-05-16 14:38:30 | TRACE   | query_time, 0.00012887269258499146
2024-05-16 14:38:30 | TRACE   | query_time, 0.00012695789337158203
2024-05-16 14:38:30 | TRACE   | query_time, 0.00011642277240753174
2024-05-16 14:38:30 | TRACE   | query_time, 0.00012207776308059692
2024-05-16 14:38:30 | TRACE   | query_time, 0.00012692809104919434
2024-05-16 14:38:30 | TRACE   | query_time, 0.0001453198492527008
2024-05-16 14:38:30 | TRACE   | query_time, 0.0001274198293685913
2024-05-16 14:38:30 | TRACE   | query_time, 0.0001260600984096527
2024-05-16 14:38:30 | TRACE   | query_time, 0.00012991204857826233
2024-05-16 14:38:30 | TRACE   | query_time, 0.00011914968490600586
2024-05-16 14:38:30 | TRACE   | query_time, 0.00012727826833724976
2024-05-16 14:38:30 | TRACE   | query_time, 0.00012053921818733215
2024-05-16 14:38:30 | TRACE   | query_time, 0.00012772157788276672
2024-05-16 14:38:30 | TRACE   | query_time, 0.00012924149632453918
2024-05-16 14:38:30 | TRACE   | query_time, 0.00013579800724983215
2024-05-16 14:38:30 | TRACE   | query_time, 0.00013766437768936157
2024-05-16 14:38:30 | TRACE   | query_time, 0.00012981146574020386
2024-05-16 14:38:30 | TRACE   | query_time, 0.00013599544763565063
2024-05-16 14:38:30 | TRACE   | query_time, 0.00014092400670051575
2024-05-16 14:38:30 | TRACE   | query_time, 0.00012909621000289917
2024-05-16 14:38:30 | TRACE   | query_time, 0.00011853501200675964
2024-05-16 14:38:30 | TRACE   | query_time, 0.00012889504432678223
2024-05-16 14:38:30 | TRACE   | query_time, 0.00014545395970344543
2024-05-16 14:38:30 | TRACE   | query_time, 0.00012930482625961304
2024-05-16 14:38:30 | TRACE   | query_time, 0.00016447529196739197
2024-05-16 14:38:30 | TRACE   | query_time, 0.00012966245412826538
2024-05-16 14:38:30 | TRACE   | query_time, 0.00012665241956710815
2024-05-16 14:38:30 | TRACE   | query_time, 0.0001306571066379547
2024-05-16 14:38:30 | TRACE   | query_time, 0.00012635812163352966
2024-05-16 14:38:30 | TRACE   | query_time, 0.0001268237829208374
2024-05-16 14:38:30 | TRACE   | query_time, 0.00012528523802757263
2024-05-16 14:38:30 | TRACE   | query_time, 0.00012958422303199768
2024-05-16 14:38:30 | TRACE   | query_time, 0.00012576207518577576
2024-05-16 14:38:30 | TRACE   | query_time, 0.00012777745723724365
2024-05-16 14:38:30 | TRACE   | query_time, 0.00012658163905143738
2024-05-16 14:38:30 | TRACE   | query_time, 0.00013751909136772156
2024-05-16 14:38:30 | TRACE   | query_time, 0.00012717023491859436
2024-05-16 14:38:30 | TRACE   | query_time, 0.00011888518929481506
2024-05-16 14:38:30 | TRACE   | query_time, 0.00012605264782905579
2024-05-16 14:38:30 | TRACE   | query_time, 0.00012936443090438843
2024-05-16 14:38:30 | TRACE   | query_time, 0.00012679025530815125
2024-05-16 14:38:30 | TRACE   | query_time, 0.00012739747762680054
2024-05-16 14:38:30 | TRACE   | query_time, 0.00011819973587989807
2024-05-16 14:38:30 | TRACE   | query_time, 0.00012650340795516968
2024-05-16 14:38:30 | TRACE   | query_time, 0.0001170523464679718
2024-05-16 14:38:30 | TRACE   | query_time, 0.00013615936040878296
2024-05-16 14:38:30 | TRACE   | query_time, 0.0001338757574558258
2024-05-16 14:38:30 | TRACE   | query_time, 0.00014102831482887268
2024-05-16 14:38:30 | TRACE   | query_time, 0.00012745708227157593
2024-05-16 14:38:30 | TRACE   | query_time, 0.00013594329357147217
2024-05-16 14:38:30 | TRACE   | query_time, 0.00014632195234298706
2024-05-16 14:38:30 | TRACE   | query_time, 0.00011804327368736267
2024-05-16 14:38:30 | TRACE   | query_time, 0.00014455243945121765
2024-05-16 14:38:30 | TRACE   | query_time, 0.0001273229718208313
2024-05-16 14:38:30 | TRACE   | query_time, 0.0001270286738872528
2024-05-16 14:38:30 | TRACE   | query_time, 0.0001344531774520874
2024-05-16 14:38:30 | TRACE   | query_time, 0.00011910125613212585
2024-05-16 14:38:30 | TRACE   | query_time, 0.00013779103755950928
2024-05-16 14:38:30 | TRACE   | query_time, 0.00012795999646186829
2024-05-16 14:38:30 | TRACE   | query_time, 0.00012780725955963135
2024-05-16 14:38:30 | TRACE   | query_time, 0.00012597069144248962
2024-05-16 14:38:30 | TRACE   | query_time, 0.00012731924653053284
2024-05-16 14:38:30 | TRACE   | query_time, 0.0001300312578678131
2024-05-16 14:38:30 | TRACE   | query_time, 0.00012780725955963135
2024-05-16 14:38:30 | TRACE   | query_time, 0.0001272931694984436
2024-05-16 14:38:30 | TRACE   | query_time, 0.00012738630175590515
2024-05-16 14:38:30 | TRACE   | query_time, 0.00012689456343650818
2024-05-16 14:38:30 | TRACE   | query_time, 0.00013067573308944702
2024-05-16 14:38:30 | TRACE   | query_time, 0.00013635680079460144
2024-05-16 14:38:30 | TRACE   | query_time, 0.0001262873411178589
2024-05-16 14:38:30 | TRACE   | query_time, 0.00013988465070724487
2024-05-16 14:38:30 | TRACE   | query_time, 0.0001293756067752838
2024-05-16 14:38:30 | TRACE   | query_time, 0.00012781471014022827
2024-05-16 14:38:30 | TRACE   | query_time, 0.00012591108679771423
2024-05-16 14:38:30 | TRACE   | query_time, 0.00013106316328048706
2024-05-16 14:38:30 | TRACE   | query_time, 0.00014760717749595642
2024-05-16 14:38:30 | TRACE   | query_time, 0.00012712925672531128
2024-05-16 14:38:30 | TRACE   | query_time, 0.00012783706188201904
2024-05-16 14:38:30 | TRACE   | query_time, 0.0001286342740058899
2024-05-16 14:38:30 | TRACE   | query_time, 0.0001268349587917328
2024-05-16 14:38:30 | TRACE   | query_time, 0.00012757256627082825
2024-05-16 14:38:30 | TRACE   | query_time, 0.0001278705894947052
2024-05-16 14:38:30 | TRACE   | query_time, 0.00012521445751190186
2024-05-16 14:38:30 | TRACE   | query_time, 0.00012795999646186829
2024-05-16 14:38:30 | TRACE   | query_time, 0.00012845173478126526
2024-05-16 14:38:30 | TRACE   | query_time, 0.00011761114001274109
2024-05-16 14:38:30 | TRACE   | query_time, 0.0001297779381275177
2024-05-16 14:38:30 | TRACE   | query_time, 0.00013764575123786926
2024-05-16 14:38:30 | TRACE   | query_time, 0.00014212355017662048
2024-05-16 14:38:30 | TRACE   | query_time, 0.00012711063027381897
2024-05-16 14:38:30 | TRACE   | query_time, 0.00012678280472755432
2024-05-16 14:38:30 | TRACE   | query_time, 0.00012566521763801575
2024-05-16 14:38:30 | TRACE   | query_time, 0.00011730566620826721
2024-05-16 14:38:30 | TRACE   | query_time, 0.00013421103358268738
2024-05-16 14:38:30 | TRACE   | query_time, 0.00012903288006782532
2024-05-16 14:38:30 | TRACE   | query_time, 0.00012876838445663452
2024-05-16 14:38:30 | TRACE   | query_time, 0.00012816116213798523
2024-05-16 14:38:30 | TRACE   | query_time, 0.0001283995807170868
2024-05-16 14:38:30 | TRACE   | query_time, 0.00013697519898414612
2024-05-16 14:38:30 | TRACE   | query_time, 0.00012901052832603455
2024-05-16 14:38:30 | TRACE   | query_time, 0.00012697651982307434
2024-05-16 14:38:30 | TRACE   | query_time, 0.0001399219036102295
2024-05-16 14:38:30 | TRACE   | query_time, 0.00012745708227157593
2024-05-16 14:38:30 | TRACE   | query_time, 0.00013000518083572388
2024-05-16 14:38:30 | TRACE   | query_time, 0.00012606754899024963
2024-05-16 14:38:30 | TRACE   | query_time, 0.0001260116696357727
2024-05-16 14:38:30 | TRACE   | query_time, 0.0001365356147289276
2024-05-16 14:38:30 | TRACE   | query_time, 0.0001276843249797821
2024-05-16 14:38:30 | TRACE   | query_time, 0.00011765211820602417
2024-05-16 14:38:30 | TRACE   | query_time, 0.00013028457760810852
2024-05-16 14:38:30 | TRACE   | query_time, 0.00011785328388214111
2024-05-16 14:38:30 | TRACE   | query_time, 0.0001269131898880005
2024-05-16 14:38:30 | TRACE   | query_time, 0.0006043203175067902
2024-05-16 14:38:30 | TRACE   | query_time, 0.0006252042949199677
2024-05-16 14:38:30 | TRACE   | query_time, 0.0006193891167640686
2024-05-16 14:38:30 | TRACE   | query_time, 0.0006271824240684509
2024-05-16 14:38:30 | TRACE   | query_time, 0.0007000155746936798
2024-05-16 14:38:30 | TRACE   | query_time, 0.0005935356020927429
2024-05-16 14:38:30 | TRACE   | query_time, 0.0006303377449512482
2024-05-16 14:38:30 | TRACE   | query_time, 0.0006398186087608337
2024-05-16 14:38:30 | TRACE   | query_time, 0.0005944930016994476
2024-05-16 14:38:30 | TRACE   | query_time, 0.0005920901894569397
2024-05-16 14:38:30 | TRACE   | query_time, 0.0005528554320335388
2024-05-16 14:38:30 | TRACE   | query_time, 0.000581204891204834
2024-05-16 14:38:30 | TRACE   | query_time, 0.0005737617611885071
2024-05-16 14:38:30 | TRACE   | query_time, 0.0006111189723014832
2024-05-16 14:38:30 | TRACE   | query_time, 0.0005894452333450317
2024-05-16 14:38:30 | TRACE   | query_time, 0.0005428977310657501
2024-05-16 14:38:30 | TRACE   | query_time, 0.0005872249603271484
2024-05-16 14:38:30 | TRACE   | query_time, 0.0005945377051830292
2024-05-16 14:38:30 | TRACE   | query_time, 0.0006093420088291168
2024-05-16 14:38:30 | TRACE   | query_time, 0.0006125085055828094
2024-05-16 14:38:30 | TRACE   | query_time, 0.0005879104137420654
2024-05-16 14:38:30 | TRACE   | query_time, 0.0006861872971057892
2024-05-16 14:38:30 | TRACE   | query_time, 0.000610843300819397
2024-05-16 14:38:30 | TRACE   | query_time, 0.0006790272891521454
2024-05-16 14:38:30 | TRACE   | query_time, 0.0007069185376167297
2024-05-16 14:38:30 | TRACE   | query_time, 0.0006138570606708527
2024-05-16 14:38:30 | TRACE   | query_time, 0.0005822032690048218
2024-05-16 14:38:30 | TRACE   | query_time, 0.0006098486483097076
2024-05-16 14:38:30 | TRACE   | query_time, 0.0005906298756599426
2024-05-16 14:38:30 | TRACE   | query_time, 0.0005776174366474152
2024-05-16 14:38:30 | TRACE   | query_time, 0.0005874820053577423
2024-05-16 14:38:30 | TRACE   | query_time, 0.0006755627691745758
2024-05-16 14:38:30 | TRACE   | query_time, 0.0006833598017692566
2024-05-16 14:38:30 | TRACE   | query_time, 0.000691685825586319
2024-05-16 14:38:30 | TRACE   | query_time, 0.0008767843246459961
2024-05-16 14:38:30 | TRACE   | query_time, 0.0005772002041339874
2024-05-16 14:38:30 | TRACE   | query_time, 0.0005686692893505096
2024-05-16 14:38:30 | TRACE   | query_time, 0.0005615092813968658
2024-05-16 14:38:30 | TRACE   | query_time, 0.0005889385938644409
2024-05-16 14:38:30 | TRACE   | query_time, 0.000570785254240036
2024-05-16 14:38:30 | TRACE   | query_time, 0.0006849095225334167
2024-05-16 14:38:30 | TRACE   | query_time, 0.0005907118320465088
2024-05-16 14:38:30 | TRACE   | query_time, 0.0006288886070251465
2024-05-16 14:38:30 | TRACE   | query_time, 0.0006179362535476685
2024-05-16 14:38:30 | TRACE   | query_time, 0.0006055533885955811
2024-05-16 14:38:30 | TRACE   | query_time, 0.0006760023534297943
2024-05-16 14:38:30 | TRACE   | query_time, 0.000686943531036377
2024-05-16 14:38:30 | TRACE   | query_time, 0.0005783587694168091
2024-05-16 14:38:30 | TRACE   | query_time, 0.0006080754101276398
2024-05-16 14:38:30 | TRACE   | query_time, 0.0006290525197982788
2024-05-16 14:38:30 | TRACE   | query_time, 0.0005872026085853577
2024-05-16 14:38:30 | TRACE   | query_time, 0.0005859322845935822
2024-05-16 14:38:30 | TRACE   | query_time, 0.0005825459957122803
2024-05-16 14:38:30 | TRACE   | query_time, 0.0006218068301677704
2024-05-16 14:38:30 | TRACE   | query_time, 0.0005712732672691345
2024-05-16 14:38:30 | TRACE   | query_time, 0.0005692318081855774
2024-05-16 14:38:30 | TRACE   | query_time, 0.0005734041333198547
2024-05-16 14:38:30 | TRACE   | query_time, 0.0005524531006813049
2024-05-16 14:38:30 | TRACE   | query_time, 0.0006614513695240021
2024-05-16 14:38:31 | TRACE   | query_time, 0.000596996396780014
2024-05-16 14:38:31 | TRACE   | query_time, 0.0006896629929542542
2024-05-16 14:38:31 | TRACE   | query_time, 0.0005534961819648743
2024-05-16 14:38:31 | TRACE   | query_time, 0.0006205402314662933
2024-05-16 14:38:31 | TRACE   | query_time, 0.0005609281361103058
2024-05-16 14:38:31 | TRACE   | query_time, 0.0005874000489711761
2024-05-16 14:38:31 | TRACE   | query_time, 0.0005725733935832977
2024-05-16 14:38:31 | TRACE   | query_time, 0.0006093122065067291
2024-05-16 14:38:31 | TRACE   | query_time, 0.0005826652050018311
2024-05-16 14:38:31 | TRACE   | query_time, 0.0005926601588726044
2024-05-16 14:38:31 | TRACE   | query_time, 0.0006153322756290436
2024-05-16 14:38:31 | TRACE   | query_time, 0.0005703717470169067
2024-05-16 14:38:31 | TRACE   | query_time, 0.0006061159074306488
2024-05-16 14:38:31 | TRACE   | query_time, 0.0006047338247299194
2024-05-16 14:38:31 | TRACE   | query_time, 0.0005817152559757233
2024-05-16 14:38:31 | TRACE   | query_time, 0.0006226338446140289
2024-05-16 14:38:31 | TRACE   | query_time, 0.0006879866123199463
2024-05-16 14:38:31 | TRACE   | query_time, 0.0005564801394939423
2024-05-16 14:38:31 | TRACE   | query_time, 0.0005864575505256653
2024-05-16 14:38:31 | TRACE   | query_time, 0.0006279982626438141
2024-05-16 14:38:31 | TRACE   | query_time, 0.0006094761192798615
2024-05-16 14:38:31 | TRACE   | query_time, 0.0005909353494644165
2024-05-16 14:38:31 | TRACE   | query_time, 0.000607021152973175
2024-05-16 14:38:31 | TRACE   | query_time, 0.00066385418176651
2024-05-16 14:38:31 | TRACE   | query_time, 0.0005776919424533844
2024-05-16 14:38:31 | TRACE   | query_time, 0.0005854740738868713
2024-05-16 14:38:31 | TRACE   | query_time, 0.0005456022918224335
2024-05-16 14:38:31 | TRACE   | query_time, 0.0005738548934459686
2024-05-16 14:38:31 | TRACE   | query_time, 0.0006085671484470367
2024-05-16 14:38:31 | TRACE   | query_time, 0.0005857497453689575
2024-05-16 14:38:31 | TRACE   | query_time, 0.0006076470017433167
2024-05-16 14:38:31 | TRACE   | query_time, 0.0006118305027484894
2024-05-16 14:38:31 | TRACE   | query_time, 0.0005749762058258057
2024-05-16 14:38:31 | TRACE   | query_time, 0.0006301365792751312
2024-05-16 14:38:31 | TRACE   | query_time, 0.0006876364350318909
2024-05-16 14:38:31 | TRACE   | query_time, 0.0008537694811820984
2024-05-16 14:38:31 | TRACE   | query_time, 0.0005763284862041473
2024-05-16 14:38:31 | TRACE   | query_time, 0.0006103664636611938
2024-05-16 14:38:31 | TRACE   | query_time, 0.0006269626319408417
2024-05-16 14:38:31 | TRACE   | query_time, 0.0005855709314346313
2024-05-16 14:38:31 | TRACE   | query_time, 0.0006271712481975555
2024-05-16 14:38:31 | TRACE   | query_time, 0.0005711130797863007
2024-05-16 14:38:31 | TRACE   | query_time, 0.0006043016910552979
2024-05-16 14:38:31 | TRACE   | query_time, 0.0005863755941390991
2024-05-16 14:38:31 | TRACE   | query_time, 0.000608544796705246
2024-05-16 14:38:31 | TRACE   | query_time, 0.000591084361076355
2024-05-16 14:38:31 | TRACE   | query_time, 0.0006393007934093475
2024-05-16 14:38:31 | TRACE   | query_time, 0.0005696341395378113
2024-05-16 14:38:31 | TRACE   | query_time, 0.000568147748708725
2024-05-16 14:38:31 | TRACE   | query_time, 0.0005669072270393372
2024-05-16 14:38:31 | TRACE   | query_time, 0.0006078295409679413
2024-05-16 14:38:31 | TRACE   | query_time, 0.0005861558020114899
2024-05-16 14:38:31 | TRACE   | query_time, 0.000563550740480423
2024-05-16 14:38:31 | TRACE   | query_time, 0.0006301067769527435
2024-05-16 14:38:31 | TRACE   | query_time, 0.0005488879978656769
2024-05-16 14:38:31 | TRACE   | query_time, 0.0006067045032978058
2024-05-16 14:38:31 | TRACE   | query_time, 0.0006242692470550537
2024-05-16 14:38:31 | TRACE   | query_time, 0.0005771368741989136
2024-05-16 14:38:31 | TRACE   | query_time, 0.0006144605576992035
2024-05-16 14:38:31 | TRACE   | query_time, 0.0008422099053859711
2024-05-16 14:38:31 | TRACE   | query_time, 0.0005854293704032898
2024-05-16 14:38:31 | TRACE   | query_time, 0.0005648136138916016
2024-05-16 14:38:31 | TRACE   | query_time, 0.0005700886249542236
2024-05-16 14:38:31 | TRACE   | query_time, 0.0005651041865348816
2024-05-16 14:38:31 | TRACE   | query_time, 0.0005867034196853638
2024-05-16 14:38:31 | TRACE   | query_time, 0.0006049983203411102
2024-05-16 14:38:31 | TRACE   | query_time, 0.0006630793213844299
2024-05-16 14:38:31 | TRACE   | query_time, 0.0005850493907928467
2024-05-16 14:38:31 | TRACE   | query_time, 0.0005697384476661682
2024-05-16 14:38:31 | TRACE   | query_time, 0.0005780905485153198
2024-05-16 14:38:31 | TRACE   | query_time, 0.0006244480609893799
2024-05-16 14:38:31 | TRACE   | query_time, 0.0005831979215145111
2024-05-16 14:38:31 | TRACE   | query_time, 0.0005842223763465881
2024-05-16 14:38:31 | TRACE   | query_time, 0.0005731508135795593
2024-05-16 14:38:31 | TRACE   | query_time, 0.0006896927952766418
2024-05-16 14:38:31 | TRACE   | query_time, 0.00057973712682724
2024-05-16 14:38:31 | TRACE   | query_time, 0.0005966052412986755
2024-05-16 14:38:31 | TRACE   | query_time, 0.0006234310567378998
2024-05-16 14:38:31 | TRACE   | query_time, 0.0005701519548892975
2024-05-16 14:38:31 | TRACE   | query_time, 0.0005663633346557617
2024-05-16 14:38:31 | TRACE   | query_time, 0.0006056316196918488
2024-05-16 14:38:31 | TRACE   | query_time, 0.000547412782907486
2024-05-16 14:38:31 | TRACE   | query_time, 0.0005852878093719482
2024-05-16 14:38:31 | TRACE   | query_time, 0.0006180480122566223
2024-05-16 14:38:31 | TRACE   | query_time, 0.0005749166011810303
2024-05-16 14:38:31 | TRACE   | query_time, 0.0006126649677753448
2024-05-16 14:38:31 | TRACE   | query_time, 0.0008423291146755219
2024-05-16 14:38:31 | TRACE   | query_time, 0.0006062500178813934
2024-05-16 14:38:31 | TRACE   | query_time, 0.0006036385893821716
2024-05-16 14:38:31 | TRACE   | query_time, 0.0005458928644657135
2024-05-16 14:38:31 | TRACE   | query_time, 0.0005488581955432892
2024-05-16 14:38:31 | TRACE   | query_time, 0.0005989000201225281
2024-05-16 14:38:31 | TRACE   | query_time, 0.0005809292197227478
2024-05-16 14:38:31 | TRACE   | query_time, 0.0006713829934597015
2024-05-16 14:38:31 | TRACE   | query_time, 0.0005733072757720947
2024-05-16 14:38:31 | TRACE   | query_time, 0.0005759336054325104
2024-05-16 14:38:31 | TRACE   | query_time, 0.0006892979145050049
2024-05-16 14:38:31 | TRACE   | query_time, 0.0006077662110328674
2024-05-16 14:38:31 | TRACE   | query_time, 0.000635538250207901
2024-05-16 14:38:31 | TRACE   | query_time, 0.0006705820560455322
2024-05-16 14:38:31 | TRACE   | query_time, 0.0006768889725208282
2024-05-16 14:38:31 | TRACE   | query_time, 0.000614020973443985
2024-05-16 14:38:31 | TRACE   | query_time, 0.0006428882479667664
2024-05-16 14:38:31 | TRACE   | query_time, 0.0006051100790500641
2024-05-16 14:38:31 | TRACE   | query_time, 0.0006260722875595093
2024-05-16 14:38:31 | TRACE   | query_time, 0.0006794147193431854
2024-05-16 14:38:31 | TRACE   | query_time, 0.0006157048046588898
2024-05-16 14:38:31 | TRACE   | query_time, 0.0006145201623439789
2024-05-16 14:38:31 | TRACE   | query_time, 0.0006486885249614716
2024-05-16 14:38:31 | TRACE   | query_time, 0.0006321705877780914
2024-05-16 14:38:31 | TRACE   | query_time, 0.000719163566827774
2024-05-16 14:38:31 | TRACE   | query_time, 0.000637199729681015
2024-05-16 14:38:31 | TRACE   | query_time, 0.0006346330046653748
2024-05-16 14:38:31 | TRACE   | query_time, 0.0006301254034042358
2024-05-16 14:38:31 | TRACE   | query_time, 0.0006738081574440002
2024-05-16 14:38:31 | TRACE   | query_time, 0.0006117187440395355
2024-05-16 14:38:31 | TRACE   | query_time, 0.0006481707096099854
2024-05-16 14:38:31 | TRACE   | query_time, 0.0006389357149600983
2024-05-16 14:38:31 | TRACE   | query_time, 0.0006229914724826813
2024-05-16 14:38:31 | TRACE   | query_time, 0.0006629042327404022
2024-05-16 14:38:31 | TRACE   | query_time, 0.0006560012698173523
2024-05-16 14:38:31 | TRACE   | query_time, 0.000607617199420929
2024-05-16 14:38:31 | TRACE   | query_time, 0.0006246678531169891
2024-05-16 14:38:31 | TRACE   | query_time, 0.0007299669086933136
2024-05-16 14:38:31 | TRACE   | query_time, 0.0006335973739624023
2024-05-16 14:38:31 | TRACE   | query_time, 0.0007180981338024139
2024-05-16 14:38:31 | TRACE   | query_time, 0.0006374195218086243
2024-05-16 14:38:31 | TRACE   | query_time, 0.000650353729724884
2024-05-16 14:38:31 | TRACE   | query_time, 0.000630449503660202
2024-05-16 14:38:31 | TRACE   | query_time, 0.0006544589996337891
2024-05-16 14:38:31 | TRACE   | query_time, 0.0006559416651725769
2024-05-16 14:38:31 | TRACE   | query_time, 0.0006469748914241791
2024-05-16 14:38:31 | TRACE   | query_time, 0.0006621554493904114
2024-05-16 14:38:31 | TRACE   | query_time, 0.0006710514426231384
2024-05-16 14:38:31 | TRACE   | query_time, 0.0006611160933971405
2024-05-16 14:38:31 | TRACE   | query_time, 0.0006041452288627625
2024-05-16 14:38:31 | TRACE   | query_time, 0.0006803944706916809
2024-05-16 14:38:31 | TRACE   | query_time, 0.0006717368960380554
2024-05-16 14:38:31 | TRACE   | query_time, 0.0006172657012939453
2024-05-16 14:38:31 | TRACE   | query_time, 0.0006323158740997314
2024-05-16 14:38:31 | TRACE   | query_time, 0.000614456832408905
2024-05-16 14:38:31 | TRACE   | query_time, 0.0006225183606147766
2024-05-16 14:38:31 | TRACE   | query_time, 0.0007705911993980408
2024-05-16 14:38:31 | TRACE   | query_time, 0.0006366707384586334
2024-05-16 14:38:31 | TRACE   | query_time, 0.0006470717489719391
2024-05-16 14:38:31 | TRACE   | query_time, 0.000628940761089325
2024-05-16 14:38:31 | TRACE   | query_time, 0.0006286874413490295
2024-05-16 14:38:31 | TRACE   | query_time, 0.0006465129554271698
2024-05-16 14:38:31 | TRACE   | query_time, 0.0006539635360240936
2024-05-16 14:38:31 | TRACE   | query_time, 0.0006398037075996399
2024-05-16 14:38:31 | TRACE   | query_time, 0.000626537948846817
2024-05-16 14:38:31 | TRACE   | query_time, 0.0006731227040290833
2024-05-16 14:38:31 | TRACE   | query_time, 0.0007116645574569702
2024-05-16 14:38:31 | TRACE   | query_time, 0.0006263703107833862
2024-05-16 14:38:31 | TRACE   | query_time, 0.000659644603729248
2024-05-16 14:38:31 | TRACE   | query_time, 0.0006604231894016266
2024-05-16 14:38:31 | TRACE   | query_time, 0.0006273649632930756
2024-05-16 14:38:31 | TRACE   | query_time, 0.0006611868739128113
2024-05-16 14:38:31 | TRACE   | query_time, 0.000659700483083725
2024-05-16 14:38:31 | TRACE   | query_time, 0.0006575658917427063
2024-05-16 14:38:31 | TRACE   | query_time, 0.0006572604179382324
2024-05-16 14:38:31 | TRACE   | query_time, 0.0006646104156970978
2024-05-16 14:38:31 | TRACE   | query_time, 0.0006589591503143311
2024-05-16 14:38:31 | TRACE   | query_time, 0.000621207058429718
2024-05-16 14:38:31 | TRACE   | query_time, 0.0006577819585800171
2024-05-16 14:38:31 | TRACE   | query_time, 0.0006647743284702301
2024-05-16 14:38:31 | TRACE   | query_time, 0.0006717480719089508
2024-05-16 14:38:31 | TRACE   | query_time, 0.00064903125166893
2024-05-16 14:38:31 | TRACE   | query_time, 0.000622142106294632
2024-05-16 14:38:31 | TRACE   | query_time, 0.0006196983158588409
2024-05-16 14:38:31 | TRACE   | query_time, 0.000616900622844696
2024-05-16 14:38:31 | TRACE   | query_time, 0.0007148422300815582
2024-05-16 14:38:31 | TRACE   | query_time, 0.0006254427134990692
2024-05-16 14:38:31 | TRACE   | query_time, 0.0006234496831893921
2024-05-16 14:38:31 | TRACE   | query_time, 0.0006546340882778168
2024-05-16 14:38:31 | TRACE   | query_time, 0.0006424002349376678
2024-05-16 14:38:31 | TRACE   | query_time, 0.0006508789956569672
2024-05-16 14:38:31 | TRACE   | query_time, 0.0006248801946640015
2024-05-16 14:38:31 | TRACE   | query_time, 0.0006402619183063507
2024-05-16 14:38:31 | TRACE   | query_time, 0.0006654039025306702
2024-05-16 14:38:31 | TRACE   | query_time, 0.0006485916674137115
2024-05-16 14:38:31 | TRACE   | query_time, 0.0006037615239620209
2024-05-16 14:38:31 | TRACE   | query_time, 0.0006740055978298187
2024-05-16 14:38:31 | TRACE   | query_time, 0.0006128028035163879
2024-05-16 14:38:31 | TRACE   | query_time, 0.000627368688583374
2024-05-16 14:38:31 | TRACE   | query_time, 0.000608641654253006
2024-05-16 14:38:31 | TRACE   | query_time, 0.0006653331220149994
2024-05-16 14:38:31 | TRACE   | query_time, 0.0006630495190620422
2024-05-16 14:38:31 | TRACE   | query_time, 0.0006579123437404633
2024-05-16 14:38:31 | TRACE   | query_time, 0.0007726810872554779
2024-05-16 14:38:31 | TRACE   | query_time, 0.0006154440343379974
2024-05-16 14:38:31 | TRACE   | query_time, 0.000675596296787262
2024-05-16 14:38:31 | TRACE   | query_time, 0.0006224550306797028
2024-05-16 14:38:31 | TRACE   | query_time, 0.0006291493773460388
2024-05-16 14:38:31 | TRACE   | query_time, 0.000662676990032196
2024-05-16 14:38:31 | TRACE   | query_time, 0.0006461851298809052
