2024-05-16 14:39:29 | DEBUG   | {'input': PosixPath('data/open_data_usa/indices/runtime_benchmark/conversion.zst'), 'input_type': 'index', 'queries': PosixPath('data/open_data_usa/queries/runtime_benchmark.zst'), 'estimation_mode': None, 'index_mode': 'recall', 'hist_filter': PosixPath('data/open_data_usa/filters/01.zst'), 'output': None, 'workers': None, 'frequency_hists': False, 'suppress_results': False, 'log_level': 'INFO', 'log_file': PosixPath('logs/runtime_benchmark/low_selectivity/open_data_usa-collection-conversion-single-5.log')}
2024-05-16 14:39:29 | DEBUG   | Loading input data from data/open_data_usa/indices/runtime_benchmark/conversion.zst
2024-05-16 14:39:29 | DEBUG   | Loading queries from data/open_data_usa/queries/runtime_benchmark.zst
2024-05-16 14:39:29 | DEBUG   | Loading histogram filter from data/open_data_usa/filters/01.zst
2024-05-16 14:39:29 | TRACE   | bootstrap_time, 0.47162625938653946
2024-05-16 14:39:29 | DEBUG   | Starting execution
2024-05-16 14:39:30 | TRACE   | query_time, 0.0003917999565601349
2024-05-16 14:39:30 | TRACE   | query_time, 0.00020695477724075317
2024-05-16 14:39:30 | TRACE   | query_time, 0.00019795820116996765
2024-05-16 14:39:30 | TRACE   | query_time, 0.00021786987781524658
2024-05-16 14:39:30 | TRACE   | query_time, 0.00018334388732910156
2024-05-16 14:39:30 | TRACE   | query_time, 0.00021222233772277832
2024-05-16 14:39:30 | TRACE   | query_time, 0.0002051219344139099
2024-05-16 14:39:30 | TRACE   | query_time, 0.0002269931137561798
2024-05-16 14:39:30 | TRACE   | query_time, 0.00019849464297294617
2024-05-16 14:39:30 | TRACE   | query_time, 0.00018482282757759094
2024-05-16 14:39:30 | TRACE   | query_time, 0.0001956447958946228
2024-05-16 14:39:30 | TRACE   | query_time, 0.00021899119019508362
2024-05-16 14:39:30 | TRACE   | query_time, 0.00019920989871025085
2024-05-16 14:39:30 | TRACE   | query_time, 0.00019571557641029358
2024-05-16 14:39:30 | TRACE   | query_time, 0.00019707158207893372
2024-05-16 14:39:30 | TRACE   | query_time, 0.00019615888595581055
2024-05-16 14:39:30 | TRACE   | query_time, 0.0002052299678325653
2024-05-16 14:39:30 | TRACE   | query_time, 0.0001921430230140686
2024-05-16 14:39:30 | TRACE   | query_time, 0.0001973770558834076
2024-05-16 14:39:30 | TRACE   | query_time, 0.00022943317890167236
2024-05-16 14:39:30 | TRACE   | query_time, 0.00022735074162483215
2024-05-16 14:39:30 | TRACE   | query_time, 0.00019660219550132751
2024-05-16 14:39:30 | TRACE   | query_time, 0.00022972747683525085
2024-05-16 14:39:30 | TRACE   | query_time, 0.00019425898790359497
2024-05-16 14:39:30 | TRACE   | query_time, 0.0002011619508266449
2024-05-16 14:39:30 | TRACE   | query_time, 0.00019443407654762268
2024-05-16 14:39:30 | TRACE   | query_time, 0.0001988634467124939
2024-05-16 14:39:30 | TRACE   | query_time, 0.00019299983978271484
2024-05-16 14:39:30 | TRACE   | query_time, 0.00019759312272071838
2024-05-16 14:39:30 | TRACE   | query_time, 0.00022343546152114868
2024-05-16 14:39:30 | TRACE   | query_time, 0.00019316747784614563
2024-05-16 14:39:30 | TRACE   | query_time, 0.0001966431736946106
2024-05-16 14:39:30 | TRACE   | query_time, 0.00019682571291923523
2024-05-16 14:39:30 | TRACE   | query_time, 0.00019984692335128784
2024-05-16 14:39:30 | TRACE   | query_time, 0.00021825730800628662
2024-05-16 14:39:30 | TRACE   | query_time, 0.00021162629127502441
2024-05-16 14:39:30 | TRACE   | query_time, 0.00020852312445640564
2024-05-16 14:39:30 | TRACE   | query_time, 0.00019504502415657043
2024-05-16 14:39:30 | TRACE   | query_time, 0.00019341707229614258
2024-05-16 14:39:30 | TRACE   | query_time, 0.0001821964979171753
2024-05-16 14:39:30 | TRACE   | query_time, 0.00022118538618087769
2024-05-16 14:39:30 | TRACE   | query_time, 0.0001885630190372467
2024-05-16 14:39:30 | TRACE   | query_time, 0.00019124522805213928
2024-05-16 14:39:30 | TRACE   | query_time, 0.00019250065088272095
2024-05-16 14:39:30 | TRACE   | query_time, 0.0002214685082435608
2024-05-16 14:39:30 | TRACE   | query_time, 0.00022042542695999146
2024-05-16 14:39:30 | TRACE   | query_time, 0.0001990869641304016
2024-05-16 14:39:30 | TRACE   | query_time, 0.00019849464297294617
2024-05-16 14:39:30 | TRACE   | query_time, 0.0001968294382095337
2024-05-16 14:39:30 | TRACE   | query_time, 0.00020930543541908264
2024-05-16 14:39:30 | TRACE   | query_time, 0.00019207969307899475
2024-05-16 14:39:30 | TRACE   | query_time, 0.00017962604761123657
2024-05-16 14:39:30 | TRACE   | query_time, 0.00019354373216629028
2024-05-16 14:39:30 | TRACE   | query_time, 0.00019309669733047485
2024-05-16 14:39:30 | TRACE   | query_time, 0.00019537657499313354
2024-05-16 14:39:30 | TRACE   | query_time, 0.00021268799901008606
2024-05-16 14:39:30 | TRACE   | query_time, 0.00018108636140823364
2024-05-16 14:39:30 | TRACE   | query_time, 0.0002227574586868286
2024-05-16 14:39:30 | TRACE   | query_time, 0.00019402801990509033
2024-05-16 14:39:30 | TRACE   | query_time, 0.00022296607494354248
2024-05-16 14:39:30 | TRACE   | query_time, 0.00020505860447883606
2024-05-16 14:39:30 | TRACE   | query_time, 0.00019360333681106567
2024-05-16 14:39:30 | TRACE   | query_time, 0.00019302964210510254
2024-05-16 14:39:30 | TRACE   | query_time, 0.00019294396042823792
2024-05-16 14:39:30 | TRACE   | query_time, 0.00019897520542144775
2024-05-16 14:39:30 | TRACE   | query_time, 0.00019272416830062866
2024-05-16 14:39:30 | TRACE   | query_time, 0.00018477439880371094
2024-05-16 14:39:30 | TRACE   | query_time, 0.00019240006804466248
2024-05-16 14:39:30 | TRACE   | query_time, 0.00019220635294914246
2024-05-16 14:39:30 | TRACE   | query_time, 0.00017886236310005188
2024-05-16 14:39:30 | TRACE   | query_time, 0.00019058957695960999
2024-05-16 14:39:30 | TRACE   | query_time, 0.00020841509103775024
2024-05-16 14:39:30 | TRACE   | query_time, 0.00019617751240730286
2024-05-16 14:39:30 | TRACE   | query_time, 0.00019158422946929932
2024-05-16 14:39:30 | TRACE   | query_time, 0.00019871816039085388
2024-05-16 14:39:30 | TRACE   | query_time, 0.00019745901226997375
2024-05-16 14:39:30 | TRACE   | query_time, 0.00019379332661628723
2024-05-16 14:39:30 | TRACE   | query_time, 0.00020921602845191956
2024-05-16 14:39:30 | TRACE   | query_time, 0.00019801780581474304
2024-05-16 14:39:30 | TRACE   | query_time, 0.00020611286163330078
2024-05-16 14:39:30 | TRACE   | query_time, 0.0001988820731639862
2024-05-16 14:39:30 | TRACE   | query_time, 0.00019158422946929932
2024-05-16 14:39:30 | TRACE   | query_time, 0.00019284337759017944
2024-05-16 14:39:30 | TRACE   | query_time, 0.00019218400120735168
2024-05-16 14:39:30 | TRACE   | query_time, 0.0001935511827468872
2024-05-16 14:39:30 | TRACE   | query_time, 0.00019733980298042297
2024-05-16 14:39:30 | TRACE   | query_time, 0.00017917528748512268
2024-05-16 14:39:30 | TRACE   | query_time, 0.00020699948072433472
2024-05-16 14:39:30 | TRACE   | query_time, 0.0002027750015258789
2024-05-16 14:39:30 | TRACE   | query_time, 0.00019238144159317017
2024-05-16 14:39:30 | TRACE   | query_time, 0.00019261613488197327
2024-05-16 14:39:30 | TRACE   | query_time, 0.00019166246056556702
2024-05-16 14:39:30 | TRACE   | query_time, 0.0002106018364429474
2024-05-16 14:39:30 | TRACE   | query_time, 0.0001911856234073639
2024-05-16 14:39:30 | TRACE   | query_time, 0.00020473822951316833
2024-05-16 14:39:30 | TRACE   | query_time, 0.00019131600856781006
2024-05-16 14:39:30 | TRACE   | query_time, 0.00021922960877418518
2024-05-16 14:39:30 | TRACE   | query_time, 0.00018022209405899048
2024-05-16 14:39:30 | TRACE   | query_time, 0.00019200891256332397
2024-05-16 14:39:30 | TRACE   | query_time, 0.00022023171186447144
2024-05-16 14:39:30 | TRACE   | query_time, 0.00019203871488571167
2024-05-16 14:39:30 | TRACE   | query_time, 0.00022757425904273987
2024-05-16 14:39:30 | TRACE   | query_time, 0.00019340962171554565
2024-05-16 14:39:30 | TRACE   | query_time, 0.00018240883946418762
2024-05-16 14:39:30 | TRACE   | query_time, 0.0002206750214099884
2024-05-16 14:39:30 | TRACE   | query_time, 0.000191468745470047
2024-05-16 14:39:30 | TRACE   | query_time, 0.00019163638353347778
2024-05-16 14:39:30 | TRACE   | query_time, 0.0001818053424358368
2024-05-16 14:39:30 | TRACE   | query_time, 0.0001933574676513672
2024-05-16 14:39:30 | TRACE   | query_time, 0.00018067285418510437
2024-05-16 14:39:30 | TRACE   | query_time, 0.0001918114721775055
2024-05-16 14:39:30 | TRACE   | query_time, 0.00019877776503562927
2024-05-16 14:39:30 | TRACE   | query_time, 0.00019368156790733337
2024-05-16 14:39:30 | TRACE   | query_time, 0.00019443035125732422
2024-05-16 14:39:30 | TRACE   | query_time, 0.00019304826855659485
2024-05-16 14:39:30 | TRACE   | query_time, 0.0002056695520877838
2024-05-16 14:39:30 | TRACE   | query_time, 0.00019338726997375488
2024-05-16 14:39:30 | TRACE   | query_time, 0.00019194930791854858
2024-05-16 14:39:30 | TRACE   | query_time, 0.00019381940364837646
2024-05-16 14:39:30 | TRACE   | query_time, 0.00022896751761436462
2024-05-16 14:39:30 | TRACE   | query_time, 0.0001934841275215149
2024-05-16 14:39:30 | TRACE   | query_time, 0.0001933574676513672
2024-05-16 14:39:30 | TRACE   | query_time, 0.0001926235854625702
2024-05-16 14:39:30 | TRACE   | query_time, 0.0001914501190185547
2024-05-16 14:39:30 | TRACE   | query_time, 0.0002011507749557495
2024-05-16 14:39:30 | TRACE   | query_time, 0.000193670392036438
2024-05-16 14:39:30 | TRACE   | query_time, 0.00020689517259597778
2024-05-16 14:39:30 | TRACE   | query_time, 0.00019567087292671204
2024-05-16 14:39:30 | TRACE   | query_time, 0.00020595639944076538
2024-05-16 14:39:30 | TRACE   | query_time, 0.00019432231783866882
2024-05-16 14:39:30 | TRACE   | query_time, 0.00017836689949035645
2024-05-16 14:39:30 | TRACE   | query_time, 0.00019076839089393616
2024-05-16 14:39:30 | TRACE   | query_time, 0.00019873306155204773
2024-05-16 14:39:30 | TRACE   | query_time, 0.00020670518279075623
2024-05-16 14:39:30 | TRACE   | query_time, 0.00019119679927825928
2024-05-16 14:39:30 | TRACE   | query_time, 0.00019012391567230225
2024-05-16 14:39:30 | TRACE   | query_time, 0.00021985173225402832
2024-05-16 14:39:30 | TRACE   | query_time, 0.00019229575991630554
2024-05-16 14:39:30 | TRACE   | query_time, 0.00019073858857154846
2024-05-16 14:39:30 | TRACE   | query_time, 0.00019069388508796692
2024-05-16 14:39:30 | TRACE   | query_time, 0.00018928572535514832
2024-05-16 14:39:30 | TRACE   | query_time, 0.00019463896751403809
2024-05-16 14:39:30 | TRACE   | query_time, 0.00019962340593338013
2024-05-16 14:39:30 | TRACE   | query_time, 0.00017724186182022095
2024-05-16 14:39:30 | TRACE   | query_time, 0.00020634382963180542
2024-05-16 14:39:30 | TRACE   | query_time, 0.00020688772201538086
2024-05-16 14:39:30 | TRACE   | query_time, 0.00019073486328125
2024-05-16 14:39:30 | TRACE   | query_time, 0.00019088387489318848
2024-05-16 14:39:30 | TRACE   | query_time, 0.0002069436013698578
2024-05-16 14:39:30 | TRACE   | query_time, 0.0001914985477924347
2024-05-16 14:39:30 | TRACE   | query_time, 0.00020641088485717773
2024-05-16 14:39:30 | TRACE   | query_time, 0.00019754469394683838
2024-05-16 14:39:30 | TRACE   | query_time, 0.00017876550555229187
2024-05-16 14:39:30 | TRACE   | query_time, 0.0001814626157283783
2024-05-16 14:39:30 | TRACE   | query_time, 0.0001922398805618286
2024-05-16 14:39:30 | TRACE   | query_time, 0.00022080913186073303
2024-05-16 14:39:30 | TRACE   | query_time, 0.00020052120089530945
2024-05-16 14:39:30 | TRACE   | query_time, 0.00018974021077156067
2024-05-16 14:39:30 | TRACE   | query_time, 0.0001883096992969513
2024-05-16 14:39:30 | TRACE   | query_time, 0.00020081549882888794
2024-05-16 14:39:30 | TRACE   | query_time, 0.00019441545009613037
2024-05-16 14:39:30 | TRACE   | query_time, 0.0001907944679260254
2024-05-16 14:39:30 | TRACE   | query_time, 0.00021185725927352905
2024-05-16 14:39:30 | TRACE   | query_time, 0.00019001588225364685
2024-05-16 14:39:30 | TRACE   | query_time, 0.00019263848662376404
2024-05-16 14:39:30 | TRACE   | query_time, 0.0001903139054775238
2024-05-16 14:39:30 | TRACE   | query_time, 0.00020387396216392517
2024-05-16 14:39:30 | TRACE   | query_time, 0.00019111856818199158
2024-05-16 14:39:30 | TRACE   | query_time, 0.0001924671232700348
2024-05-16 14:39:30 | TRACE   | query_time, 0.00022186338901519775
2024-05-16 14:39:30 | TRACE   | query_time, 0.000199001282453537
2024-05-16 14:39:30 | TRACE   | query_time, 0.0001795738935470581
2024-05-16 14:39:30 | TRACE   | query_time, 0.0001944117248058319
2024-05-16 14:39:30 | TRACE   | query_time, 0.00019573792815208435
2024-05-16 14:39:30 | TRACE   | query_time, 0.0002108439803123474
2024-05-16 14:39:30 | TRACE   | query_time, 0.0001912340521812439
2024-05-16 14:39:30 | TRACE   | query_time, 0.00020967423915863037
2024-05-16 14:39:30 | TRACE   | query_time, 0.00019277632236480713
2024-05-16 14:39:30 | TRACE   | query_time, 0.00019352510571479797
2024-05-16 14:39:30 | TRACE   | query_time, 0.00017851963639259338
2024-05-16 14:39:30 | TRACE   | query_time, 0.00019263476133346558
2024-05-16 14:39:30 | TRACE   | query_time, 0.00019140541553497314
2024-05-16 14:39:30 | TRACE   | query_time, 0.00023744255304336548
2024-05-16 14:39:30 | TRACE   | query_time, 0.00019178539514541626
2024-05-16 14:39:30 | TRACE   | query_time, 0.00020045042037963867
2024-05-16 14:39:30 | TRACE   | query_time, 0.00019319355487823486
2024-05-16 14:39:30 | TRACE   | query_time, 0.00019337981939315796
2024-05-16 14:39:30 | TRACE   | query_time, 0.0001921616494655609
2024-05-16 14:39:30 | TRACE   | query_time, 0.00019317492842674255
2024-05-16 14:39:30 | TRACE   | query_time, 0.00019122660160064697
2024-05-16 14:39:30 | TRACE   | query_time, 0.0001926124095916748
2024-05-16 14:39:30 | TRACE   | query_time, 0.00018327310681343079
2024-05-16 14:39:30 | TRACE   | query_time, 0.0002090148627758026
2024-05-16 14:39:30 | TRACE   | query_time, 0.00019283592700958252
2024-05-16 14:39:30 | TRACE   | query_time, 0.0001914873719215393
2024-05-16 14:39:30 | TRACE   | query_time, 0.00020496919751167297
2024-05-16 14:39:30 | TRACE   | query_time, 0.00019345805048942566
2024-05-16 14:39:30 | TRACE   | query_time, 0.00018053129315376282
2024-05-16 14:39:30 | TRACE   | query_time, 0.00020628422498703003
2024-05-16 14:39:30 | TRACE   | query_time, 0.00019166618585586548
2024-05-16 14:39:30 | TRACE   | query_time, 0.00019177421927452087
2024-05-16 14:39:30 | TRACE   | query_time, 0.00019627809524536133
2024-05-16 14:39:30 | TRACE   | query_time, 0.00019124522805213928
2024-05-16 14:39:30 | TRACE   | query_time, 0.00021765753626823425
2024-05-16 14:39:30 | TRACE   | query_time, 0.00019229575991630554
2024-05-16 14:39:30 | TRACE   | query_time, 0.0001771301031112671
2024-05-16 14:39:30 | TRACE   | query_time, 0.00019687041640281677
2024-05-16 14:39:30 | TRACE   | query_time, 0.00019094720482826233
2024-05-16 14:39:30 | TRACE   | query_time, 0.00019182637333869934
2024-05-16 14:39:30 | TRACE   | query_time, 0.00019234046339988708
2024-05-16 14:39:30 | TRACE   | query_time, 0.0002097003161907196
2024-05-16 14:39:30 | TRACE   | query_time, 0.00019273534417152405
2024-05-16 14:39:30 | TRACE   | query_time, 0.00019918382167816162
2024-05-16 14:39:30 | TRACE   | query_time, 0.00019090622663497925
2024-05-16 14:39:30 | TRACE   | query_time, 0.0001957044005393982
2024-05-16 14:39:30 | TRACE   | query_time, 0.00020299851894378662
2024-05-16 14:39:30 | TRACE   | query_time, 0.0001922212541103363
2024-05-16 14:39:30 | TRACE   | query_time, 0.00019368156790733337
2024-05-16 14:39:30 | TRACE   | query_time, 0.0001773536205291748
2024-05-16 14:39:30 | TRACE   | query_time, 0.0001760236918926239
2024-05-16 14:39:30 | TRACE   | query_time, 0.00019171833992004395
2024-05-16 14:39:30 | TRACE   | query_time, 0.00019209086894989014
2024-05-16 14:39:30 | TRACE   | query_time, 0.0001915469765663147
2024-05-16 14:39:30 | TRACE   | query_time, 0.00017859786748886108
2024-05-16 14:39:30 | TRACE   | query_time, 0.00017931684851646423
2024-05-16 14:39:30 | TRACE   | query_time, 0.00019516795873641968
2024-05-16 14:39:30 | TRACE   | query_time, 0.00022908300161361694
2024-05-16 14:39:30 | TRACE   | query_time, 0.00019152089953422546
2024-05-16 14:39:30 | TRACE   | query_time, 0.00019139796495437622
2024-05-16 14:39:30 | TRACE   | query_time, 0.00019035488367080688
2024-05-16 14:39:30 | TRACE   | query_time, 0.0001773834228515625
2024-05-16 14:39:30 | TRACE   | query_time, 0.00019576400518417358
2024-05-16 14:39:30 | TRACE   | query_time, 0.0001789480447769165
2024-05-16 14:39:30 | TRACE   | query_time, 0.0001891404390335083
2024-05-16 14:39:30 | TRACE   | query_time, 0.00019863247871398926
2024-05-16 14:39:30 | TRACE   | query_time, 0.0002042427659034729
2024-05-16 14:39:30 | TRACE   | query_time, 0.0002055056393146515
2024-05-16 14:39:30 | TRACE   | query_time, 0.0001900605857372284
2024-05-16 14:39:30 | TRACE   | query_time, 0.00020428374409675598
2024-05-16 14:39:30 | TRACE   | query_time, 0.00020218640565872192
2024-05-16 14:39:30 | TRACE   | query_time, 0.0001996755599975586
2024-05-16 14:39:30 | TRACE   | query_time, 0.0001778826117515564
2024-05-16 14:39:30 | TRACE   | query_time, 0.0002131834626197815
2024-05-16 14:39:30 | TRACE   | query_time, 0.0002195984125137329
2024-05-16 14:39:30 | TRACE   | query_time, 0.00019271299242973328
2024-05-16 14:39:30 | TRACE   | query_time, 0.0002197548747062683
2024-05-16 14:39:30 | TRACE   | query_time, 0.00019238144159317017
2024-05-16 14:39:30 | TRACE   | query_time, 0.0001925453543663025
2024-05-16 14:39:30 | TRACE   | query_time, 0.00019161775708198547
2024-05-16 14:39:30 | TRACE   | query_time, 0.00019326433539390564
2024-05-16 14:39:30 | TRACE   | query_time, 0.00019303709268569946
2024-05-16 14:39:30 | TRACE   | query_time, 0.00019631162285804749
2024-05-16 14:39:30 | TRACE   | query_time, 0.00019171833992004395
2024-05-16 14:39:30 | TRACE   | query_time, 0.00019371509552001953
2024-05-16 14:39:30 | TRACE   | query_time, 0.0002014152705669403
2024-05-16 14:39:30 | TRACE   | query_time, 0.00019092857837677002
2024-05-16 14:39:30 | TRACE   | query_time, 0.00020617246627807617
2024-05-16 14:39:30 | TRACE   | query_time, 0.00019466876983642578
2024-05-16 14:39:30 | TRACE   | query_time, 0.00018031522631645203
2024-05-16 14:39:30 | TRACE   | query_time, 0.00019505620002746582
2024-05-16 14:39:30 | TRACE   | query_time, 0.0001920834183692932
2024-05-16 14:39:30 | TRACE   | query_time, 0.0001890026032924652
2024-05-16 14:39:30 | TRACE   | query_time, 0.0001913309097290039
2024-05-16 14:39:30 | TRACE   | query_time, 0.0001771487295627594
2024-05-16 14:39:30 | TRACE   | query_time, 0.000189904123544693
2024-05-16 14:39:30 | TRACE   | query_time, 0.00018275901675224304
2024-05-16 14:39:30 | TRACE   | query_time, 0.0002064146101474762
2024-05-16 14:39:30 | TRACE   | query_time, 0.00019516795873641968
2024-05-16 14:39:30 | TRACE   | query_time, 0.00021767988801002502
2024-05-16 14:39:30 | TRACE   | query_time, 0.0001918412744998932
2024-05-16 14:39:30 | TRACE   | query_time, 0.00020657852292060852
2024-05-16 14:39:30 | TRACE   | query_time, 0.0002204887568950653
2024-05-16 14:39:30 | TRACE   | query_time, 0.0001774020493030548
2024-05-16 14:39:30 | TRACE   | query_time, 0.00022615864872932434
2024-05-16 14:39:30 | TRACE   | query_time, 0.00019313395023345947
2024-05-16 14:39:30 | TRACE   | query_time, 0.00019314512610435486
2024-05-16 14:39:30 | TRACE   | query_time, 0.00019459426403045654
2024-05-16 14:39:30 | TRACE   | query_time, 0.00018100813031196594
2024-05-16 14:39:30 | TRACE   | query_time, 0.00020606070756912231
2024-05-16 14:39:30 | TRACE   | query_time, 0.00019080936908721924
2024-05-16 14:39:30 | TRACE   | query_time, 0.0001924671232700348
2024-05-16 14:39:30 | TRACE   | query_time, 0.00019142404198646545
2024-05-16 14:39:30 | TRACE   | query_time, 0.00019899383187294006
2024-05-16 14:39:30 | TRACE   | query_time, 0.00019389018416404724
2024-05-16 14:39:30 | TRACE   | query_time, 0.00019815191626548767
2024-05-16 14:39:30 | TRACE   | query_time, 0.00019226595759391785
2024-05-16 14:39:30 | TRACE   | query_time, 0.00019249692559242249
2024-05-16 14:39:30 | TRACE   | query_time, 0.0001909211277961731
2024-05-16 14:39:30 | TRACE   | query_time, 0.00019185617566108704
2024-05-16 14:39:30 | TRACE   | query_time, 0.0002060718834400177
2024-05-16 14:39:30 | TRACE   | query_time, 0.00019134581089019775
2024-05-16 14:39:30 | TRACE   | query_time, 0.00021253526210784912
2024-05-16 14:39:30 | TRACE   | query_time, 0.0001991279423236847
2024-05-16 14:39:30 | TRACE   | query_time, 0.0001925341784954071
2024-05-16 14:39:30 | TRACE   | query_time, 0.00019370019435882568
2024-05-16 14:39:30 | TRACE   | query_time, 0.0001911371946334839
2024-05-16 14:39:30 | TRACE   | query_time, 0.0002223774790763855
2024-05-16 14:39:30 | TRACE   | query_time, 0.0001929067075252533
2024-05-16 14:39:30 | TRACE   | query_time, 0.00019010528922080994
2024-05-16 14:39:30 | TRACE   | query_time, 0.00019699335098266602
2024-05-16 14:39:30 | TRACE   | query_time, 0.0001901760697364807
2024-05-16 14:39:30 | TRACE   | query_time, 0.00019418075680732727
2024-05-16 14:39:30 | TRACE   | query_time, 0.00019116699695587158
2024-05-16 14:39:30 | TRACE   | query_time, 0.00019107013940811157
2024-05-16 14:39:30 | TRACE   | query_time, 0.0001934245228767395
2024-05-16 14:39:30 | TRACE   | query_time, 0.00019025057554244995
2024-05-16 14:39:30 | TRACE   | query_time, 0.00018015876412391663
2024-05-16 14:39:30 | TRACE   | query_time, 0.00019140541553497314
2024-05-16 14:39:30 | TRACE   | query_time, 0.00021263211965560913
2024-05-16 14:39:30 | TRACE   | query_time, 0.00021760165691375732
2024-05-16 14:39:30 | TRACE   | query_time, 0.00019111111760139465
2024-05-16 14:39:30 | TRACE   | query_time, 0.00019257143139839172
2024-05-16 14:39:30 | TRACE   | query_time, 0.00019025057554244995
2024-05-16 14:39:30 | TRACE   | query_time, 0.00017762556672096252
2024-05-16 14:39:30 | TRACE   | query_time, 0.0001910179853439331
2024-05-16 14:39:30 | TRACE   | query_time, 0.0001917704939842224
2024-05-16 14:39:30 | TRACE   | query_time, 0.00019552186131477356
2024-05-16 14:39:30 | TRACE   | query_time, 0.00019725412130355835
2024-05-16 14:39:30 | TRACE   | query_time, 0.00019239261746406555
2024-05-16 14:39:30 | TRACE   | query_time, 0.0002046525478363037
2024-05-16 14:39:30 | TRACE   | query_time, 0.00019298866391181946
2024-05-16 14:39:30 | TRACE   | query_time, 0.000192251056432724
2024-05-16 14:39:30 | TRACE   | query_time, 0.00020656362175941467
2024-05-16 14:39:30 | TRACE   | query_time, 0.00019807741045951843
2024-05-16 14:39:30 | TRACE   | query_time, 0.0001969262957572937
2024-05-16 14:39:30 | TRACE   | query_time, 0.00019239634275436401
2024-05-16 14:39:30 | TRACE   | query_time, 0.0001909509301185608
2024-05-16 14:39:30 | TRACE   | query_time, 0.00020569562911987305
2024-05-16 14:39:30 | TRACE   | query_time, 0.00019380450248718262
2024-05-16 14:39:30 | TRACE   | query_time, 0.00017731636762619019
2024-05-16 14:39:30 | TRACE   | query_time, 0.0001926124095916748
2024-05-16 14:39:30 | TRACE   | query_time, 0.00017742440104484558
2024-05-16 14:39:30 | TRACE   | query_time, 0.00019576400518417358
2024-05-16 14:39:30 | TRACE   | query_time, 0.0008945576846599579
2024-05-16 14:39:30 | TRACE   | query_time, 0.0009512379765510559
2024-05-16 14:39:30 | TRACE   | query_time, 0.0009253285825252533
2024-05-16 14:39:30 | TRACE   | query_time, 0.0009507909417152405
2024-05-16 14:39:30 | TRACE   | query_time, 0.0010456070303916931
2024-05-16 14:39:30 | TRACE   | query_time, 0.0008881762623786926
2024-05-16 14:39:30 | TRACE   | query_time, 0.0009526871144771576
2024-05-16 14:39:30 | TRACE   | query_time, 0.000962521880865097
2024-05-16 14:39:30 | TRACE   | query_time, 0.0008920766413211823
2024-05-16 14:39:30 | TRACE   | query_time, 0.0008889511227607727
2024-05-16 14:39:30 | TRACE   | query_time, 0.0008292272686958313
2024-05-16 14:39:30 | TRACE   | query_time, 0.0008621998131275177
2024-05-16 14:39:30 | TRACE   | query_time, 0.0008609741926193237
2024-05-16 14:39:30 | TRACE   | query_time, 0.0009379014372825623
2024-05-16 14:39:30 | TRACE   | query_time, 0.0008748359978199005
2024-05-16 14:39:30 | TRACE   | query_time, 0.0008156560361385345
2024-05-16 14:39:30 | TRACE   | query_time, 0.000881437212228775
2024-05-16 14:39:30 | TRACE   | query_time, 0.0008874423801898956
2024-05-16 14:39:30 | TRACE   | query_time, 0.0009119845926761627
2024-05-16 14:39:30 | TRACE   | query_time, 0.000918269157409668
2024-05-16 14:39:30 | TRACE   | query_time, 0.0008765198290348053
2024-05-16 14:39:30 | TRACE   | query_time, 0.0010463632643222809
2024-05-16 14:39:30 | TRACE   | query_time, 0.0009191334247589111
2024-05-16 14:39:30 | TRACE   | query_time, 0.0010153204202651978
2024-05-16 14:39:30 | TRACE   | query_time, 0.0010602176189422607
2024-05-16 14:39:30 | TRACE   | query_time, 0.0009245797991752625
2024-05-16 14:39:30 | TRACE   | query_time, 0.0008631125092506409
2024-05-16 14:39:30 | TRACE   | query_time, 0.0009095557034015656
2024-05-16 14:39:30 | TRACE   | query_time, 0.0008895769715309143
2024-05-16 14:39:30 | TRACE   | query_time, 0.0008567161858081818
2024-05-16 14:39:30 | TRACE   | query_time, 0.0008794106543064117
2024-05-16 14:39:30 | TRACE   | query_time, 0.0010123997926712036
2024-05-16 14:39:30 | TRACE   | query_time, 0.001027531921863556
2024-05-16 14:39:30 | TRACE   | query_time, 0.001050654798746109
2024-05-16 14:39:30 | TRACE   | query_time, 0.0013044029474258423
2024-05-16 14:39:30 | TRACE   | query_time, 0.0008739903569221497
2024-05-16 14:39:30 | TRACE   | query_time, 0.0008623376488685608
2024-05-16 14:39:30 | TRACE   | query_time, 0.0008447878062725067
2024-05-16 14:39:30 | TRACE   | query_time, 0.0008756481111049652
2024-05-16 14:39:30 | TRACE   | query_time, 0.0008563920855522156
2024-05-16 14:39:30 | TRACE   | query_time, 0.001028507947921753
2024-05-16 14:39:30 | TRACE   | query_time, 0.0008853264153003693
2024-05-16 14:39:30 | TRACE   | query_time, 0.0009507611393928528
2024-05-16 14:39:30 | TRACE   | query_time, 0.0009320676326751709
2024-05-16 14:39:30 | TRACE   | query_time, 0.0009171217679977417
2024-05-16 14:39:30 | TRACE   | query_time, 0.0010079629719257355
2024-05-16 14:39:30 | TRACE   | query_time, 0.0010126829147338867
2024-05-16 14:39:30 | TRACE   | query_time, 0.0008791647851467133
2024-05-16 14:39:30 | TRACE   | query_time, 0.0009097009897232056
2024-05-16 14:39:30 | TRACE   | query_time, 0.000940423458814621
2024-05-16 14:39:30 | TRACE   | query_time, 0.0008772276341915131
2024-05-16 14:39:30 | TRACE   | query_time, 0.0008860155940055847
2024-05-16 14:39:30 | TRACE   | query_time, 0.0008662082254886627
2024-05-16 14:39:30 | TRACE   | query_time, 0.0009440109133720398
2024-05-16 14:39:30 | TRACE   | query_time, 0.0008549541234970093
2024-05-16 14:39:30 | TRACE   | query_time, 0.0008574426174163818
2024-05-16 14:39:30 | TRACE   | query_time, 0.0008614733815193176
2024-05-16 14:39:30 | TRACE   | query_time, 0.0008346065878868103
2024-05-16 14:39:30 | TRACE   | query_time, 0.0009106025099754333
2024-05-16 14:39:30 | TRACE   | query_time, 0.0008782558143138885
2024-05-16 14:39:30 | TRACE   | query_time, 0.001027420163154602
2024-05-16 14:39:30 | TRACE   | query_time, 0.0008401982486248016
2024-05-16 14:39:30 | TRACE   | query_time, 0.0009032860398292542
2024-05-16 14:39:30 | TRACE   | query_time, 0.0008401386439800262
2024-05-16 14:39:30 | TRACE   | query_time, 0.0008804276585578918
2024-05-16 14:39:30 | TRACE   | query_time, 0.0008615590631961823
2024-05-16 14:39:30 | TRACE   | query_time, 0.0009065382182598114
2024-05-16 14:39:30 | TRACE   | query_time, 0.0008794255554676056
2024-05-16 14:39:30 | TRACE   | query_time, 0.0008867867290973663
2024-05-16 14:39:30 | TRACE   | query_time, 0.0009266398847103119
2024-05-16 14:39:30 | TRACE   | query_time, 0.0008453987538814545
2024-05-16 14:39:30 | TRACE   | query_time, 0.0009089373052120209
2024-05-16 14:39:30 | TRACE   | query_time, 0.000913769006729126
2024-05-16 14:39:30 | TRACE   | query_time, 0.0008716285228729248
2024-05-16 14:39:30 | TRACE   | query_time, 0.0009248517453670502
2024-05-16 14:39:30 | TRACE   | query_time, 0.0010445713996887207
2024-05-16 14:39:30 | TRACE   | query_time, 0.0008315518498420715
2024-05-16 14:39:30 | TRACE   | query_time, 0.0008830353617668152
2024-05-16 14:39:30 | TRACE   | query_time, 0.0009414516389369965
2024-05-16 14:39:30 | TRACE   | query_time, 0.0009132251143455505
2024-05-16 14:39:30 | TRACE   | query_time, 0.0008842870593070984
2024-05-16 14:39:30 | TRACE   | query_time, 0.0009074993431568146
2024-05-16 14:39:30 | TRACE   | query_time, 0.0010006725788116455
2024-05-16 14:39:30 | TRACE   | query_time, 0.0008693896234035492
2024-05-16 14:39:30 | TRACE   | query_time, 0.0008879490196704865
2024-05-16 14:39:30 | TRACE   | query_time, 0.0008239857852458954
2024-05-16 14:39:30 | TRACE   | query_time, 0.0008506886661052704
2024-05-16 14:39:30 | TRACE   | query_time, 0.0009126812219619751
2024-05-16 14:39:30 | TRACE   | query_time, 0.0008801557123661041
2024-05-16 14:39:30 | TRACE   | query_time, 0.0009096115827560425
2024-05-16 14:39:30 | TRACE   | query_time, 0.0009245574474334717
2024-05-16 14:39:30 | TRACE   | query_time, 0.0008662231266498566
2024-05-16 14:39:30 | TRACE   | query_time, 0.0009508766233921051
2024-05-16 14:39:30 | TRACE   | query_time, 0.0010426528751850128
2024-05-16 14:39:30 | TRACE   | query_time, 0.0012989193201065063
2024-05-16 14:39:30 | TRACE   | query_time, 0.0008817464113235474
2024-05-16 14:39:30 | TRACE   | query_time, 0.0009066686034202576
2024-05-16 14:39:30 | TRACE   | query_time, 0.0009397603571414948
2024-05-16 14:39:30 | TRACE   | query_time, 0.0008828118443489075
2024-05-16 14:39:30 | TRACE   | query_time, 0.0009645037353038788
2024-05-16 14:39:30 | TRACE   | query_time, 0.0008577033877372742
2024-05-16 14:39:30 | TRACE   | query_time, 0.0009106025099754333
2024-05-16 14:39:30 | TRACE   | query_time, 0.0008752979338169098
2024-05-16 14:39:30 | TRACE   | query_time, 0.0009209699928760529
2024-05-16 14:39:30 | TRACE   | query_time, 0.0008723139762878418
2024-05-16 14:39:30 | TRACE   | query_time, 0.0009474530816078186
2024-05-16 14:39:30 | TRACE   | query_time, 0.0008494779467582703
2024-05-16 14:39:30 | TRACE   | query_time, 0.0008633323013782501
2024-05-16 14:39:30 | TRACE   | query_time, 0.0008522458374500275
2024-05-16 14:39:30 | TRACE   | query_time, 0.0009116232395172119
2024-05-16 14:39:30 | TRACE   | query_time, 0.0008614398539066315
2024-05-16 14:39:30 | TRACE   | query_time, 0.0008634515106678009
2024-05-16 14:39:30 | TRACE   | query_time, 0.0009353607892990112
2024-05-16 14:39:30 | TRACE   | query_time, 0.0008301809430122375
2024-05-16 14:39:30 | TRACE   | query_time, 0.0009023621678352356
2024-05-16 14:39:30 | TRACE   | query_time, 0.0009430162608623505
2024-05-16 14:39:30 | TRACE   | query_time, 0.0008585788309574127
2024-05-16 14:39:30 | TRACE   | query_time, 0.0009243600070476532
2024-05-16 14:39:30 | TRACE   | query_time, 0.0012715496122837067
2024-05-16 14:39:30 | TRACE   | query_time, 0.0009042248129844666
2024-05-16 14:39:30 | TRACE   | query_time, 0.0008498877286911011
2024-05-16 14:39:30 | TRACE   | query_time, 0.0008541643619537354
2024-05-16 14:39:30 | TRACE   | query_time, 0.0008516013622283936
2024-05-16 14:39:30 | TRACE   | query_time, 0.0008876323699951172
2024-05-16 14:39:30 | TRACE   | query_time, 0.0009092092514038086
2024-05-16 14:39:30 | TRACE   | query_time, 0.0010075531899929047
2024-05-16 14:39:30 | TRACE   | query_time, 0.0008769035339355469
2024-05-16 14:39:30 | TRACE   | query_time, 0.0008608251810073853
2024-05-16 14:39:30 | TRACE   | query_time, 0.0008457154035568237
2024-05-16 14:39:30 | TRACE   | query_time, 0.0009391754865646362
2024-05-16 14:39:30 | TRACE   | query_time, 0.0008718296885490417
2024-05-16 14:39:30 | TRACE   | query_time, 0.0008845403790473938
2024-05-16 14:39:30 | TRACE   | query_time, 0.0008587203919887543
2024-05-16 14:39:30 | TRACE   | query_time, 0.0010421797633171082
2024-05-16 14:39:30 | TRACE   | query_time, 0.0008641742169857025
2024-05-16 14:39:30 | TRACE   | query_time, 0.0009006373584270477
2024-05-16 14:39:30 | TRACE   | query_time, 0.0009400062263011932
2024-05-16 14:39:30 | TRACE   | query_time, 0.0008517764508724213
2024-05-16 14:39:30 | TRACE   | query_time, 0.0008428916335105896
2024-05-16 14:39:30 | TRACE   | query_time, 0.0009143836796283722
2024-05-16 14:39:30 | TRACE   | query_time, 0.00081600621342659
2024-05-16 14:39:30 | TRACE   | query_time, 0.0008792392909526825
2024-05-16 14:39:30 | TRACE   | query_time, 0.000926431268453598
2024-05-16 14:39:30 | TRACE   | query_time, 0.000874202698469162
2024-05-16 14:39:30 | TRACE   | query_time, 0.0009172707796096802
2024-05-16 14:39:30 | TRACE   | query_time, 0.001287948340177536
2024-05-16 14:39:30 | TRACE   | query_time, 0.0009106025099754333
2024-05-16 14:39:30 | TRACE   | query_time, 0.00092349573969841
2024-05-16 14:39:30 | TRACE   | query_time, 0.0008271150290966034
2024-05-16 14:39:30 | TRACE   | query_time, 0.0008232928812503815
2024-05-16 14:39:30 | TRACE   | query_time, 0.0009035840630531311
2024-05-16 14:39:30 | TRACE   | query_time, 0.0008891336619853973
2024-05-16 14:39:30 | TRACE   | query_time, 0.0010099448263645172
2024-05-16 14:39:30 | TRACE   | query_time, 0.0008633099496364594
2024-05-16 14:39:30 | TRACE   | query_time, 0.0008772127330303192
2024-05-16 14:39:30 | TRACE   | query_time, 0.0010541528463363647
2024-05-16 14:39:30 | TRACE   | query_time, 0.0009216815233230591
2024-05-16 14:39:30 | TRACE   | query_time, 0.0009962953627109528
2024-05-16 14:39:30 | TRACE   | query_time, 0.0010096579790115356
2024-05-16 14:39:30 | TRACE   | query_time, 0.0010532215237617493
2024-05-16 14:39:30 | TRACE   | query_time, 0.0009363032877445221
2024-05-16 14:39:30 | TRACE   | query_time, 0.0009722337126731873
2024-05-16 14:39:30 | TRACE   | query_time, 0.0009252578020095825
2024-05-16 14:39:30 | TRACE   | query_time, 0.000950150191783905
2024-05-16 14:39:30 | TRACE   | query_time, 0.0010226443409919739
2024-05-16 14:39:30 | TRACE   | query_time, 0.0009384825825691223
2024-05-16 14:39:30 | TRACE   | query_time, 0.0009423904120922089
2024-05-16 14:39:30 | TRACE   | query_time, 0.0009808503091335297
2024-05-16 14:39:30 | TRACE   | query_time, 0.0009555071592330933
2024-05-16 14:39:30 | TRACE   | query_time, 0.0010898113250732422
2024-05-16 14:39:30 | TRACE   | query_time, 0.0009725242853164673
2024-05-16 14:39:30 | TRACE   | query_time, 0.0009667426347732544
2024-05-16 14:39:30 | TRACE   | query_time, 0.0009584389626979828
2024-05-16 14:39:30 | TRACE   | query_time, 0.0010367296636104584
2024-05-16 14:39:30 | TRACE   | query_time, 0.0009322501718997955
2024-05-16 14:39:30 | TRACE   | query_time, 0.0009811259806156158
2024-05-16 14:39:30 | TRACE   | query_time, 0.000982731580734253
2024-05-16 14:39:30 | TRACE   | query_time, 0.0009578540921211243
2024-05-16 14:39:30 | TRACE   | query_time, 0.0010181218385696411
2024-05-16 14:39:30 | TRACE   | query_time, 0.0009928829967975616
2024-05-16 14:39:30 | TRACE   | query_time, 0.0009273737668991089
2024-05-16 14:39:30 | TRACE   | query_time, 0.0009654052555561066
2024-05-16 14:39:30 | TRACE   | query_time, 0.0011112391948699951
2024-05-16 14:39:30 | TRACE   | query_time, 0.0009714029729366302
2024-05-16 14:39:30 | TRACE   | query_time, 0.001097172498703003
2024-05-16 14:39:30 | TRACE   | query_time, 0.0009770020842552185
2024-05-16 14:39:30 | TRACE   | query_time, 0.000979062169790268
2024-05-16 14:39:30 | TRACE   | query_time, 0.0009487122297286987
2024-05-16 14:39:30 | TRACE   | query_time, 0.001006290316581726
2024-05-16 14:39:30 | TRACE   | query_time, 0.0009949356317520142
2024-05-16 14:39:30 | TRACE   | query_time, 0.000985555350780487
2024-05-16 14:39:30 | TRACE   | query_time, 0.0010063648223876953
2024-05-16 14:39:30 | TRACE   | query_time, 0.0010329224169254303
2024-05-16 14:39:30 | TRACE   | query_time, 0.0010068640112876892
2024-05-16 14:39:30 | TRACE   | query_time, 0.0009326450526714325
2024-05-16 14:39:30 | TRACE   | query_time, 0.0010316558182239532
2024-05-16 14:39:30 | TRACE   | query_time, 0.001015596091747284
2024-05-16 14:39:30 | TRACE   | query_time, 0.0009325258433818817
2024-05-16 14:39:30 | TRACE   | query_time, 0.0009549893438816071
2024-05-16 14:39:30 | TRACE   | query_time, 0.0009332261979579926
2024-05-16 14:39:30 | TRACE   | query_time, 0.0009496062994003296
2024-05-16 14:39:30 | TRACE   | query_time, 0.0012041591107845306
2024-05-16 14:39:30 | TRACE   | query_time, 0.0009669922292232513
2024-05-16 14:39:30 | TRACE   | query_time, 0.0009938441216945648
2024-05-16 14:39:30 | TRACE   | query_time, 0.0009452700614929199
2024-05-16 14:39:30 | TRACE   | query_time, 0.0009534582495689392
2024-05-16 14:39:30 | TRACE   | query_time, 0.0009817108511924744
2024-05-16 14:39:30 | TRACE   | query_time, 0.0009956061840057373
2024-05-16 14:39:30 | TRACE   | query_time, 0.000977061688899994
2024-05-16 14:39:30 | TRACE   | query_time, 0.0009530223906040192
2024-05-16 14:39:30 | TRACE   | query_time, 0.001020483672618866
2024-05-16 14:39:30 | TRACE   | query_time, 0.0010931193828582764
2024-05-16 14:39:30 | TRACE   | query_time, 0.0009450986981391907
2024-05-16 14:39:30 | TRACE   | query_time, 0.0009952932596206665
2024-05-16 14:39:30 | TRACE   | query_time, 0.0010020546615123749
2024-05-16 14:39:30 | TRACE   | query_time, 0.0009470507502555847
2024-05-16 14:39:30 | TRACE   | query_time, 0.0009901225566864014
2024-05-16 14:39:30 | TRACE   | query_time, 0.0009994655847549438
2024-05-16 14:39:30 | TRACE   | query_time, 0.0009948015213012695
2024-05-16 14:39:30 | TRACE   | query_time, 0.0009964406490325928
2024-05-16 14:39:30 | TRACE   | query_time, 0.0009995773434638977
2024-05-16 14:39:30 | TRACE   | query_time, 0.0010037682950496674
2024-05-16 14:39:30 | TRACE   | query_time, 0.0009598284959793091
2024-05-16 14:39:30 | TRACE   | query_time, 0.000997748225927353
2024-05-16 14:39:30 | TRACE   | query_time, 0.0009960941970348358
2024-05-16 14:39:30 | TRACE   | query_time, 0.0010200552642345428
2024-05-16 14:39:30 | TRACE   | query_time, 0.0009861737489700317
2024-05-16 14:39:30 | TRACE   | query_time, 0.0009501241147518158
2024-05-16 14:39:30 | TRACE   | query_time, 0.0009557977318763733
2024-05-16 14:39:30 | TRACE   | query_time, 0.0009366944432258606
2024-05-16 14:39:30 | TRACE   | query_time, 0.0010844022035598755
2024-05-16 14:39:30 | TRACE   | query_time, 0.0009507238864898682
2024-05-16 14:39:30 | TRACE   | query_time, 0.0009516589343547821
2024-05-16 14:39:30 | TRACE   | query_time, 0.0010014884173870087
2024-05-16 14:39:30 | TRACE   | query_time, 0.0009761378169059753
2024-05-16 14:39:30 | TRACE   | query_time, 0.001000974327325821
2024-05-16 14:39:30 | TRACE   | query_time, 0.0009677484631538391
2024-05-16 14:39:30 | TRACE   | query_time, 0.0009650401771068573
2024-05-16 14:39:30 | TRACE   | query_time, 0.0010022036731243134
2024-05-16 14:39:30 | TRACE   | query_time, 0.0010010860860347748
2024-05-16 14:39:30 | TRACE   | query_time, 0.0009145401418209076
2024-05-16 14:39:30 | TRACE   | query_time, 0.0010189898312091827
2024-05-16 14:39:30 | TRACE   | query_time, 0.0009493231773376465
2024-05-16 14:39:30 | TRACE   | query_time, 0.0009592659771442413
2024-05-16 14:39:30 | TRACE   | query_time, 0.0009236633777618408
2024-05-16 14:39:30 | TRACE   | query_time, 0.0010101571679115295
2024-05-16 14:39:30 | TRACE   | query_time, 0.00100008025765419
2024-05-16 14:39:30 | TRACE   | query_time, 0.0010134465992450714
2024-05-16 14:39:30 | TRACE   | query_time, 0.0011929981410503387
2024-05-16 14:39:30 | TRACE   | query_time, 0.0009354725480079651
2024-05-16 14:39:30 | TRACE   | query_time, 0.0010192357003688812
2024-05-16 14:39:30 | TRACE   | query_time, 0.0009604655206203461
2024-05-16 14:39:30 | TRACE   | query_time, 0.0009502433240413666
2024-05-16 14:39:30 | TRACE   | query_time, 0.001004248857498169
2024-05-16 14:39:30 | TRACE   | query_time, 0.0009813234210014343
