2024-05-16 14:38:32 | DEBUG   | {'input': PosixPath('data/open_data_usa/indices/runtime_benchmark/conversion.zst'), 'input_type': 'index', 'queries': PosixPath('data/open_data_usa/queries/runtime_benchmark.zst'), 'estimation_mode': None, 'index_mode': 'recall', 'hist_filter': PosixPath('data/open_data_usa/filters/01.zst'), 'output': None, 'workers': None, 'frequency_hists': False, 'suppress_results': False, 'log_level': 'INFO', 'log_file': PosixPath('logs/runtime_benchmark/low_selectivity/open_data_usa-collection-conversion-single-2.log')}
2024-05-16 14:38:32 | DEBUG   | Loading input data from data/open_data_usa/indices/runtime_benchmark/conversion.zst
2024-05-16 14:38:32 | DEBUG   | Loading queries from data/open_data_usa/queries/runtime_benchmark.zst
2024-05-16 14:38:32 | DEBUG   | Loading histogram filter from data/open_data_usa/filters/01.zst
2024-05-16 14:38:32 | TRACE   | bootstrap_time, 0.2926296927034855
2024-05-16 14:38:32 | DEBUG   | Starting execution
2024-05-16 14:38:33 | TRACE   | query_time, 0.0003308914601802826
2024-05-16 14:38:33 | TRACE   | query_time, 0.00013506412506103516
2024-05-16 14:38:33 | TRACE   | query_time, 0.00012987107038497925
2024-05-16 14:38:33 | TRACE   | query_time, 0.00013677403330802917
2024-05-16 14:38:33 | TRACE   | query_time, 0.00012024492025375366
2024-05-16 14:38:33 | TRACE   | query_time, 0.00014604255557060242
2024-05-16 14:38:33 | TRACE   | query_time, 0.0001262165606021881
2024-05-16 14:38:33 | TRACE   | query_time, 0.0001507401466369629
2024-05-16 14:38:33 | TRACE   | query_time, 0.00012742355465888977
2024-05-16 14:38:33 | TRACE   | query_time, 0.00011749193072319031
2024-05-16 14:38:33 | TRACE   | query_time, 0.00012708455324172974
2024-05-16 14:38:33 | TRACE   | query_time, 0.0001424551010131836
2024-05-16 14:38:33 | TRACE   | query_time, 0.00013267621397972107
2024-05-16 14:38:33 | TRACE   | query_time, 0.00012759119272232056
2024-05-16 14:38:33 | TRACE   | query_time, 0.00013047456741333008
2024-05-16 14:38:33 | TRACE   | query_time, 0.00012933090329170227
2024-05-16 14:38:33 | TRACE   | query_time, 0.0001303739845752716
2024-05-16 14:38:33 | TRACE   | query_time, 0.00012752041220664978
2024-05-16 14:38:33 | TRACE   | query_time, 0.00012747198343276978
2024-05-16 14:38:33 | TRACE   | query_time, 0.00013945624232292175
2024-05-16 14:38:33 | TRACE   | query_time, 0.0001466907560825348
2024-05-16 14:38:33 | TRACE   | query_time, 0.00012588873505592346
2024-05-16 14:38:33 | TRACE   | query_time, 0.00014629215002059937
2024-05-16 14:38:33 | TRACE   | query_time, 0.00012673065066337585
2024-05-16 14:38:33 | TRACE   | query_time, 0.00013186782598495483
2024-05-16 14:38:33 | TRACE   | query_time, 0.00012668967247009277
2024-05-16 14:38:33 | TRACE   | query_time, 0.00012803077697753906
2024-05-16 14:38:33 | TRACE   | query_time, 0.00012558326125144958
2024-05-16 14:38:33 | TRACE   | query_time, 0.00012632831931114197
2024-05-16 14:38:33 | TRACE   | query_time, 0.0001463368535041809
2024-05-16 14:38:33 | TRACE   | query_time, 0.00012698397040367126
2024-05-16 14:38:33 | TRACE   | query_time, 0.00012665987014770508
2024-05-16 14:38:33 | TRACE   | query_time, 0.00012845173478126526
2024-05-16 14:38:33 | TRACE   | query_time, 0.0001330152153968811
2024-05-16 14:38:33 | TRACE   | query_time, 0.00014207512140274048
2024-05-16 14:38:33 | TRACE   | query_time, 0.0001375153660774231
2024-05-16 14:38:33 | TRACE   | query_time, 0.00013636797666549683
2024-05-16 14:38:33 | TRACE   | query_time, 0.0001263730227947235
2024-05-16 14:38:33 | TRACE   | query_time, 0.00012589618563652039
2024-05-16 14:38:33 | TRACE   | query_time, 0.00011745467782020569
2024-05-16 14:38:33 | TRACE   | query_time, 0.00014816224575042725
2024-05-16 14:38:33 | TRACE   | query_time, 0.0001195669174194336
2024-05-16 14:38:33 | TRACE   | query_time, 0.0001256987452507019
2024-05-16 14:38:33 | TRACE   | query_time, 0.00012713298201560974
2024-05-16 14:38:33 | TRACE   | query_time, 0.00014615431427955627
2024-05-16 14:38:33 | TRACE   | query_time, 0.0001466497778892517
2024-05-16 14:38:33 | TRACE   | query_time, 0.00012896955013275146
2024-05-16 14:38:33 | TRACE   | query_time, 0.00013101473450660706
2024-05-16 14:38:33 | TRACE   | query_time, 0.0001286044716835022
2024-05-16 14:38:33 | TRACE   | query_time, 0.0001370646059513092
2024-05-16 14:38:33 | TRACE   | query_time, 0.0001269020140171051
2024-05-16 14:38:33 | TRACE   | query_time, 0.00011708959937095642
2024-05-16 14:38:33 | TRACE   | query_time, 0.0001262165606021881
2024-05-16 14:38:33 | TRACE   | query_time, 0.00012623518705368042
2024-05-16 14:38:33 | TRACE   | query_time, 0.00013143941760063171
2024-05-16 14:38:33 | TRACE   | query_time, 0.00013878941535949707
2024-05-16 14:38:33 | TRACE   | query_time, 0.00011805817484855652
2024-05-16 14:38:33 | TRACE   | query_time, 0.00014612078666687012
2024-05-16 14:38:33 | TRACE   | query_time, 0.00012547895312309265
2024-05-16 14:38:33 | TRACE   | query_time, 0.00014493614435195923
2024-05-16 14:38:33 | TRACE   | query_time, 0.00012623891234397888
2024-05-16 14:38:33 | TRACE   | query_time, 0.00012617185711860657
2024-05-16 14:38:33 | TRACE   | query_time, 0.0001271069049835205
2024-05-16 14:38:33 | TRACE   | query_time, 0.00012591108679771423
2024-05-16 14:38:33 | TRACE   | query_time, 0.0001293681561946869
2024-05-16 14:38:33 | TRACE   | query_time, 0.00012787804007530212
2024-05-16 14:38:33 | TRACE   | query_time, 0.00012076646089553833
2024-05-16 14:38:33 | TRACE   | query_time, 0.00012686103582382202
2024-05-16 14:38:33 | TRACE   | query_time, 0.0001262091100215912
2024-05-16 14:38:33 | TRACE   | query_time, 0.0001165345311164856
2024-05-16 14:38:33 | TRACE   | query_time, 0.0001250728964805603
2024-05-16 14:38:33 | TRACE   | query_time, 0.00013638660311698914
2024-05-16 14:38:33 | TRACE   | query_time, 0.0001276656985282898
2024-05-16 14:38:33 | TRACE   | query_time, 0.00012629106640815735
2024-05-16 14:38:33 | TRACE   | query_time, 0.00012630224227905273
2024-05-16 14:38:33 | TRACE   | query_time, 0.00012825056910514832
2024-05-16 14:38:33 | TRACE   | query_time, 0.00012791156768798828
2024-05-16 14:38:33 | TRACE   | query_time, 0.00013623759150505066
2024-05-16 14:38:33 | TRACE   | query_time, 0.00012627989053726196
2024-05-16 14:38:33 | TRACE   | query_time, 0.00013647228479385376
2024-05-16 14:38:33 | TRACE   | query_time, 0.0001287795603275299
2024-05-16 14:38:33 | TRACE   | query_time, 0.00012695416808128357
2024-05-16 14:38:33 | TRACE   | query_time, 0.0001255534589290619
2024-05-16 14:38:33 | TRACE   | query_time, 0.00012490898370742798
2024-05-16 14:38:33 | TRACE   | query_time, 0.00012720376253128052
2024-05-16 14:38:33 | TRACE   | query_time, 0.00012950226664543152
2024-05-16 14:38:33 | TRACE   | query_time, 0.00011591985821723938
2024-05-16 14:38:33 | TRACE   | query_time, 0.00013410672545433044
2024-05-16 14:38:33 | TRACE   | query_time, 0.00012756139039993286
2024-05-16 14:38:33 | TRACE   | query_time, 0.0001256018877029419
2024-05-16 14:38:33 | TRACE   | query_time, 0.0001254044473171234
2024-05-16 14:38:33 | TRACE   | query_time, 0.0001251325011253357
2024-05-16 14:38:33 | TRACE   | query_time, 0.0001353137195110321
2024-05-16 14:38:33 | TRACE   | query_time, 0.00012670829892158508
2024-05-16 14:38:33 | TRACE   | query_time, 0.0001359805464744568
2024-05-16 14:38:33 | TRACE   | query_time, 0.00012530386447906494
2024-05-16 14:38:33 | TRACE   | query_time, 0.00014423951506614685
2024-05-16 14:38:33 | TRACE   | query_time, 0.0001240074634552002
2024-05-16 14:38:33 | TRACE   | query_time, 0.0001264326274394989
2024-05-16 14:38:33 | TRACE   | query_time, 0.0001450181007385254
2024-05-16 14:38:33 | TRACE   | query_time, 0.0001259930431842804
2024-05-16 14:38:33 | TRACE   | query_time, 0.00014471262693405151
2024-05-16 14:38:33 | TRACE   | query_time, 0.00012626871466636658
2024-05-16 14:38:33 | TRACE   | query_time, 0.00012171640992164612
2024-05-16 14:38:33 | TRACE   | query_time, 0.00014395639300346375
2024-05-16 14:38:33 | TRACE   | query_time, 0.00012589991092681885
2024-05-16 14:38:33 | TRACE   | query_time, 0.0001271478831768036
2024-05-16 14:38:33 | TRACE   | query_time, 0.00011819973587989807
2024-05-16 14:38:33 | TRACE   | query_time, 0.00012720748782157898
2024-05-16 14:38:33 | TRACE   | query_time, 0.00011818483471870422
2024-05-16 14:38:33 | TRACE   | query_time, 0.00012594833970069885
2024-05-16 14:38:33 | TRACE   | query_time, 0.00012933462858200073
2024-05-16 14:38:33 | TRACE   | query_time, 0.00012733787298202515
2024-05-16 14:38:33 | TRACE   | query_time, 0.00012742355465888977
2024-05-16 14:38:33 | TRACE   | query_time, 0.000125981867313385
2024-05-16 14:38:33 | TRACE   | query_time, 0.0001276545226573944
2024-05-16 14:38:33 | TRACE   | query_time, 0.00012700259685516357
2024-05-16 14:38:33 | TRACE   | query_time, 0.00012735649943351746
2024-05-16 14:38:33 | TRACE   | query_time, 0.00013113394379615784
2024-05-16 14:38:33 | TRACE   | query_time, 0.00014587491750717163
2024-05-16 14:38:33 | TRACE   | query_time, 0.0001255720853805542
2024-05-16 14:38:33 | TRACE   | query_time, 0.00012605264782905579
2024-05-16 14:38:33 | TRACE   | query_time, 0.0001271553337574005
2024-05-16 14:38:33 | TRACE   | query_time, 0.0001273714005947113
2024-05-16 14:38:33 | TRACE   | query_time, 0.00013016536831855774
2024-05-16 14:38:33 | TRACE   | query_time, 0.00012581795454025269
2024-05-16 14:38:33 | TRACE   | query_time, 0.00013484060764312744
2024-05-16 14:38:33 | TRACE   | query_time, 0.0001278519630432129
2024-05-16 14:38:33 | TRACE   | query_time, 0.00013073906302452087
2024-05-16 14:38:33 | TRACE   | query_time, 0.00012924522161483765
2024-05-16 14:38:33 | TRACE   | query_time, 0.00011813268065452576
2024-05-16 14:38:33 | TRACE   | query_time, 0.0001270100474357605
2024-05-16 14:38:33 | TRACE   | query_time, 0.00012882426381111145
2024-05-16 14:38:33 | TRACE   | query_time, 0.00013807415962219238
2024-05-16 14:38:33 | TRACE   | query_time, 0.00012782961130142212
2024-05-16 14:38:33 | TRACE   | query_time, 0.00012726709246635437
2024-05-16 14:38:33 | TRACE   | query_time, 0.00014584511518478394
2024-05-16 14:38:33 | TRACE   | query_time, 0.00012733414769172668
2024-05-16 14:38:33 | TRACE   | query_time, 0.00012676045298576355
2024-05-16 14:38:33 | TRACE   | query_time, 0.00013211742043495178
2024-05-16 14:38:33 | TRACE   | query_time, 0.00012514740228652954
2024-05-16 14:38:33 | TRACE   | query_time, 0.00013125687837600708
2024-05-16 14:38:33 | TRACE   | query_time, 0.00012658163905143738
2024-05-16 14:38:33 | TRACE   | query_time, 0.00011744722723960876
2024-05-16 14:38:33 | TRACE   | query_time, 0.00013609975576400757
2024-05-16 14:38:33 | TRACE   | query_time, 0.00013658031821250916
2024-05-16 14:38:33 | TRACE   | query_time, 0.00012556463479995728
2024-05-16 14:38:33 | TRACE   | query_time, 0.0001263059675693512
2024-05-16 14:38:33 | TRACE   | query_time, 0.00013593211770057678
2024-05-16 14:38:33 | TRACE   | query_time, 0.00012641772627830505
2024-05-16 14:38:33 | TRACE   | query_time, 0.00013611093163490295
2024-05-16 14:38:33 | TRACE   | query_time, 0.00012871995568275452
2024-05-16 14:38:33 | TRACE   | query_time, 0.00011711940169334412
2024-05-16 14:38:33 | TRACE   | query_time, 0.00011980906128883362
2024-05-16 14:38:33 | TRACE   | query_time, 0.00012652575969696045
2024-05-16 14:38:33 | TRACE   | query_time, 0.0001454763114452362
2024-05-16 14:38:33 | TRACE   | query_time, 0.00012508779764175415
2024-05-16 14:38:33 | TRACE   | query_time, 0.00012595206499099731
2024-05-16 14:38:33 | TRACE   | query_time, 0.0001251697540283203
2024-05-16 14:38:33 | TRACE   | query_time, 0.00013175979256629944
2024-05-16 14:38:33 | TRACE   | query_time, 0.00013065338134765625
2024-05-16 14:38:33 | TRACE   | query_time, 0.00012487918138504028
2024-05-16 14:38:33 | TRACE   | query_time, 0.00013668090105056763
2024-05-16 14:38:33 | TRACE   | query_time, 0.00012607499957084656
2024-05-16 14:38:33 | TRACE   | query_time, 0.0001250728964805603
2024-05-16 14:38:33 | TRACE   | query_time, 0.0001244768500328064
2024-05-16 14:38:33 | TRACE   | query_time, 0.00013510137796401978
2024-05-16 14:38:33 | TRACE   | query_time, 0.00012499839067459106
2024-05-16 14:38:33 | TRACE   | query_time, 0.00012563914060592651
2024-05-16 14:38:33 | TRACE   | query_time, 0.00014468282461166382
2024-05-16 14:38:33 | TRACE   | query_time, 0.0001257471740245819
2024-05-16 14:38:33 | TRACE   | query_time, 0.00011647865176200867
2024-05-16 14:38:33 | TRACE   | query_time, 0.00012630969285964966
2024-05-16 14:38:33 | TRACE   | query_time, 0.00012689456343650818
2024-05-16 14:38:33 | TRACE   | query_time, 0.0001386888325214386
2024-05-16 14:38:33 | TRACE   | query_time, 0.00012422353029251099
2024-05-16 14:38:33 | TRACE   | query_time, 0.0001352950930595398
2024-05-16 14:38:33 | TRACE   | query_time, 0.00012343376874923706
2024-05-16 14:38:33 | TRACE   | query_time, 0.0001247785985469818
2024-05-16 14:38:33 | TRACE   | query_time, 0.00011578202247619629
2024-05-16 14:38:33 | TRACE   | query_time, 0.00012513622641563416
2024-05-16 14:38:33 | TRACE   | query_time, 0.00012494996190071106
2024-05-16 14:38:33 | TRACE   | query_time, 0.00015467777848243713
2024-05-16 14:38:33 | TRACE   | query_time, 0.00012802332639694214
2024-05-16 14:38:33 | TRACE   | query_time, 0.00012622028589248657
2024-05-16 14:38:33 | TRACE   | query_time, 0.00012670829892158508
2024-05-16 14:38:33 | TRACE   | query_time, 0.00012607872486114502
2024-05-16 14:38:33 | TRACE   | query_time, 0.00012476369738578796
2024-05-16 14:38:33 | TRACE   | query_time, 0.00012572109699249268
2024-05-16 14:38:33 | TRACE   | query_time, 0.00012659654021263123
2024-05-16 14:38:33 | TRACE   | query_time, 0.00012225285172462463
2024-05-16 14:38:33 | TRACE   | query_time, 0.00012051314115524292
2024-05-16 14:38:33 | TRACE   | query_time, 0.00013733655214309692
2024-05-16 14:38:33 | TRACE   | query_time, 0.00012591108679771423
2024-05-16 14:38:33 | TRACE   | query_time, 0.0001242123544216156
2024-05-16 14:38:33 | TRACE   | query_time, 0.00013512000441551208
2024-05-16 14:38:33 | TRACE   | query_time, 0.00012578442692756653
2024-05-16 14:38:33 | TRACE   | query_time, 0.0001157522201538086
2024-05-16 14:38:33 | TRACE   | query_time, 0.0001286230981349945
2024-05-16 14:38:33 | TRACE   | query_time, 0.00012611225247383118
2024-05-16 14:38:33 | TRACE   | query_time, 0.0001253969967365265
2024-05-16 14:38:33 | TRACE   | query_time, 0.00012679025530815125
2024-05-16 14:38:33 | TRACE   | query_time, 0.00012535974383354187
2024-05-16 14:38:33 | TRACE   | query_time, 0.0001496635377407074
2024-05-16 14:38:33 | TRACE   | query_time, 0.00012629106640815735
2024-05-16 14:38:33 | TRACE   | query_time, 0.00011749193072319031
2024-05-16 14:38:33 | TRACE   | query_time, 0.00012636184692382812
2024-05-16 14:38:33 | TRACE   | query_time, 0.00012556836009025574
2024-05-16 14:38:33 | TRACE   | query_time, 0.00012493133544921875
2024-05-16 14:38:33 | TRACE   | query_time, 0.00012623518705368042
2024-05-16 14:38:33 | TRACE   | query_time, 0.00013883784413337708
2024-05-16 14:38:33 | TRACE   | query_time, 0.00012600794434547424
2024-05-16 14:38:33 | TRACE   | query_time, 0.0001262873411178589
2024-05-16 14:38:33 | TRACE   | query_time, 0.00012459233403205872
2024-05-16 14:38:33 | TRACE   | query_time, 0.00013377517461776733
2024-05-16 14:38:33 | TRACE   | query_time, 0.00013574957847595215
2024-05-16 14:38:33 | TRACE   | query_time, 0.00012589991092681885
2024-05-16 14:38:33 | TRACE   | query_time, 0.0001292601227760315
2024-05-16 14:38:33 | TRACE   | query_time, 0.00011777877807617188
2024-05-16 14:38:33 | TRACE   | query_time, 0.00011734664440155029
2024-05-16 14:38:33 | TRACE   | query_time, 0.00012491270899772644
2024-05-16 14:38:33 | TRACE   | query_time, 0.00012594833970069885
2024-05-16 14:38:33 | TRACE   | query_time, 0.00012591853737831116
2024-05-16 14:38:33 | TRACE   | query_time, 0.00011897087097167969
2024-05-16 14:38:33 | TRACE   | query_time, 0.0001168474555015564
2024-05-16 14:38:33 | TRACE   | query_time, 0.0001336894929409027
2024-05-16 14:38:33 | TRACE   | query_time, 0.00014545395970344543
2024-05-16 14:38:33 | TRACE   | query_time, 0.00012736022472381592
2024-05-16 14:38:33 | TRACE   | query_time, 0.00012603029608726501
2024-05-16 14:38:33 | TRACE   | query_time, 0.00012525171041488647
2024-05-16 14:38:33 | TRACE   | query_time, 0.0001172386109828949
2024-05-16 14:38:33 | TRACE   | query_time, 0.00012951716780662537
2024-05-16 14:38:33 | TRACE   | query_time, 0.00011814013123512268
2024-05-16 14:38:33 | TRACE   | query_time, 0.00012717023491859436
2024-05-16 14:38:33 | TRACE   | query_time, 0.00012666359543800354
2024-05-16 14:38:33 | TRACE   | query_time, 0.00013539940118789673
2024-05-16 14:38:33 | TRACE   | query_time, 0.00013495609164237976
2024-05-16 14:38:33 | TRACE   | query_time, 0.0001259036362171173
2024-05-16 14:38:33 | TRACE   | query_time, 0.00013481825590133667
2024-05-16 14:38:33 | TRACE   | query_time, 0.00013522803783416748
2024-05-16 14:38:33 | TRACE   | query_time, 0.00012544915080070496
2024-05-16 14:38:33 | TRACE   | query_time, 0.0001169443130493164
2024-05-16 14:38:33 | TRACE   | query_time, 0.00012907013297080994
2024-05-16 14:38:33 | TRACE   | query_time, 0.0001450367271900177
2024-05-16 14:38:33 | TRACE   | query_time, 0.0001262575387954712
2024-05-16 14:38:33 | TRACE   | query_time, 0.00014534592628479004
2024-05-16 14:38:33 | TRACE   | query_time, 0.0001263357698917389
2024-05-16 14:38:33 | TRACE   | query_time, 0.00012744590640068054
2024-05-16 14:38:33 | TRACE   | query_time, 0.00012750178575515747
2024-05-16 14:38:33 | TRACE   | query_time, 0.00012558698654174805
2024-05-16 14:38:33 | TRACE   | query_time, 0.0001264512538909912
2024-05-16 14:38:33 | TRACE   | query_time, 0.00012806802988052368
2024-05-16 14:38:33 | TRACE   | query_time, 0.00012466683983802795
2024-05-16 14:38:33 | TRACE   | query_time, 0.0001259930431842804
2024-05-16 14:38:33 | TRACE   | query_time, 0.00012594088912010193
2024-05-16 14:38:33 | TRACE   | query_time, 0.00012655183672904968
2024-05-16 14:38:33 | TRACE   | query_time, 0.00013461709022521973
2024-05-16 14:38:33 | TRACE   | query_time, 0.00013023614883422852
2024-05-16 14:38:33 | TRACE   | query_time, 0.00011842697858810425
2024-05-16 14:38:33 | TRACE   | query_time, 0.00012784823775291443
2024-05-16 14:38:33 | TRACE   | query_time, 0.00012558698654174805
2024-05-16 14:38:33 | TRACE   | query_time, 0.00012497231364250183
2024-05-16 14:38:33 | TRACE   | query_time, 0.00012596696615219116
2024-05-16 14:38:33 | TRACE   | query_time, 0.00011708959937095642
2024-05-16 14:38:33 | TRACE   | query_time, 0.0001259036362171173
2024-05-16 14:38:33 | TRACE   | query_time, 0.00011847913265228271
2024-05-16 14:38:33 | TRACE   | query_time, 0.000135127454996109
2024-05-16 14:38:33 | TRACE   | query_time, 0.00012756511569023132
2024-05-16 14:38:33 | TRACE   | query_time, 0.00014076009392738342
2024-05-16 14:38:33 | TRACE   | query_time, 0.0001268424093723297
2024-05-16 14:38:33 | TRACE   | query_time, 0.00013569742441177368
2024-05-16 14:38:33 | TRACE   | query_time, 0.0001450963318347931
2024-05-16 14:38:33 | TRACE   | query_time, 0.00011733919382095337
2024-05-16 14:38:33 | TRACE   | query_time, 0.00014758482575416565
2024-05-16 14:38:33 | TRACE   | query_time, 0.00012606382369995117
2024-05-16 14:38:33 | TRACE   | query_time, 0.0001258254051208496
2024-05-16 14:38:33 | TRACE   | query_time, 0.0001250132918357849
2024-05-16 14:38:33 | TRACE   | query_time, 0.00011909753084182739
2024-05-16 14:38:33 | TRACE   | query_time, 0.00013525411486625671
2024-05-16 14:38:33 | TRACE   | query_time, 0.00012541189789772034
2024-05-16 14:38:33 | TRACE   | query_time, 0.00012577325105667114
2024-05-16 14:38:33 | TRACE   | query_time, 0.0001255534589290619
2024-05-16 14:38:33 | TRACE   | query_time, 0.00012857839465141296
2024-05-16 14:38:33 | TRACE   | query_time, 0.00012685731053352356
2024-05-16 14:38:33 | TRACE   | query_time, 0.00012772902846336365
2024-05-16 14:38:33 | TRACE   | query_time, 0.0001249350607395172
2024-05-16 14:38:33 | TRACE   | query_time, 0.00012578442692756653
2024-05-16 14:38:33 | TRACE   | query_time, 0.00012572482228279114
2024-05-16 14:38:33 | TRACE   | query_time, 0.0001263059675693512
2024-05-16 14:38:33 | TRACE   | query_time, 0.0001347176730632782
2024-05-16 14:38:33 | TRACE   | query_time, 0.00012638047337532043
2024-05-16 14:38:33 | TRACE   | query_time, 0.00014201924204826355
2024-05-16 14:38:33 | TRACE   | query_time, 0.0001302659511566162
2024-05-16 14:38:33 | TRACE   | query_time, 0.0001262873411178589
2024-05-16 14:38:33 | TRACE   | query_time, 0.00012502074241638184
2024-05-16 14:38:33 | TRACE   | query_time, 0.0001250915229320526
2024-05-16 14:38:33 | TRACE   | query_time, 0.00014559924602508545
2024-05-16 14:38:33 | TRACE   | query_time, 0.0001262947916984558
2024-05-16 14:38:33 | TRACE   | query_time, 0.00012455135583877563
2024-05-16 14:38:33 | TRACE   | query_time, 0.00012902915477752686
2024-05-16 14:38:33 | TRACE   | query_time, 0.00012663379311561584
2024-05-16 14:38:33 | TRACE   | query_time, 0.0001274682581424713
2024-05-16 14:38:33 | TRACE   | query_time, 0.0001257285475730896
2024-05-16 14:38:33 | TRACE   | query_time, 0.00012419745326042175
2024-05-16 14:38:33 | TRACE   | query_time, 0.0001259148120880127
2024-05-16 14:38:33 | TRACE   | query_time, 0.0001253262162208557
2024-05-16 14:38:33 | TRACE   | query_time, 0.00011605396866798401
2024-05-16 14:38:33 | TRACE   | query_time, 0.00012583285570144653
2024-05-16 14:38:33 | TRACE   | query_time, 0.00013888254761695862
2024-05-16 14:38:33 | TRACE   | query_time, 0.0001371428370475769
2024-05-16 14:38:33 | TRACE   | query_time, 0.00012584403157234192
2024-05-16 14:38:33 | TRACE   | query_time, 0.00012988969683647156
2024-05-16 14:38:33 | TRACE   | query_time, 0.00012568756937980652
2024-05-16 14:38:33 | TRACE   | query_time, 0.0001164749264717102
2024-05-16 14:38:33 | TRACE   | query_time, 0.00012649968266487122
2024-05-16 14:38:33 | TRACE   | query_time, 0.0001261681318283081
2024-05-16 14:38:33 | TRACE   | query_time, 0.00012816116213798523
2024-05-16 14:38:33 | TRACE   | query_time, 0.0001276545226573944
2024-05-16 14:38:33 | TRACE   | query_time, 0.0001267753541469574
2024-05-16 14:38:33 | TRACE   | query_time, 0.00013454630970954895
2024-05-16 14:38:33 | TRACE   | query_time, 0.00012518838047981262
2024-05-16 14:38:33 | TRACE   | query_time, 0.00012690573930740356
2024-05-16 14:38:33 | TRACE   | query_time, 0.00013536959886550903
2024-05-16 14:38:33 | TRACE   | query_time, 0.00012503936886787415
2024-05-16 14:38:33 | TRACE   | query_time, 0.00012654438614845276
2024-05-16 14:38:33 | TRACE   | query_time, 0.00012489408254623413
2024-05-16 14:38:33 | TRACE   | query_time, 0.00012473762035369873
2024-05-16 14:38:33 | TRACE   | query_time, 0.00013585016131401062
2024-05-16 14:38:33 | TRACE   | query_time, 0.0001258552074432373
2024-05-16 14:38:33 | TRACE   | query_time, 0.0001164563000202179
2024-05-16 14:38:33 | TRACE   | query_time, 0.00012627243995666504
2024-05-16 14:38:33 | TRACE   | query_time, 0.00011704117059707642
2024-05-16 14:38:33 | TRACE   | query_time, 0.0001263357698917389
2024-05-16 14:38:33 | TRACE   | query_time, 0.0005912855267524719
2024-05-16 14:38:33 | TRACE   | query_time, 0.000619061291217804
2024-05-16 14:38:33 | TRACE   | query_time, 0.0006071440875530243
2024-05-16 14:38:33 | TRACE   | query_time, 0.0006205365061759949
2024-05-16 14:38:33 | TRACE   | query_time, 0.0006889700889587402
2024-05-16 14:38:33 | TRACE   | query_time, 0.0005828700959682465
2024-05-16 14:38:33 | TRACE   | query_time, 0.0006217509508132935
2024-05-16 14:38:33 | TRACE   | query_time, 0.0006301812827587128
2024-05-16 14:38:33 | TRACE   | query_time, 0.0005900859832763672
2024-05-16 14:38:33 | TRACE   | query_time, 0.0005806200206279755
2024-05-16 14:38:33 | TRACE   | query_time, 0.0005506686866283417
2024-05-16 14:38:33 | TRACE   | query_time, 0.0005651265382766724
2024-05-16 14:38:33 | TRACE   | query_time, 0.0005685985088348389
2024-05-16 14:38:33 | TRACE   | query_time, 0.0006050877273082733
2024-05-16 14:38:33 | TRACE   | query_time, 0.0005816705524921417
2024-05-16 14:38:33 | TRACE   | query_time, 0.000537872314453125
2024-05-16 14:38:33 | TRACE   | query_time, 0.0005812607705593109
2024-05-16 14:38:33 | TRACE   | query_time, 0.0005774572491645813
2024-05-16 14:38:33 | TRACE   | query_time, 0.0006081350147724152
2024-05-16 14:38:33 | TRACE   | query_time, 0.0006002373993396759
2024-05-16 14:38:33 | TRACE   | query_time, 0.000578567385673523
2024-05-16 14:38:33 | TRACE   | query_time, 0.0006775408983230591
2024-05-16 14:38:33 | TRACE   | query_time, 0.0006043277680873871
2024-05-16 14:38:33 | TRACE   | query_time, 0.0006637014448642731
2024-05-16 14:38:33 | TRACE   | query_time, 0.0007003620266914368
2024-05-16 14:38:33 | TRACE   | query_time, 0.0005999580025672913
2024-05-16 14:38:33 | TRACE   | query_time, 0.0005695708096027374
2024-05-16 14:38:33 | TRACE   | query_time, 0.0005976967513561249
2024-05-16 14:38:33 | TRACE   | query_time, 0.000577043741941452
2024-05-16 14:38:33 | TRACE   | query_time, 0.0005639530718326569
2024-05-16 14:38:33 | TRACE   | query_time, 0.000583358108997345
2024-05-16 14:38:33 | TRACE   | query_time, 0.0006650201976299286
2024-05-16 14:38:33 | TRACE   | query_time, 0.0006721653044223785
2024-05-16 14:38:33 | TRACE   | query_time, 0.0006828196346759796
2024-05-16 14:38:33 | TRACE   | query_time, 0.0008627623319625854
2024-05-16 14:38:33 | TRACE   | query_time, 0.0005791857838630676
2024-05-16 14:38:33 | TRACE   | query_time, 0.0005697906017303467
2024-05-16 14:38:33 | TRACE   | query_time, 0.0005564466118812561
2024-05-16 14:38:33 | TRACE   | query_time, 0.0005773492157459259
2024-05-16 14:38:33 | TRACE   | query_time, 0.000562623143196106
2024-05-16 14:38:33 | TRACE   | query_time, 0.0006698034703731537
2024-05-16 14:38:33 | TRACE   | query_time, 0.0005844905972480774
2024-05-16 14:38:33 | TRACE   | query_time, 0.0006241127848625183
2024-05-16 14:38:33 | TRACE   | query_time, 0.0006067529320716858
2024-05-16 14:38:33 | TRACE   | query_time, 0.0006000399589538574
2024-05-16 14:38:33 | TRACE   | query_time, 0.0006656274199485779
2024-05-16 14:38:33 | TRACE   | query_time, 0.0006654523313045502
2024-05-16 14:38:33 | TRACE   | query_time, 0.000575534999370575
2024-05-16 14:38:33 | TRACE   | query_time, 0.0006001219153404236
2024-05-16 14:38:33 | TRACE   | query_time, 0.0006165839731693268
2024-05-16 14:38:33 | TRACE   | query_time, 0.0005781203508377075
2024-05-16 14:38:33 | TRACE   | query_time, 0.0005804114043712616
2024-05-16 14:38:33 | TRACE   | query_time, 0.0005714148283004761
2024-05-16 14:38:33 | TRACE   | query_time, 0.0006227493286132812
2024-05-16 14:38:33 | TRACE   | query_time, 0.0005663856863975525
2024-05-16 14:38:33 | TRACE   | query_time, 0.0005615986883640289
2024-05-16 14:38:33 | TRACE   | query_time, 0.0005629658699035645
2024-05-16 14:38:33 | TRACE   | query_time, 0.000542033463716507
2024-05-16 14:38:33 | TRACE   | query_time, 0.0006021633744239807
2024-05-16 14:38:33 | TRACE   | query_time, 0.0005798526108264923
2024-05-16 14:38:33 | TRACE   | query_time, 0.0006786026060581207
2024-05-16 14:38:33 | TRACE   | query_time, 0.0005450025200843811
2024-05-16 14:38:33 | TRACE   | query_time, 0.0006007924675941467
2024-05-16 14:38:33 | TRACE   | query_time, 0.0005533397197723389
2024-05-16 14:38:33 | TRACE   | query_time, 0.0005763806402683258
2024-05-16 14:38:33 | TRACE   | query_time, 0.0005678310990333557
2024-05-16 14:38:33 | TRACE   | query_time, 0.0006097890436649323
2024-05-16 14:38:33 | TRACE   | query_time, 0.0005798749625682831
2024-05-16 14:38:33 | TRACE   | query_time, 0.0005786716938018799
2024-05-16 14:38:33 | TRACE   | query_time, 0.000609472393989563
2024-05-16 14:38:33 | TRACE   | query_time, 0.0005619041621685028
2024-05-16 14:38:33 | TRACE   | query_time, 0.0006018355488777161
2024-05-16 14:38:33 | TRACE   | query_time, 0.0006072372198104858
2024-05-16 14:38:33 | TRACE   | query_time, 0.0005695521831512451
2024-05-16 14:38:33 | TRACE   | query_time, 0.0006095282733440399
2024-05-16 14:38:33 | TRACE   | query_time, 0.0006840117275714874
2024-05-16 14:38:33 | TRACE   | query_time, 0.0005431920289993286
2024-05-16 14:38:33 | TRACE   | query_time, 0.0005751624703407288
2024-05-16 14:38:33 | TRACE   | query_time, 0.000622190535068512
2024-05-16 14:38:33 | TRACE   | query_time, 0.0006002411246299744
2024-05-16 14:38:33 | TRACE   | query_time, 0.0005785040557384491
2024-05-16 14:38:33 | TRACE   | query_time, 0.0006051398813724518
2024-05-16 14:38:33 | TRACE   | query_time, 0.0006662867963314056
2024-05-16 14:38:33 | TRACE   | query_time, 0.0005716755986213684
2024-05-16 14:38:33 | TRACE   | query_time, 0.000582624226808548
2024-05-16 14:38:33 | TRACE   | query_time, 0.0005450695753097534
2024-05-16 14:38:33 | TRACE   | query_time, 0.0005636028945446014
2024-05-16 14:38:33 | TRACE   | query_time, 0.0006033889949321747
2024-05-16 14:38:33 | TRACE   | query_time, 0.0005770847201347351
2024-05-16 14:38:33 | TRACE   | query_time, 0.0006051994860172272
2024-05-16 14:38:33 | TRACE   | query_time, 0.000616762787103653
2024-05-16 14:38:33 | TRACE   | query_time, 0.0005627572536468506
2024-05-16 14:38:33 | TRACE   | query_time, 0.000621061772108078
2024-05-16 14:38:33 | TRACE   | query_time, 0.0006872080266475677
2024-05-16 14:38:33 | TRACE   | query_time, 0.0008501894772052765
2024-05-16 14:38:33 | TRACE   | query_time, 0.0005742236971855164
2024-05-16 14:38:33 | TRACE   | query_time, 0.0006013922393321991
2024-05-16 14:38:33 | TRACE   | query_time, 0.0006206631660461426
2024-05-16 14:38:33 | TRACE   | query_time, 0.0005758404731750488
2024-05-16 14:38:33 | TRACE   | query_time, 0.0006236806511878967
2024-05-16 14:38:33 | TRACE   | query_time, 0.0005674213171005249
2024-05-16 14:38:33 | TRACE   | query_time, 0.0006082840263843536
2024-05-16 14:38:33 | TRACE   | query_time, 0.0005818866193294525
2024-05-16 14:38:33 | TRACE   | query_time, 0.0005977973341941833
2024-05-16 14:38:33 | TRACE   | query_time, 0.0005783215165138245
2024-05-16 14:38:33 | TRACE   | query_time, 0.0006175190210342407
2024-05-16 14:38:33 | TRACE   | query_time, 0.0005593746900558472
2024-05-16 14:38:33 | TRACE   | query_time, 0.0005636177957057953
2024-05-16 14:38:33 | TRACE   | query_time, 0.0005659200251102448
2024-05-16 14:38:33 | TRACE   | query_time, 0.0006001107394695282
2024-05-16 14:38:33 | TRACE   | query_time, 0.000568784773349762
2024-05-16 14:38:33 | TRACE   | query_time, 0.0005634091794490814
2024-05-16 14:38:33 | TRACE   | query_time, 0.0006164684891700745
2024-05-16 14:38:33 | TRACE   | query_time, 0.0005428269505500793
2024-05-16 14:38:33 | TRACE   | query_time, 0.0006005316972732544
2024-05-16 14:38:33 | TRACE   | query_time, 0.0006197355687618256
2024-05-16 14:38:33 | TRACE   | query_time, 0.0005686171352863312
2024-05-16 14:38:33 | TRACE   | query_time, 0.0006087347865104675
2024-05-16 14:38:33 | TRACE   | query_time, 0.0008331015706062317
2024-05-16 14:38:33 | TRACE   | query_time, 0.000578317791223526
2024-05-16 14:38:33 | TRACE   | query_time, 0.0005654916167259216
2024-05-16 14:38:33 | TRACE   | query_time, 0.0005605444312095642
2024-05-16 14:38:33 | TRACE   | query_time, 0.0005606561899185181
2024-05-16 14:38:33 | TRACE   | query_time, 0.0005796104669570923
2024-05-16 14:38:33 | TRACE   | query_time, 0.0005979090929031372
2024-05-16 14:38:33 | TRACE   | query_time, 0.0006584711372852325
2024-05-16 14:38:33 | TRACE   | query_time, 0.0006445683538913727
2024-05-16 14:38:33 | TRACE   | query_time, 0.0005676820874214172
2024-05-16 14:38:33 | TRACE   | query_time, 0.0005613118410110474
2024-05-16 14:38:33 | TRACE   | query_time, 0.0006145723164081573
2024-05-16 14:38:33 | TRACE   | query_time, 0.0005742162466049194
2024-05-16 14:38:33 | TRACE   | query_time, 0.0005747899413108826
2024-05-16 14:38:33 | TRACE   | query_time, 0.000566873699426651
2024-05-16 14:38:33 | TRACE   | query_time, 0.0006869807839393616
2024-05-16 14:38:33 | TRACE   | query_time, 0.0005721002817153931
2024-05-16 14:38:33 | TRACE   | query_time, 0.0005880296230316162
2024-05-16 14:38:33 | TRACE   | query_time, 0.0006184056401252747
2024-05-16 14:38:33 | TRACE   | query_time, 0.0005602352321147919
2024-05-16 14:38:33 | TRACE   | query_time, 0.0005597919225692749
2024-05-16 14:38:33 | TRACE   | query_time, 0.0005980692803859711
2024-05-16 14:38:33 | TRACE   | query_time, 0.0005424246191978455
2024-05-16 14:38:33 | TRACE   | query_time, 0.000577777624130249
2024-05-16 14:38:33 | TRACE   | query_time, 0.0006119795143604279
2024-05-16 14:38:33 | TRACE   | query_time, 0.0005691088736057281
2024-05-16 14:38:33 | TRACE   | query_time, 0.0006063543260097504
2024-05-16 14:38:33 | TRACE   | query_time, 0.0008417069911956787
2024-05-16 14:38:33 | TRACE   | query_time, 0.0006047375500202179
2024-05-16 14:38:33 | TRACE   | query_time, 0.000601600855588913
2024-05-16 14:38:33 | TRACE   | query_time, 0.0005375184118747711
2024-05-16 14:38:33 | TRACE   | query_time, 0.0005393289029598236
2024-05-16 14:38:33 | TRACE   | query_time, 0.0005997978150844574
2024-05-16 14:38:33 | TRACE   | query_time, 0.0005779601633548737
2024-05-16 14:38:33 | TRACE   | query_time, 0.0006660260260105133
2024-05-16 14:38:33 | TRACE   | query_time, 0.000571809709072113
2024-05-16 14:38:33 | TRACE   | query_time, 0.0005757175385951996
2024-05-16 14:38:33 | TRACE   | query_time, 0.0006856769323348999
2024-05-16 14:38:33 | TRACE   | query_time, 0.0006114207208156586
2024-05-16 14:38:33 | TRACE   | query_time, 0.0006496347486972809
2024-05-16 14:38:33 | TRACE   | query_time, 0.000664442777633667
2024-05-16 14:38:33 | TRACE   | query_time, 0.0006780736148357391
2024-05-16 14:38:33 | TRACE   | query_time, 0.0006157122552394867
2024-05-16 14:38:33 | TRACE   | query_time, 0.0006423927843570709
2024-05-16 14:38:33 | TRACE   | query_time, 0.0006119348108768463
2024-05-16 14:38:33 | TRACE   | query_time, 0.000622674822807312
2024-05-16 14:38:33 | TRACE   | query_time, 0.0006745792925357819
2024-05-16 14:38:33 | TRACE   | query_time, 0.0006137378513813019
2024-05-16 14:38:33 | TRACE   | query_time, 0.0006151571869850159
2024-05-16 14:38:33 | TRACE   | query_time, 0.0006469003856182098
2024-05-16 14:38:33 | TRACE   | query_time, 0.000637352466583252
2024-05-16 14:38:33 | TRACE   | query_time, 0.0007119625806808472
2024-05-16 14:38:33 | TRACE   | query_time, 0.0006378516554832458
2024-05-16 14:38:33 | TRACE   | query_time, 0.0006363987922668457
2024-05-16 14:38:33 | TRACE   | query_time, 0.0006307996809482574
2024-05-16 14:38:33 | TRACE   | query_time, 0.0006758123636245728
2024-05-16 14:38:33 | TRACE   | query_time, 0.0006156861782073975
2024-05-16 14:38:33 | TRACE   | query_time, 0.0006501302123069763
2024-05-16 14:38:33 | TRACE   | query_time, 0.0006461776793003082
2024-05-16 14:38:33 | TRACE   | query_time, 0.0006252452731132507
2024-05-16 14:38:33 | TRACE   | query_time, 0.0006711073219776154
2024-05-16 14:38:33 | TRACE   | query_time, 0.0006644204258918762
2024-05-16 14:38:33 | TRACE   | query_time, 0.0006063058972358704
2024-05-16 14:38:33 | TRACE   | query_time, 0.0006327182054519653
2024-05-16 14:38:33 | TRACE   | query_time, 0.0007360242307186127
2024-05-16 14:38:33 | TRACE   | query_time, 0.0006378963589668274
2024-05-16 14:38:33 | TRACE   | query_time, 0.0007188618183135986
2024-05-16 14:38:33 | TRACE   | query_time, 0.0006406493484973907
2024-05-16 14:38:33 | TRACE   | query_time, 0.0006549693644046783
2024-05-16 14:38:33 | TRACE   | query_time, 0.0006207302212715149
2024-05-16 14:38:33 | TRACE   | query_time, 0.0006592348217964172
2024-05-16 14:38:33 | TRACE   | query_time, 0.0006559602916240692
2024-05-16 14:38:33 | TRACE   | query_time, 0.000653095543384552
2024-05-16 14:38:33 | TRACE   | query_time, 0.0006680972874164581
2024-05-16 14:38:33 | TRACE   | query_time, 0.0006767325103282928
2024-05-16 14:38:33 | TRACE   | query_time, 0.0006697773933410645
2024-05-16 14:38:33 | TRACE   | query_time, 0.0006066374480724335
2024-05-16 14:38:33 | TRACE   | query_time, 0.0006731413304805756
2024-05-16 14:38:33 | TRACE   | query_time, 0.0006796009838581085
2024-05-16 14:38:33 | TRACE   | query_time, 0.0006101913750171661
2024-05-16 14:38:33 | TRACE   | query_time, 0.0006290897727012634
2024-05-16 14:38:33 | TRACE   | query_time, 0.0006087198853492737
2024-05-16 14:38:33 | TRACE   | query_time, 0.0006278157234191895
2024-05-16 14:38:33 | TRACE   | query_time, 0.0008010677993297577
2024-05-16 14:38:33 | TRACE   | query_time, 0.0006421469151973724
2024-05-16 14:38:33 | TRACE   | query_time, 0.000649966299533844
2024-05-16 14:38:33 | TRACE   | query_time, 0.0006270408630371094
2024-05-16 14:38:33 | TRACE   | query_time, 0.0006326176226139069
2024-05-16 14:38:33 | TRACE   | query_time, 0.000647619366645813
2024-05-16 14:38:33 | TRACE   | query_time, 0.0006680265069007874
2024-05-16 14:38:33 | TRACE   | query_time, 0.0006416067481040955
2024-05-16 14:38:33 | TRACE   | query_time, 0.0006276033818721771
2024-05-16 14:38:33 | TRACE   | query_time, 0.0006810277700424194
2024-05-16 14:38:33 | TRACE   | query_time, 0.0007161125540733337
2024-05-16 14:38:33 | TRACE   | query_time, 0.000631239265203476
2024-05-16 14:38:33 | TRACE   | query_time, 0.0006613582372665405
2024-05-16 14:38:33 | TRACE   | query_time, 0.0006601028144359589
2024-05-16 14:38:33 | TRACE   | query_time, 0.0006275475025177002
2024-05-16 14:38:33 | TRACE   | query_time, 0.0006621666252613068
2024-05-16 14:38:33 | TRACE   | query_time, 0.0006585456430912018
2024-05-16 14:38:33 | TRACE   | query_time, 0.0006679333746433258
2024-05-16 14:38:33 | TRACE   | query_time, 0.0006651245057582855
2024-05-16 14:38:33 | TRACE   | query_time, 0.0006669722497463226
2024-05-16 14:38:33 | TRACE   | query_time, 0.0006626024842262268
2024-05-16 14:38:33 | TRACE   | query_time, 0.0006315186619758606
2024-05-16 14:38:33 | TRACE   | query_time, 0.0006555467844009399
2024-05-16 14:38:33 | TRACE   | query_time, 0.000677201896905899
2024-05-16 14:38:33 | TRACE   | query_time, 0.0006688348948955536
2024-05-16 14:38:33 | TRACE   | query_time, 0.000655096024274826
2024-05-16 14:38:33 | TRACE   | query_time, 0.0006295181810855865
2024-05-16 14:38:33 | TRACE   | query_time, 0.0006278976798057556
2024-05-16 14:38:33 | TRACE   | query_time, 0.0006282813847064972
2024-05-16 14:38:33 | TRACE   | query_time, 0.0007211528718471527
2024-05-16 14:38:33 | TRACE   | query_time, 0.0006336383521556854
2024-05-16 14:38:33 | TRACE   | query_time, 0.000630650669336319
2024-05-16 14:38:33 | TRACE   | query_time, 0.0006608441472053528
2024-05-16 14:38:33 | TRACE   | query_time, 0.0006432570517063141
2024-05-16 14:38:33 | TRACE   | query_time, 0.0006672553718090057
2024-05-16 14:38:33 | TRACE   | query_time, 0.0006331242620944977
2024-05-16 14:38:33 | TRACE   | query_time, 0.0006433241069316864
2024-05-16 14:38:33 | TRACE   | query_time, 0.0006717480719089508
2024-05-16 14:38:33 | TRACE   | query_time, 0.0006592534482479095
2024-05-16 14:38:33 | TRACE   | query_time, 0.0006125271320343018
2024-05-16 14:38:33 | TRACE   | query_time, 0.0006765536963939667
2024-05-16 14:38:33 | TRACE   | query_time, 0.0006192214787006378
2024-05-16 14:38:33 | TRACE   | query_time, 0.0006359443068504333
2024-05-16 14:38:33 | TRACE   | query_time, 0.0006110891699790955
2024-05-16 14:38:33 | TRACE   | query_time, 0.0006708391010761261
2024-05-16 14:38:33 | TRACE   | query_time, 0.0006680525839328766
2024-05-16 14:38:33 | TRACE   | query_time, 0.0006611011922359467
2024-05-16 14:38:33 | TRACE   | query_time, 0.0007821992039680481
2024-05-16 14:38:33 | TRACE   | query_time, 0.0006154067814350128
2024-05-16 14:38:33 | TRACE   | query_time, 0.0006766170263290405
2024-05-16 14:38:33 | TRACE   | query_time, 0.0006235204637050629
2024-05-16 14:38:33 | TRACE   | query_time, 0.0006367824971675873
2024-05-16 14:38:33 | TRACE   | query_time, 0.0006624609231948853
2024-05-16 14:38:33 | TRACE   | query_time, 0.0006408765912055969
