2024-05-16 14:39:26 | DEBUG   | {'input': PosixPath('data/open_data_usa/indices/runtime_benchmark/rebinning.zst'), 'input_type': 'index', 'queries': PosixPath('data/open_data_usa/queries/runtime_benchmark.zst'), 'estimation_mode': None, 'index_mode': 'recall', 'hist_filter': PosixPath('data/open_data_usa/filters/01.zst'), 'output': None, 'workers': None, 'frequency_hists': False, 'suppress_results': False, 'log_level': 'INFO', 'log_file': PosixPath('logs/runtime_benchmark/low_selectivity/open_data_usa-collection-rebinning-single-5.log')}
2024-05-16 14:39:26 | DEBUG   | Loading input data from data/open_data_usa/indices/runtime_benchmark/rebinning.zst
2024-05-16 14:39:26 | DEBUG   | Loading queries from data/open_data_usa/queries/runtime_benchmark.zst
2024-05-16 14:39:26 | DEBUG   | Loading histogram filter from data/open_data_usa/filters/01.zst
2024-05-16 14:39:26 | TRACE   | bootstrap_time, 0.3667483665049076
2024-05-16 14:39:26 | DEBUG   | Starting execution
2024-05-16 14:39:26 | TRACE   | query_time, 0.00038084015250205994
2024-05-16 14:39:26 | TRACE   | query_time, 0.00020900368690490723
2024-05-16 14:39:26 | TRACE   | query_time, 0.00019899755716323853
2024-05-16 14:39:26 | TRACE   | query_time, 0.00021557137370109558
2024-05-16 14:39:26 | TRACE   | query_time, 0.000188339501619339
2024-05-16 14:39:26 | TRACE   | query_time, 0.00021460279822349548
2024-05-16 14:39:26 | TRACE   | query_time, 0.0001943446695804596
2024-05-16 14:39:26 | TRACE   | query_time, 0.00022693723440170288
2024-05-16 14:39:26 | TRACE   | query_time, 0.00019646063446998596
2024-05-16 14:39:26 | TRACE   | query_time, 0.0001822151243686676
2024-05-16 14:39:26 | TRACE   | query_time, 0.0001955181360244751
2024-05-16 14:39:26 | TRACE   | query_time, 0.00022105127573013306
2024-05-16 14:39:26 | TRACE   | query_time, 0.00020040199160575867
2024-05-16 14:39:26 | TRACE   | query_time, 0.00019601359963417053
2024-05-16 14:39:26 | TRACE   | query_time, 0.000195235013961792
2024-05-16 14:39:26 | TRACE   | query_time, 0.00019429251551628113
2024-05-16 14:39:26 | TRACE   | query_time, 0.0001937970519065857
2024-05-16 14:39:26 | TRACE   | query_time, 0.00019584596157073975
2024-05-16 14:39:26 | TRACE   | query_time, 0.00020239874720573425
2024-05-16 14:39:26 | TRACE   | query_time, 0.00022016838192939758
2024-05-16 14:39:26 | TRACE   | query_time, 0.000225946307182312
2024-05-16 14:39:26 | TRACE   | query_time, 0.00019340217113494873
2024-05-16 14:39:26 | TRACE   | query_time, 0.0002244599163532257
2024-05-16 14:39:26 | TRACE   | query_time, 0.00019462406635284424
2024-05-16 14:39:26 | TRACE   | query_time, 0.0001956447958946228
2024-05-16 14:39:26 | TRACE   | query_time, 0.000194452702999115
2024-05-16 14:39:26 | TRACE   | query_time, 0.0001934729516506195
2024-05-16 14:39:26 | TRACE   | query_time, 0.00020020827651023865
2024-05-16 14:39:26 | TRACE   | query_time, 0.00019605085253715515
2024-05-16 14:39:26 | TRACE   | query_time, 0.00022915005683898926
2024-05-16 14:39:26 | TRACE   | query_time, 0.0001947842538356781
2024-05-16 14:39:26 | TRACE   | query_time, 0.00019431114196777344
2024-05-16 14:39:26 | TRACE   | query_time, 0.0001976601779460907
2024-05-16 14:39:26 | TRACE   | query_time, 0.00019446387887001038
2024-05-16 14:39:26 | TRACE   | query_time, 0.00021004676818847656
2024-05-16 14:39:26 | TRACE   | query_time, 0.000219736248254776
2024-05-16 14:39:26 | TRACE   | query_time, 0.00020975619554519653
2024-05-16 14:39:26 | TRACE   | query_time, 0.0001948624849319458
2024-05-16 14:39:26 | TRACE   | query_time, 0.00019738078117370605
2024-05-16 14:39:26 | TRACE   | query_time, 0.0001806691288948059
2024-05-16 14:39:26 | TRACE   | query_time, 0.0002263784408569336
2024-05-16 14:39:26 | TRACE   | query_time, 0.00018046796321868896
2024-05-16 14:39:26 | TRACE   | query_time, 0.00019299611449241638
2024-05-16 14:39:26 | TRACE   | query_time, 0.00019579753279685974
2024-05-16 14:39:26 | TRACE   | query_time, 0.0002238452434539795
2024-05-16 14:39:26 | TRACE   | query_time, 0.00022884458303451538
2024-05-16 14:39:26 | TRACE   | query_time, 0.00019436702132225037
2024-05-16 14:39:26 | TRACE   | query_time, 0.00019508227705955505
2024-05-16 14:39:26 | TRACE   | query_time, 0.00019482523202896118
2024-05-16 14:39:26 | TRACE   | query_time, 0.00021365657448768616
2024-05-16 14:39:26 | TRACE   | query_time, 0.00019869953393936157
2024-05-16 14:39:26 | TRACE   | query_time, 0.00017901510000228882
2024-05-16 14:39:26 | TRACE   | query_time, 0.00019469857215881348
2024-05-16 14:39:26 | TRACE   | query_time, 0.00019417330622673035
2024-05-16 14:39:26 | TRACE   | query_time, 0.00019277259707450867
2024-05-16 14:39:26 | TRACE   | query_time, 0.00021366402506828308
2024-05-16 14:39:26 | TRACE   | query_time, 0.00018046796321868896
2024-05-16 14:39:26 | TRACE   | query_time, 0.00022097304463386536
2024-05-16 14:39:26 | TRACE   | query_time, 0.00020005181431770325
2024-05-16 14:39:26 | TRACE   | query_time, 0.00022106245160102844
2024-05-16 14:39:26 | TRACE   | query_time, 0.00019505247473716736
2024-05-16 14:39:26 | TRACE   | query_time, 0.0001970939338207245
2024-05-16 14:39:26 | TRACE   | query_time, 0.00019185617566108704
2024-05-16 14:39:26 | TRACE   | query_time, 0.000193815678358078
2024-05-16 14:39:26 | TRACE   | query_time, 0.00019273534417152405
2024-05-16 14:39:26 | TRACE   | query_time, 0.00019176676869392395
2024-05-16 14:39:26 | TRACE   | query_time, 0.00019570812582969666
2024-05-16 14:39:26 | TRACE   | query_time, 0.00019635260105133057
2024-05-16 14:39:26 | TRACE   | query_time, 0.00019694864749908447
2024-05-16 14:39:26 | TRACE   | query_time, 0.0001796521246433258
2024-05-16 14:39:26 | TRACE   | query_time, 0.00019419938325881958
2024-05-16 14:39:26 | TRACE   | query_time, 0.0002079792320728302
2024-05-16 14:39:26 | TRACE   | query_time, 0.00020005926489830017
2024-05-16 14:39:26 | TRACE   | query_time, 0.00019478797912597656
2024-05-16 14:39:26 | TRACE   | query_time, 0.00020331889390945435
2024-05-16 14:39:26 | TRACE   | query_time, 0.00019218027591705322
2024-05-16 14:39:26 | TRACE   | query_time, 0.00019552931189537048
2024-05-16 14:39:26 | TRACE   | query_time, 0.00020707771182060242
2024-05-16 14:39:26 | TRACE   | query_time, 0.00019523873925209045
2024-05-16 14:39:26 | TRACE   | query_time, 0.00021057575941085815
2024-05-16 14:39:26 | TRACE   | query_time, 0.0001933164894580841
2024-05-16 14:39:26 | TRACE   | query_time, 0.00019320473074913025
2024-05-16 14:39:26 | TRACE   | query_time, 0.00020277127623558044
2024-05-16 14:39:26 | TRACE   | query_time, 0.0001941472291946411
2024-05-16 14:39:26 | TRACE   | query_time, 0.00019541382789611816
2024-05-16 14:39:26 | TRACE   | query_time, 0.00019391626119613647
2024-05-16 14:39:26 | TRACE   | query_time, 0.00018603354692459106
2024-05-16 14:39:26 | TRACE   | query_time, 0.0002091638743877411
2024-05-16 14:39:26 | TRACE   | query_time, 0.00019372254610061646
2024-05-16 14:39:26 | TRACE   | query_time, 0.00019720196723937988
2024-05-16 14:39:26 | TRACE   | query_time, 0.00019291788339614868
2024-05-16 14:39:26 | TRACE   | query_time, 0.00019470229744911194
2024-05-16 14:39:26 | TRACE   | query_time, 0.00020977482199668884
2024-05-16 14:39:26 | TRACE   | query_time, 0.00019321218132972717
2024-05-16 14:39:26 | TRACE   | query_time, 0.00020779669284820557
2024-05-16 14:39:26 | TRACE   | query_time, 0.0001931115984916687
2024-05-16 14:39:26 | TRACE   | query_time, 0.0002070404589176178
2024-05-16 14:39:26 | TRACE   | query_time, 0.0001852475106716156
2024-05-16 14:39:26 | TRACE   | query_time, 0.000193864107131958
2024-05-16 14:39:26 | TRACE   | query_time, 0.00022526457905769348
2024-05-16 14:39:26 | TRACE   | query_time, 0.00020077452063560486
2024-05-16 14:39:26 | TRACE   | query_time, 0.00022146105766296387
2024-05-16 14:39:26 | TRACE   | query_time, 0.00019439682364463806
2024-05-16 14:39:26 | TRACE   | query_time, 0.00017997995018959045
2024-05-16 14:39:26 | TRACE   | query_time, 0.00022353604435920715
2024-05-16 14:39:26 | TRACE   | query_time, 0.00019356608390808105
2024-05-16 14:39:27 | TRACE   | query_time, 0.00019849464297294617
2024-05-16 14:39:27 | TRACE   | query_time, 0.00017923489212989807
2024-05-16 14:39:27 | TRACE   | query_time, 0.00019962340593338013
2024-05-16 14:39:27 | TRACE   | query_time, 0.00018335506319999695
2024-05-16 14:39:27 | TRACE   | query_time, 0.00019284337759017944
2024-05-16 14:39:27 | TRACE   | query_time, 0.00019456446170806885
2024-05-16 14:39:27 | TRACE   | query_time, 0.00019397959113121033
2024-05-16 14:39:27 | TRACE   | query_time, 0.0001939237117767334
2024-05-16 14:39:27 | TRACE   | query_time, 0.00019421428442001343
2024-05-16 14:39:27 | TRACE   | query_time, 0.00019449368119239807
2024-05-16 14:39:27 | TRACE   | query_time, 0.00019906088709831238
2024-05-16 14:39:27 | TRACE   | query_time, 0.00019313767552375793
2024-05-16 14:39:27 | TRACE   | query_time, 0.00019440427422523499
2024-05-16 14:39:27 | TRACE   | query_time, 0.000221937894821167
2024-05-16 14:39:27 | TRACE   | query_time, 0.00019399449229240417
2024-05-16 14:39:27 | TRACE   | query_time, 0.00019305571913719177
2024-05-16 14:39:27 | TRACE   | query_time, 0.00019254162907600403
2024-05-16 14:39:27 | TRACE   | query_time, 0.0001934058964252472
2024-05-16 14:39:27 | TRACE   | query_time, 0.0002011507749557495
2024-05-16 14:39:27 | TRACE   | query_time, 0.00019638985395431519
2024-05-16 14:39:27 | TRACE   | query_time, 0.00019213929772377014
2024-05-16 14:39:27 | TRACE   | query_time, 0.0001942850649356842
2024-05-16 14:39:27 | TRACE   | query_time, 0.00019546225666999817
2024-05-16 14:39:27 | TRACE   | query_time, 0.00019388645887374878
2024-05-16 14:39:27 | TRACE   | query_time, 0.00017756596207618713
2024-05-16 14:39:27 | TRACE   | query_time, 0.0002025030553340912
2024-05-16 14:39:27 | TRACE   | query_time, 0.00020044296979904175
2024-05-16 14:39:27 | TRACE   | query_time, 0.00020931288599967957
2024-05-16 14:39:27 | TRACE   | query_time, 0.00019326061010360718
2024-05-16 14:39:27 | TRACE   | query_time, 0.00019355863332748413
2024-05-16 14:39:27 | TRACE   | query_time, 0.0002207644283771515
2024-05-16 14:39:27 | TRACE   | query_time, 0.00019438937306404114
2024-05-16 14:39:27 | TRACE   | query_time, 0.00019565969705581665
2024-05-16 14:39:27 | TRACE   | query_time, 0.00019469857215881348
2024-05-16 14:39:27 | TRACE   | query_time, 0.00019373372197151184
2024-05-16 14:39:27 | TRACE   | query_time, 0.00020704790949821472
2024-05-16 14:39:27 | TRACE   | query_time, 0.00019465386867523193
2024-05-16 14:39:27 | TRACE   | query_time, 0.0001808665692806244
2024-05-16 14:39:27 | TRACE   | query_time, 0.00020815804600715637
2024-05-16 14:39:27 | TRACE   | query_time, 0.00020900368690490723
2024-05-16 14:39:27 | TRACE   | query_time, 0.00019410252571105957
2024-05-16 14:39:27 | TRACE   | query_time, 0.0001935139298439026
2024-05-16 14:39:27 | TRACE   | query_time, 0.00021594390273094177
2024-05-16 14:39:27 | TRACE   | query_time, 0.00019835680723190308
2024-05-16 14:39:27 | TRACE   | query_time, 0.0002079606056213379
2024-05-16 14:39:27 | TRACE   | query_time, 0.00019365549087524414
2024-05-16 14:39:27 | TRACE   | query_time, 0.00017864257097244263
2024-05-16 14:39:27 | TRACE   | query_time, 0.00017924606800079346
2024-05-16 14:39:27 | TRACE   | query_time, 0.0001928284764289856
2024-05-16 14:39:27 | TRACE   | query_time, 0.00023440644145011902
2024-05-16 14:39:27 | TRACE   | query_time, 0.0001925453543663025
2024-05-16 14:39:27 | TRACE   | query_time, 0.00020174309611320496
2024-05-16 14:39:27 | TRACE   | query_time, 0.00019551441073417664
2024-05-16 14:39:27 | TRACE   | query_time, 0.00019354373216629028
2024-05-16 14:39:27 | TRACE   | query_time, 0.0001940019428730011
2024-05-16 14:39:27 | TRACE   | query_time, 0.0001943744719028473
2024-05-16 14:39:27 | TRACE   | query_time, 0.0002102181315422058
2024-05-16 14:39:27 | TRACE   | query_time, 0.00019301101565361023
2024-05-16 14:39:27 | TRACE   | query_time, 0.00019609183073043823
2024-05-16 14:39:27 | TRACE   | query_time, 0.0001972503960132599
2024-05-16 14:39:27 | TRACE   | query_time, 0.00021656230092048645
2024-05-16 14:39:27 | TRACE   | query_time, 0.00019603967666625977
2024-05-16 14:39:27 | TRACE   | query_time, 0.0001934543251991272
2024-05-16 14:39:27 | TRACE   | query_time, 0.00022266432642936707
2024-05-16 14:39:27 | TRACE   | query_time, 0.0001947656273841858
2024-05-16 14:39:27 | TRACE   | query_time, 0.0001793988049030304
2024-05-16 14:39:27 | TRACE   | query_time, 0.00019291788339614868
2024-05-16 14:39:27 | TRACE   | query_time, 0.00019469857215881348
2024-05-16 14:39:27 | TRACE   | query_time, 0.00021553412079811096
2024-05-16 14:39:27 | TRACE   | query_time, 0.00019522756338119507
2024-05-16 14:39:27 | TRACE   | query_time, 0.0002105236053466797
2024-05-16 14:39:27 | TRACE   | query_time, 0.00019257143139839172
2024-05-16 14:39:27 | TRACE   | query_time, 0.00019325688481330872
2024-05-16 14:39:27 | TRACE   | query_time, 0.00018051639199256897
2024-05-16 14:39:27 | TRACE   | query_time, 0.00019377097487449646
2024-05-16 14:39:27 | TRACE   | query_time, 0.00019299238920211792
2024-05-16 14:39:27 | TRACE   | query_time, 0.0002328231930732727
2024-05-16 14:39:27 | TRACE   | query_time, 0.0001990795135498047
2024-05-16 14:39:27 | TRACE   | query_time, 0.00019565969705581665
2024-05-16 14:39:27 | TRACE   | query_time, 0.00019269809126853943
2024-05-16 14:39:27 | TRACE   | query_time, 0.00019339844584465027
2024-05-16 14:39:27 | TRACE   | query_time, 0.00019364804029464722
2024-05-16 14:39:27 | TRACE   | query_time, 0.0001955069601535797
2024-05-16 14:39:27 | TRACE   | query_time, 0.00019239634275436401
2024-05-16 14:39:27 | TRACE   | query_time, 0.00018605217337608337
2024-05-16 14:39:27 | TRACE   | query_time, 0.0001810416579246521
2024-05-16 14:39:27 | TRACE   | query_time, 0.00021502375602722168
2024-05-16 14:39:27 | TRACE   | query_time, 0.00019450485706329346
2024-05-16 14:39:27 | TRACE   | query_time, 0.0001933947205543518
2024-05-16 14:39:27 | TRACE   | query_time, 0.0002073831856250763
2024-05-16 14:39:27 | TRACE   | query_time, 0.0001995973289012909
2024-05-16 14:39:27 | TRACE   | query_time, 0.00018163025379180908
2024-05-16 14:39:27 | TRACE   | query_time, 0.00019842758774757385
2024-05-16 14:39:27 | TRACE   | query_time, 0.00019470229744911194
2024-05-16 14:39:27 | TRACE   | query_time, 0.00019448250532150269
2024-05-16 14:39:27 | TRACE   | query_time, 0.00020143762230873108
2024-05-16 14:39:27 | TRACE   | query_time, 0.00019815564155578613
2024-05-16 14:39:27 | TRACE   | query_time, 0.00022371113300323486
2024-05-16 14:39:27 | TRACE   | query_time, 0.00019664689898490906
2024-05-16 14:39:27 | TRACE   | query_time, 0.00017839670181274414
2024-05-16 14:39:27 | TRACE   | query_time, 0.00020185858011245728
2024-05-16 14:39:27 | TRACE   | query_time, 0.00019276142120361328
2024-05-16 14:39:27 | TRACE   | query_time, 0.00019701942801475525
2024-05-16 14:39:27 | TRACE   | query_time, 0.00019522756338119507
2024-05-16 14:39:27 | TRACE   | query_time, 0.00021530315279960632
2024-05-16 14:39:27 | TRACE   | query_time, 0.00019280984997749329
2024-05-16 14:39:27 | TRACE   | query_time, 0.00019587576389312744
2024-05-16 14:39:27 | TRACE   | query_time, 0.00019375234842300415
2024-05-16 14:39:27 | TRACE   | query_time, 0.00019782036542892456
2024-05-16 14:39:27 | TRACE   | query_time, 0.0002069808542728424
2024-05-16 14:39:27 | TRACE   | query_time, 0.00019280612468719482
2024-05-16 14:39:27 | TRACE   | query_time, 0.00019073113799095154
2024-05-16 14:39:27 | TRACE   | query_time, 0.0001802481710910797
2024-05-16 14:39:27 | TRACE   | query_time, 0.0001796633005142212
2024-05-16 14:39:27 | TRACE   | query_time, 0.00019790604710578918
2024-05-16 14:39:27 | TRACE   | query_time, 0.00019716843962669373
2024-05-16 14:39:27 | TRACE   | query_time, 0.00019210204482078552
2024-05-16 14:39:27 | TRACE   | query_time, 0.0001766607165336609
2024-05-16 14:39:27 | TRACE   | query_time, 0.0001841709017753601
2024-05-16 14:39:27 | TRACE   | query_time, 0.00019252672791481018
2024-05-16 14:39:27 | TRACE   | query_time, 0.00022266805171966553
2024-05-16 14:39:27 | TRACE   | query_time, 0.00019416585564613342
2024-05-16 14:39:27 | TRACE   | query_time, 0.00019238144159317017
2024-05-16 14:39:27 | TRACE   | query_time, 0.0001975633203983307
2024-05-16 14:39:27 | TRACE   | query_time, 0.00017862021923065186
2024-05-16 14:39:27 | TRACE   | query_time, 0.00019129738211631775
2024-05-16 14:39:27 | TRACE   | query_time, 0.0001812167465686798
2024-05-16 14:39:27 | TRACE   | query_time, 0.00019379332661628723
2024-05-16 14:39:27 | TRACE   | query_time, 0.00019400566816329956
2024-05-16 14:39:27 | TRACE   | query_time, 0.00020830705761909485
2024-05-16 14:39:27 | TRACE   | query_time, 0.00020789727568626404
2024-05-16 14:39:27 | TRACE   | query_time, 0.0001999475061893463
2024-05-16 14:39:27 | TRACE   | query_time, 0.00020898506045341492
2024-05-16 14:39:27 | TRACE   | query_time, 0.00022033601999282837
2024-05-16 14:39:27 | TRACE   | query_time, 0.0001941472291946411
2024-05-16 14:39:27 | TRACE   | query_time, 0.0001808665692806244
2024-05-16 14:39:27 | TRACE   | query_time, 0.0001978166401386261
2024-05-16 14:39:27 | TRACE   | query_time, 0.00022365152835845947
2024-05-16 14:39:27 | TRACE   | query_time, 0.00019825994968414307
2024-05-16 14:39:27 | TRACE   | query_time, 0.0002254694700241089
2024-05-16 14:39:27 | TRACE   | query_time, 0.00019629672169685364
2024-05-16 14:39:27 | TRACE   | query_time, 0.00019360333681106567
2024-05-16 14:39:27 | TRACE   | query_time, 0.00020077452063560486
2024-05-16 14:39:27 | TRACE   | query_time, 0.00019275769591331482
2024-05-16 14:39:27 | TRACE   | query_time, 0.00019539892673492432
2024-05-16 14:39:27 | TRACE   | query_time, 0.00019821524620056152
2024-05-16 14:39:27 | TRACE   | query_time, 0.0002009943127632141
2024-05-16 14:39:27 | TRACE   | query_time, 0.00019265711307525635
2024-05-16 14:39:27 | TRACE   | query_time, 0.000196896493434906
2024-05-16 14:39:27 | TRACE   | query_time, 0.0001940988004207611
2024-05-16 14:39:27 | TRACE   | query_time, 0.00021031126379966736
2024-05-16 14:39:27 | TRACE   | query_time, 0.00019321590662002563
2024-05-16 14:39:27 | TRACE   | query_time, 0.00017914921045303345
2024-05-16 14:39:27 | TRACE   | query_time, 0.00019279122352600098
2024-05-16 14:39:27 | TRACE   | query_time, 0.00020105764269828796
2024-05-16 14:39:27 | TRACE   | query_time, 0.00019228830933570862
2024-05-16 14:39:27 | TRACE   | query_time, 0.00019401684403419495
2024-05-16 14:39:27 | TRACE   | query_time, 0.0001780278980731964
2024-05-16 14:39:27 | TRACE   | query_time, 0.00019260868430137634
2024-05-16 14:39:27 | TRACE   | query_time, 0.00018503889441490173
2024-05-16 14:39:27 | TRACE   | query_time, 0.00020797178149223328
2024-05-16 14:39:27 | TRACE   | query_time, 0.00019915029406547546
2024-05-16 14:39:27 | TRACE   | query_time, 0.00021275877952575684
2024-05-16 14:39:27 | TRACE   | query_time, 0.00019169971346855164
2024-05-16 14:39:27 | TRACE   | query_time, 0.00020861998200416565
2024-05-16 14:39:27 | TRACE   | query_time, 0.00022291392087936401
2024-05-16 14:39:27 | TRACE   | query_time, 0.00018073245882987976
2024-05-16 14:39:27 | TRACE   | query_time, 0.00022245943546295166
2024-05-16 14:39:27 | TRACE   | query_time, 0.00019420310854911804
2024-05-16 14:39:27 | TRACE   | query_time, 0.00019319355487823486
2024-05-16 14:39:27 | TRACE   | query_time, 0.0002239532768726349
2024-05-16 14:39:27 | TRACE   | query_time, 0.00018350034952163696
2024-05-16 14:39:27 | TRACE   | query_time, 0.00021140649914741516
2024-05-16 14:39:27 | TRACE   | query_time, 0.00019918009638786316
2024-05-16 14:39:27 | TRACE   | query_time, 0.00019575655460357666
2024-05-16 14:39:27 | TRACE   | query_time, 0.00019465386867523193
2024-05-16 14:39:27 | TRACE   | query_time, 0.00019200146198272705
2024-05-16 14:39:27 | TRACE   | query_time, 0.0001980215311050415
2024-05-16 14:39:27 | TRACE   | query_time, 0.00019443407654762268
2024-05-16 14:39:27 | TRACE   | query_time, 0.0001928582787513733
2024-05-16 14:39:27 | TRACE   | query_time, 0.00019513443112373352
2024-05-16 14:39:27 | TRACE   | query_time, 0.00019513815641403198
2024-05-16 14:39:27 | TRACE   | query_time, 0.000195186585187912
2024-05-16 14:39:27 | TRACE   | query_time, 0.00020875036716461182
2024-05-16 14:39:27 | TRACE   | query_time, 0.0001937076449394226
2024-05-16 14:39:27 | TRACE   | query_time, 0.00021613016724586487
2024-05-16 14:39:27 | TRACE   | query_time, 0.0001935623586177826
2024-05-16 14:39:27 | TRACE   | query_time, 0.000195235013961792
2024-05-16 14:39:27 | TRACE   | query_time, 0.00019509345293045044
2024-05-16 14:39:27 | TRACE   | query_time, 0.0001982562243938446
2024-05-16 14:39:27 | TRACE   | query_time, 0.00022360682487487793
2024-05-16 14:39:27 | TRACE   | query_time, 0.00019525736570358276
2024-05-16 14:39:27 | TRACE   | query_time, 0.00019435212016105652
2024-05-16 14:39:27 | TRACE   | query_time, 0.00019840896129608154
2024-05-16 14:39:27 | TRACE   | query_time, 0.00019348785281181335
2024-05-16 14:39:27 | TRACE   | query_time, 0.00019181892275810242
2024-05-16 14:39:27 | TRACE   | query_time, 0.00019325315952301025
2024-05-16 14:39:27 | TRACE   | query_time, 0.00019372627139091492
2024-05-16 14:39:27 | TRACE   | query_time, 0.0001928955316543579
2024-05-16 14:39:27 | TRACE   | query_time, 0.00019402429461479187
2024-05-16 14:39:27 | TRACE   | query_time, 0.00018706172704696655
2024-05-16 14:39:27 | TRACE   | query_time, 0.000199001282453537
2024-05-16 14:39:27 | TRACE   | query_time, 0.00020798295736312866
2024-05-16 14:39:27 | TRACE   | query_time, 0.00020677968859672546
2024-05-16 14:39:27 | TRACE   | query_time, 0.0001944117248058319
2024-05-16 14:39:27 | TRACE   | query_time, 0.0001941099762916565
2024-05-16 14:39:27 | TRACE   | query_time, 0.0001941882073879242
2024-05-16 14:39:27 | TRACE   | query_time, 0.00017876550555229187
2024-05-16 14:39:27 | TRACE   | query_time, 0.0002049654722213745
2024-05-16 14:39:27 | TRACE   | query_time, 0.00019595026969909668
2024-05-16 14:39:27 | TRACE   | query_time, 0.00019529461860656738
2024-05-16 14:39:27 | TRACE   | query_time, 0.00019402801990509033
2024-05-16 14:39:27 | TRACE   | query_time, 0.00019598379731178284
2024-05-16 14:39:27 | TRACE   | query_time, 0.00020930543541908264
2024-05-16 14:39:27 | TRACE   | query_time, 0.00019850581884384155
2024-05-16 14:39:27 | TRACE   | query_time, 0.0001941770315170288
2024-05-16 14:39:27 | TRACE   | query_time, 0.00021431967616081238
2024-05-16 14:39:27 | TRACE   | query_time, 0.0001925155520439148
2024-05-16 14:39:27 | TRACE   | query_time, 0.00019767507910728455
2024-05-16 14:39:27 | TRACE   | query_time, 0.00019288063049316406
2024-05-16 14:39:27 | TRACE   | query_time, 0.00019183382391929626
2024-05-16 14:39:27 | TRACE   | query_time, 0.00020805373787879944
2024-05-16 14:39:27 | TRACE   | query_time, 0.00019339844584465027
2024-05-16 14:39:27 | TRACE   | query_time, 0.00018028169870376587
2024-05-16 14:39:27 | TRACE   | query_time, 0.0001986771821975708
2024-05-16 14:39:27 | TRACE   | query_time, 0.0001797899603843689
2024-05-16 14:39:27 | TRACE   | query_time, 0.0001930631697177887
2024-05-16 14:39:27 | TRACE   | query_time, 0.0008910000324249268
2024-05-16 14:39:27 | TRACE   | query_time, 0.0009452812373638153
2024-05-16 14:39:27 | TRACE   | query_time, 0.0009364113211631775
2024-05-16 14:39:27 | TRACE   | query_time, 0.0009510219097137451
2024-05-16 14:39:27 | TRACE   | query_time, 0.0010661110281944275
2024-05-16 14:39:27 | TRACE   | query_time, 0.0008855536580085754
2024-05-16 14:39:27 | TRACE   | query_time, 0.0009602755308151245
2024-05-16 14:39:27 | TRACE   | query_time, 0.0009669475257396698
2024-05-16 14:39:27 | TRACE   | query_time, 0.0009017176926136017
2024-05-16 14:39:27 | TRACE   | query_time, 0.000891268253326416
2024-05-16 14:39:27 | TRACE   | query_time, 0.0008322037756443024
2024-05-16 14:39:27 | TRACE   | query_time, 0.0008653737604618073
2024-05-16 14:39:27 | TRACE   | query_time, 0.0008823499083518982
2024-05-16 14:39:27 | TRACE   | query_time, 0.0009270720183849335
2024-05-16 14:39:27 | TRACE   | query_time, 0.0008937232196331024
2024-05-16 14:39:27 | TRACE   | query_time, 0.0008186846971511841
2024-05-16 14:39:27 | TRACE   | query_time, 0.0009010396897792816
2024-05-16 14:39:27 | TRACE   | query_time, 0.0008855685591697693
2024-05-16 14:39:27 | TRACE   | query_time, 0.0009266585111618042
2024-05-16 14:39:27 | TRACE   | query_time, 0.0009247027337551117
2024-05-16 14:39:27 | TRACE   | query_time, 0.0009050741791725159
2024-05-16 14:39:27 | TRACE   | query_time, 0.001040291041135788
2024-05-16 14:39:27 | TRACE   | query_time, 0.0009321458637714386
2024-05-16 14:39:27 | TRACE   | query_time, 0.0010240599513053894
2024-05-16 14:39:27 | TRACE   | query_time, 0.001073889434337616
2024-05-16 14:39:27 | TRACE   | query_time, 0.0009226389229297638
2024-05-16 14:39:27 | TRACE   | query_time, 0.000888235867023468
2024-05-16 14:39:27 | TRACE   | query_time, 0.0009278245270252228
2024-05-16 14:39:27 | TRACE   | query_time, 0.0008943416178226471
2024-05-16 14:39:27 | TRACE   | query_time, 0.0008682087063789368
2024-05-16 14:39:27 | TRACE   | query_time, 0.0008947066962718964
2024-05-16 14:39:27 | TRACE   | query_time, 0.0010251663625240326
2024-05-16 14:39:27 | TRACE   | query_time, 0.0010380744934082031
2024-05-16 14:39:27 | TRACE   | query_time, 0.0010473765432834625
2024-05-16 14:39:27 | TRACE   | query_time, 0.0013171210885047913
2024-05-16 14:39:27 | TRACE   | query_time, 0.0008804202079772949
2024-05-16 14:39:27 | TRACE   | query_time, 0.0008738338947296143
2024-05-16 14:39:27 | TRACE   | query_time, 0.0008538961410522461
2024-05-16 14:39:27 | TRACE   | query_time, 0.000900760293006897
2024-05-16 14:39:27 | TRACE   | query_time, 0.0008639246225357056
2024-05-16 14:39:27 | TRACE   | query_time, 0.0010522231459617615
2024-05-16 14:39:27 | TRACE   | query_time, 0.0008944720029830933
2024-05-16 14:39:27 | TRACE   | query_time, 0.0009650290012359619
2024-05-16 14:39:27 | TRACE   | query_time, 0.0009407401084899902
2024-05-16 14:39:27 | TRACE   | query_time, 0.0009237676858901978
2024-05-16 14:39:27 | TRACE   | query_time, 0.001023612916469574
2024-05-16 14:39:27 | TRACE   | query_time, 0.0010456182062625885
2024-05-16 14:39:27 | TRACE   | query_time, 0.0008758939802646637
2024-05-16 14:39:27 | TRACE   | query_time, 0.0009289421141147614
2024-05-16 14:39:27 | TRACE   | query_time, 0.0009543634951114655
2024-05-16 14:39:27 | TRACE   | query_time, 0.0009007789194583893
2024-05-16 14:39:27 | TRACE   | query_time, 0.0008909702301025391
2024-05-16 14:39:27 | TRACE   | query_time, 0.0008805282413959503
2024-05-16 14:39:27 | TRACE   | query_time, 0.0009435191750526428
2024-05-16 14:39:27 | TRACE   | query_time, 0.0008765608072280884
2024-05-16 14:39:27 | TRACE   | query_time, 0.0008597373962402344
2024-05-16 14:39:27 | TRACE   | query_time, 0.0008719898760318756
2024-05-16 14:39:27 | TRACE   | query_time, 0.0008323974907398224
2024-05-16 14:39:27 | TRACE   | query_time, 0.0010377280414104462
2024-05-16 14:39:27 | TRACE   | query_time, 0.0009162873029708862
2024-05-16 14:39:27 | TRACE   | query_time, 0.0010375939309597015
2024-05-16 14:39:27 | TRACE   | query_time, 0.0008393153548240662
2024-05-16 14:39:27 | TRACE   | query_time, 0.0009327270090579987
2024-05-16 14:39:27 | TRACE   | query_time, 0.0008635446429252625
2024-05-16 14:39:27 | TRACE   | query_time, 0.0008927285671234131
2024-05-16 14:39:27 | TRACE   | query_time, 0.0008642412722110748
2024-05-16 14:39:27 | TRACE   | query_time, 0.0009332373738288879
2024-05-16 14:39:27 | TRACE   | query_time, 0.0008960887789726257
2024-05-16 14:39:27 | TRACE   | query_time, 0.0008858777582645416
2024-05-16 14:39:27 | TRACE   | query_time, 0.0009351521730422974
2024-05-16 14:39:27 | TRACE   | query_time, 0.0008691214025020599
2024-05-16 14:39:27 | TRACE   | query_time, 0.0009351000189781189
2024-05-16 14:39:27 | TRACE   | query_time, 0.0009234920144081116
2024-05-16 14:39:27 | TRACE   | query_time, 0.0008816123008728027
2024-05-16 14:39:27 | TRACE   | query_time, 0.0009376965463161469
2024-05-16 14:39:27 | TRACE   | query_time, 0.0010524392127990723
2024-05-16 14:39:27 | TRACE   | query_time, 0.0008411034941673279
2024-05-16 14:39:27 | TRACE   | query_time, 0.0008920729160308838
2024-05-16 14:39:27 | TRACE   | query_time, 0.0009542964398860931
2024-05-16 14:39:27 | TRACE   | query_time, 0.0009231194853782654
2024-05-16 14:39:27 | TRACE   | query_time, 0.0008901581168174744
2024-05-16 14:39:27 | TRACE   | query_time, 0.0009207800030708313
2024-05-16 14:39:27 | TRACE   | query_time, 0.0010203756392002106
2024-05-16 14:39:27 | TRACE   | query_time, 0.0008805282413959503
2024-05-16 14:39:27 | TRACE   | query_time, 0.0008935518562793732
2024-05-16 14:39:27 | TRACE   | query_time, 0.0008305981755256653
2024-05-16 14:39:27 | TRACE   | query_time, 0.0008736886084079742
2024-05-16 14:39:27 | TRACE   | query_time, 0.0009300820529460907
2024-05-16 14:39:27 | TRACE   | query_time, 0.0008973143994808197
2024-05-16 14:39:27 | TRACE   | query_time, 0.0009190887212753296
2024-05-16 14:39:27 | TRACE   | query_time, 0.0009294487535953522
2024-05-16 14:39:27 | TRACE   | query_time, 0.0008728057146072388
2024-05-16 14:39:27 | TRACE   | query_time, 0.0009541362524032593
2024-05-16 14:39:27 | TRACE   | query_time, 0.0010369382798671722
2024-05-16 14:39:27 | TRACE   | query_time, 0.0013205185532569885
2024-05-16 14:39:27 | TRACE   | query_time, 0.0008750669658184052
2024-05-16 14:39:27 | TRACE   | query_time, 0.0009260028600692749
2024-05-16 14:39:27 | TRACE   | query_time, 0.0009509995579719543
2024-05-16 14:39:27 | TRACE   | query_time, 0.0008934028446674347
2024-05-16 14:39:27 | TRACE   | query_time, 0.0009491480886936188
2024-05-16 14:39:27 | TRACE   | query_time, 0.0008750110864639282
2024-05-16 14:39:27 | TRACE   | query_time, 0.0009109079837799072
2024-05-16 14:39:27 | TRACE   | query_time, 0.0008977912366390228
2024-05-16 14:39:27 | TRACE   | query_time, 0.0009189210832118988
2024-05-16 14:39:27 | TRACE   | query_time, 0.0008890926837921143
2024-05-16 14:39:27 | TRACE   | query_time, 0.0009475499391555786
2024-05-16 14:39:27 | TRACE   | query_time, 0.0008709132671356201
2024-05-16 14:39:27 | TRACE   | query_time, 0.00087776780128479
2024-05-16 14:39:27 | TRACE   | query_time, 0.0008646100759506226
2024-05-16 14:39:27 | TRACE   | query_time, 0.0009179823100566864
2024-05-16 14:39:27 | TRACE   | query_time, 0.0008827447891235352
2024-05-16 14:39:27 | TRACE   | query_time, 0.0008648298680782318
2024-05-16 14:39:27 | TRACE   | query_time, 0.000958707183599472
2024-05-16 14:39:27 | TRACE   | query_time, 0.0008330605924129486
2024-05-16 14:39:27 | TRACE   | query_time, 0.0009285174310207367
2024-05-16 14:39:27 | TRACE   | query_time, 0.0009447261691093445
2024-05-16 14:39:27 | TRACE   | query_time, 0.0008750930428504944
2024-05-16 14:39:27 | TRACE   | query_time, 0.0009286664426326752
2024-05-16 14:39:27 | TRACE   | query_time, 0.0013031736016273499
2024-05-16 14:39:27 | TRACE   | query_time, 0.0008848458528518677
2024-05-16 14:39:27 | TRACE   | query_time, 0.0008697919547557831
2024-05-16 14:39:27 | TRACE   | query_time, 0.0008521974086761475
2024-05-16 14:39:27 | TRACE   | query_time, 0.000873122364282608
2024-05-16 14:39:27 | TRACE   | query_time, 0.0008856318891048431
2024-05-16 14:39:27 | TRACE   | query_time, 0.0009211115539073944
2024-05-16 14:39:27 | TRACE   | query_time, 0.001005765050649643
2024-05-16 14:39:27 | TRACE   | query_time, 0.0008935406804084778
2024-05-16 14:39:27 | TRACE   | query_time, 0.000860895961523056
2024-05-16 14:39:27 | TRACE   | query_time, 0.0008665844798088074
2024-05-16 14:39:27 | TRACE   | query_time, 0.0009442977607250214
2024-05-16 14:39:27 | TRACE   | query_time, 0.000889316201210022
2024-05-16 14:39:27 | TRACE   | query_time, 0.0008778907358646393
2024-05-16 14:39:27 | TRACE   | query_time, 0.0008706487715244293
2024-05-16 14:39:27 | TRACE   | query_time, 0.001038927584886551
2024-05-16 14:39:27 | TRACE   | query_time, 0.0008948072791099548
2024-05-16 14:39:27 | TRACE   | query_time, 0.0009029805660247803
2024-05-16 14:39:27 | TRACE   | query_time, 0.0009527280926704407
2024-05-16 14:39:27 | TRACE   | query_time, 0.0008587166666984558
2024-05-16 14:39:27 | TRACE   | query_time, 0.0008630864322185516
2024-05-16 14:39:27 | TRACE   | query_time, 0.0009099692106246948
2024-05-16 14:39:27 | TRACE   | query_time, 0.0008301101624965668
2024-05-16 14:39:27 | TRACE   | query_time, 0.0008841045200824738
2024-05-16 14:39:27 | TRACE   | query_time, 0.0010511204600334167
2024-05-16 14:39:27 | TRACE   | query_time, 0.0008768811821937561
2024-05-16 14:39:27 | TRACE   | query_time, 0.0009320564568042755
2024-05-16 14:39:27 | TRACE   | query_time, 0.0012900754809379578
2024-05-16 14:39:27 | TRACE   | query_time, 0.0009307935833930969
2024-05-16 14:39:27 | TRACE   | query_time, 0.0009168870747089386
2024-05-16 14:39:27 | TRACE   | query_time, 0.0008305907249450684
2024-05-16 14:39:27 | TRACE   | query_time, 0.0008226484060287476
2024-05-16 14:39:27 | TRACE   | query_time, 0.000921931117773056
2024-05-16 14:39:27 | TRACE   | query_time, 0.0008761100471019745
2024-05-16 14:39:27 | TRACE   | query_time, 0.0010171085596084595
2024-05-16 14:39:27 | TRACE   | query_time, 0.0008747689425945282
2024-05-16 14:39:27 | TRACE   | query_time, 0.00087699294090271
2024-05-16 14:39:27 | TRACE   | query_time, 0.0010413452982902527
2024-05-16 14:39:27 | TRACE   | query_time, 0.0009275972843170166
2024-05-16 14:39:27 | TRACE   | query_time, 0.0009667873382568359
2024-05-16 14:39:27 | TRACE   | query_time, 0.0010225772857666016
2024-05-16 14:39:27 | TRACE   | query_time, 0.001031443476676941
2024-05-16 14:39:27 | TRACE   | query_time, 0.0009366720914840698
2024-05-16 14:39:27 | TRACE   | query_time, 0.0009866617619991302
2024-05-16 14:39:27 | TRACE   | query_time, 0.0009359605610370636
2024-05-16 14:39:27 | TRACE   | query_time, 0.0009431913495063782
2024-05-16 14:39:27 | TRACE   | query_time, 0.001035798341035843
2024-05-16 14:39:27 | TRACE   | query_time, 0.000941842794418335
2024-05-16 14:39:27 | TRACE   | query_time, 0.0009420514106750488
2024-05-16 14:39:27 | TRACE   | query_time, 0.0009873881936073303
2024-05-16 14:39:27 | TRACE   | query_time, 0.0009740926325321198
2024-05-16 14:39:27 | TRACE   | query_time, 0.001081462949514389
2024-05-16 14:39:27 | TRACE   | query_time, 0.0009779706597328186
2024-05-16 14:39:27 | TRACE   | query_time, 0.0009723976254463196
2024-05-16 14:39:27 | TRACE   | query_time, 0.000970747321844101
2024-05-16 14:39:27 | TRACE   | query_time, 0.0010270550847053528
2024-05-16 14:39:27 | TRACE   | query_time, 0.0009446479380130768
2024-05-16 14:39:27 | TRACE   | query_time, 0.0009784474968910217
2024-05-16 14:39:27 | TRACE   | query_time, 0.0009984448552131653
2024-05-16 14:39:27 | TRACE   | query_time, 0.000966440886259079
2024-05-16 14:39:27 | TRACE   | query_time, 0.0010207556188106537
2024-05-16 14:39:27 | TRACE   | query_time, 0.0010218806564807892
2024-05-16 14:39:27 | TRACE   | query_time, 0.0009257607161998749
2024-05-16 14:39:27 | TRACE   | query_time, 0.0009636394679546356
2024-05-16 14:39:27 | TRACE   | query_time, 0.001122802495956421
2024-05-16 14:39:27 | TRACE   | query_time, 0.0009836778044700623
2024-05-16 14:39:27 | TRACE   | query_time, 0.0010972395539283752
2024-05-16 14:39:27 | TRACE   | query_time, 0.0009866058826446533
2024-05-16 14:39:27 | TRACE   | query_time, 0.0009964220225811005
2024-05-16 14:39:27 | TRACE   | query_time, 0.0009572617709636688
2024-05-16 14:39:27 | TRACE   | query_time, 0.001007024198770523
2024-05-16 14:39:27 | TRACE   | query_time, 0.0010120384395122528
2024-05-16 14:39:27 | TRACE   | query_time, 0.0009966902434825897
2024-05-16 14:39:27 | TRACE   | query_time, 0.001027386635541916
2024-05-16 14:39:27 | TRACE   | query_time, 0.0010308623313903809
2024-05-16 14:39:27 | TRACE   | query_time, 0.0010228902101516724
2024-05-16 14:39:27 | TRACE   | query_time, 0.0009315870702266693
2024-05-16 14:39:27 | TRACE   | query_time, 0.0010352544486522675
2024-05-16 14:39:27 | TRACE   | query_time, 0.0010430403053760529
2024-05-16 14:39:27 | TRACE   | query_time, 0.0009459219872951508
2024-05-16 14:39:27 | TRACE   | query_time, 0.0009616836905479431
2024-05-16 14:39:27 | TRACE   | query_time, 0.0009323544800281525
2024-05-16 14:39:27 | TRACE   | query_time, 0.0009605325758457184
2024-05-16 14:39:27 | TRACE   | query_time, 0.001177329570055008
2024-05-16 14:39:27 | TRACE   | query_time, 0.0009783469140529633
2024-05-16 14:39:27 | TRACE   | query_time, 0.000987071543931961
2024-05-16 14:39:27 | TRACE   | query_time, 0.0009565092623233795
2024-05-16 14:39:27 | TRACE   | query_time, 0.0009737163782119751
2024-05-16 14:39:27 | TRACE   | query_time, 0.000988982617855072
2024-05-16 14:39:27 | TRACE   | query_time, 0.0010053068399429321
2024-05-16 14:39:27 | TRACE   | query_time, 0.0009759925305843353
2024-05-16 14:39:27 | TRACE   | query_time, 0.0009626634418964386
2024-05-16 14:39:27 | TRACE   | query_time, 0.001032128930091858
2024-05-16 14:39:27 | TRACE   | query_time, 0.0010988377034664154
2024-05-16 14:39:27 | TRACE   | query_time, 0.0009683147072792053
2024-05-16 14:39:27 | TRACE   | query_time, 0.0010060779750347137
2024-05-16 14:39:27 | TRACE   | query_time, 0.00100717693567276
2024-05-16 14:39:27 | TRACE   | query_time, 0.000961601734161377
2024-05-16 14:39:27 | TRACE   | query_time, 0.0010074079036712646
2024-05-16 14:39:27 | TRACE   | query_time, 0.0009978413581848145
2024-05-16 14:39:27 | TRACE   | query_time, 0.001004192978143692
2024-05-16 14:39:27 | TRACE   | query_time, 0.00101378932595253
2024-05-16 14:39:27 | TRACE   | query_time, 0.0010181479156017303
2024-05-16 14:39:27 | TRACE   | query_time, 0.001005847007036209
2024-05-16 14:39:27 | TRACE   | query_time, 0.0009615086019039154
2024-05-16 14:39:27 | TRACE   | query_time, 0.0010175928473472595
2024-05-16 14:39:27 | TRACE   | query_time, 0.0010173209011554718
2024-05-16 14:39:27 | TRACE   | query_time, 0.0010111592710018158
2024-05-16 14:39:27 | TRACE   | query_time, 0.0010099150240421295
2024-05-16 14:39:27 | TRACE   | query_time, 0.0009603165090084076
2024-05-16 14:39:27 | TRACE   | query_time, 0.0009514465928077698
2024-05-16 14:39:27 | TRACE   | query_time, 0.0009486153721809387
2024-05-16 14:39:27 | TRACE   | query_time, 0.0011046119034290314
2024-05-16 14:39:27 | TRACE   | query_time, 0.0009617879986763
2024-05-16 14:39:27 | TRACE   | query_time, 0.0009529739618301392
2024-05-16 14:39:27 | TRACE   | query_time, 0.0010073967278003693
2024-05-16 14:39:27 | TRACE   | query_time, 0.0010004155337810516
2024-05-16 14:39:27 | TRACE   | query_time, 0.0010070167481899261
2024-05-16 14:39:27 | TRACE   | query_time, 0.0009608380496501923
2024-05-16 14:39:27 | TRACE   | query_time, 0.0009873844683170319
2024-05-16 14:39:27 | TRACE   | query_time, 0.0010253489017486572
2024-05-16 14:39:27 | TRACE   | query_time, 0.0009903311729431152
2024-05-16 14:39:27 | TRACE   | query_time, 0.0009242966771125793
2024-05-16 14:39:27 | TRACE   | query_time, 0.001031767576932907
2024-05-16 14:39:27 | TRACE   | query_time, 0.000950150191783905
2024-05-16 14:39:27 | TRACE   | query_time, 0.0009470582008361816
2024-05-16 14:39:27 | TRACE   | query_time, 0.0009333565831184387
2024-05-16 14:39:27 | TRACE   | query_time, 0.001015540212392807
2024-05-16 14:39:27 | TRACE   | query_time, 0.0010124780237674713
2024-05-16 14:39:27 | TRACE   | query_time, 0.0010048486292362213
2024-05-16 14:39:27 | TRACE   | query_time, 0.0011795125901699066
2024-05-16 14:39:27 | TRACE   | query_time, 0.0009416155517101288
2024-05-16 14:39:27 | TRACE   | query_time, 0.0010300874710083008
2024-05-16 14:39:27 | TRACE   | query_time, 0.0009542666375637054
2024-05-16 14:39:27 | TRACE   | query_time, 0.0009673088788986206
2024-05-16 14:39:27 | TRACE   | query_time, 0.0010018125176429749
2024-05-16 14:39:27 | TRACE   | query_time, 0.0009895451366901398
