2024-05-16 14:38:27 | DEBUG   | {'input': PosixPath('data/open_data_usa/binsort.zst'), 'input_type': 'binsort', 'queries': PosixPath('data/open_data_usa/queries/runtime_benchmark.zst'), 'estimation_mode': None, 'index_mode': 'recall', 'hist_filter': PosixPath('data/open_data_usa/filters/01.zst'), 'output': None, 'workers': None, 'frequency_hists': False, 'suppress_results': False, 'log_level': 'INFO', 'log_file': PosixPath('logs/runtime_benchmark/low_selectivity/open_data_usa-collection-binsort-single-2.log')}
2024-05-16 14:38:27 | DEBUG   | Loading input data from data/open_data_usa/binsort.zst
2024-05-16 14:38:27 | DEBUG   | Loading queries from data/open_data_usa/queries/runtime_benchmark.zst
2024-05-16 14:38:27 | DEBUG   | Loading histogram filter from data/open_data_usa/filters/01.zst
2024-05-16 14:38:27 | TRACE   | bootstrap_time, 0.09036397933959961
2024-05-16 14:38:27 | DEBUG   | Ignoring --index-mode as it is only relevant for non-index methods.
2024-05-16 14:38:27 | DEBUG   | Starting execution
2024-05-16 14:38:27 | TRACE   | query_time, 7.92481005191803e-05
2024-05-16 14:38:27 | TRACE   | query_time, 3.09869647026062e-05
2024-05-16 14:38:27 | TRACE   | query_time, 2.3983418941497803e-05
2024-05-16 14:38:27 | TRACE   | query_time, 2.4981796741485596e-05
2024-05-16 14:38:27 | TRACE   | query_time, 2.8584152460098267e-05
2024-05-16 14:38:27 | TRACE   | query_time, 4.062056541442871e-05
2024-05-16 14:38:27 | TRACE   | query_time, 2.2288411855697632e-05
2024-05-16 14:38:27 | TRACE   | query_time, 5.869567394256592e-05
2024-05-16 14:38:27 | TRACE   | query_time, 2.6360154151916504e-05
2024-05-16 14:38:27 | TRACE   | query_time, 2.24187970161438e-05
2024-05-16 14:38:27 | TRACE   | query_time, 2.220645546913147e-05
2024-05-16 14:38:27 | TRACE   | query_time, 3.833696246147156e-05
2024-05-16 14:38:27 | TRACE   | query_time, 2.243742346763611e-05
2024-05-16 14:38:27 | TRACE   | query_time, 2.5197863578796387e-05
2024-05-16 14:38:27 | TRACE   | query_time, 2.405419945716858e-05
2024-05-16 14:38:27 | TRACE   | query_time, 2.144649624824524e-05
2024-05-16 14:38:27 | TRACE   | query_time, 2.1930783987045288e-05
2024-05-16 14:38:27 | TRACE   | query_time, 2.1647661924362183e-05
2024-05-16 14:38:27 | TRACE   | query_time, 2.093985676765442e-05
2024-05-16 14:38:27 | TRACE   | query_time, 3.6630779504776e-05
2024-05-16 14:38:27 | TRACE   | query_time, 5.586445331573486e-05
2024-05-16 14:38:27 | TRACE   | query_time, 2.4922192096710205e-05
2024-05-16 14:38:27 | TRACE   | query_time, 5.46090304851532e-05
2024-05-16 14:38:27 | TRACE   | query_time, 2.2493302822113037e-05
2024-05-16 14:38:27 | TRACE   | query_time, 2.3465603590011597e-05
2024-05-16 14:38:27 | TRACE   | query_time, 2.48737633228302e-05
2024-05-16 14:38:27 | TRACE   | query_time, 2.2601336240768433e-05
2024-05-16 14:38:27 | TRACE   | query_time, 2.1860003471374512e-05
2024-05-16 14:38:27 | TRACE   | query_time, 2.1334737539291382e-05
2024-05-16 14:38:27 | TRACE   | query_time, 5.494803190231323e-05
2024-05-16 14:38:27 | TRACE   | query_time, 2.3089349269866943e-05
2024-05-16 14:38:27 | TRACE   | query_time, 2.290681004524231e-05
2024-05-16 14:38:27 | TRACE   | query_time, 2.547353506088257e-05
2024-05-16 14:38:27 | TRACE   | query_time, 2.1569430828094482e-05
2024-05-16 14:38:27 | TRACE   | query_time, 3.8251280784606934e-05
2024-05-16 14:38:27 | TRACE   | query_time, 3.7766993045806885e-05
2024-05-16 14:38:27 | TRACE   | query_time, 3.470107913017273e-05
2024-05-16 14:38:27 | TRACE   | query_time, 2.1968036890029907e-05
2024-05-16 14:38:27 | TRACE   | query_time, 2.393871545791626e-05
2024-05-16 14:38:27 | TRACE   | query_time, 2.390146255493164e-05
2024-05-16 14:38:27 | TRACE   | query_time, 5.529820919036865e-05
2024-05-16 14:38:27 | TRACE   | query_time, 2.1457672119140625e-05
2024-05-16 14:38:27 | TRACE   | query_time, 2.1673738956451416e-05
2024-05-16 14:38:27 | TRACE   | query_time, 2.3171305656433105e-05
2024-05-16 14:38:27 | TRACE   | query_time, 5.545467138290405e-05
2024-05-16 14:38:27 | TRACE   | query_time, 5.550310015678406e-05
2024-05-16 14:38:27 | TRACE   | query_time, 2.617761492729187e-05
2024-05-16 14:38:27 | TRACE   | query_time, 2.345442771911621e-05
2024-05-16 14:38:27 | TRACE   | query_time, 2.1688640117645264e-05
2024-05-16 14:38:27 | TRACE   | query_time, 3.8057565689086914e-05
2024-05-16 14:38:27 | TRACE   | query_time, 2.5466084480285645e-05
2024-05-16 14:38:27 | TRACE   | query_time, 2.4046748876571655e-05
2024-05-16 14:38:27 | TRACE   | query_time, 2.189353108406067e-05
2024-05-16 14:38:27 | TRACE   | query_time, 2.2046267986297607e-05
2024-05-16 14:38:27 | TRACE   | query_time, 2.4221837520599365e-05
2024-05-16 14:38:27 | TRACE   | query_time, 3.679096698760986e-05
2024-05-16 14:38:27 | TRACE   | query_time, 2.456456422805786e-05
2024-05-16 14:38:27 | TRACE   | query_time, 5.519762635231018e-05
2024-05-16 14:38:27 | TRACE   | query_time, 2.248212695121765e-05
2024-05-16 14:38:27 | TRACE   | query_time, 5.7220458984375e-05
2024-05-16 14:38:27 | TRACE   | query_time, 2.2727996110916138e-05
2024-05-16 14:38:27 | TRACE   | query_time, 2.1591782569885254e-05
2024-05-16 14:38:27 | TRACE   | query_time, 2.24187970161438e-05
2024-05-16 14:38:27 | TRACE   | query_time, 2.2083520889282227e-05
2024-05-16 14:38:27 | TRACE   | query_time, 2.136826515197754e-05
2024-05-16 14:38:27 | TRACE   | query_time, 2.2079795598983765e-05
2024-05-16 14:38:27 | TRACE   | query_time, 2.1744519472122192e-05
2024-05-16 14:38:27 | TRACE   | query_time, 3.0446797609329224e-05
2024-05-16 14:38:27 | TRACE   | query_time, 2.7611851692199707e-05
2024-05-16 14:38:27 | TRACE   | query_time, 2.1804124116897583e-05
2024-05-16 14:38:27 | TRACE   | query_time, 2.2288411855697632e-05
2024-05-16 14:38:27 | TRACE   | query_time, 3.810971975326538e-05
2024-05-16 14:38:27 | TRACE   | query_time, 2.245977520942688e-05
2024-05-16 14:38:27 | TRACE   | query_time, 2.4881213903427124e-05
2024-05-16 14:38:27 | TRACE   | query_time, 2.2545456886291504e-05
2024-05-16 14:38:27 | TRACE   | query_time, 2.3871660232543945e-05
2024-05-16 14:38:27 | TRACE   | query_time, 2.621486783027649e-05
2024-05-16 14:38:27 | TRACE   | query_time, 3.639981150627136e-05
2024-05-16 14:38:27 | TRACE   | query_time, 2.386048436164856e-05
2024-05-16 14:38:27 | TRACE   | query_time, 3.6366283893585205e-05
2024-05-16 14:38:27 | TRACE   | query_time, 2.3990869522094727e-05
2024-05-16 14:38:27 | TRACE   | query_time, 2.1319836378097534e-05
2024-05-16 14:38:27 | TRACE   | query_time, 2.528354525566101e-05
2024-05-16 14:38:27 | TRACE   | query_time, 2.5257468223571777e-05
2024-05-16 14:38:27 | TRACE   | query_time, 2.492964267730713e-05
2024-05-16 14:38:27 | TRACE   | query_time, 2.187862992286682e-05
2024-05-16 14:38:27 | TRACE   | query_time, 2.1379441022872925e-05
2024-05-16 14:38:27 | TRACE   | query_time, 3.7219375371932983e-05
2024-05-16 14:38:27 | TRACE   | query_time, 2.1200627088546753e-05
2024-05-16 14:38:27 | TRACE   | query_time, 2.1424144506454468e-05
2024-05-16 14:38:27 | TRACE   | query_time, 2.5987625122070312e-05
2024-05-16 14:38:27 | TRACE   | query_time, 2.193450927734375e-05
2024-05-16 14:38:27 | TRACE   | query_time, 3.97413969039917e-05
2024-05-16 14:38:27 | TRACE   | query_time, 2.238526940345764e-05
2024-05-16 14:38:27 | TRACE   | query_time, 3.349035978317261e-05
2024-05-16 14:38:27 | TRACE   | query_time, 2.1688640117645264e-05
2024-05-16 14:38:27 | TRACE   | query_time, 3.6519020795822144e-05
2024-05-16 14:38:27 | TRACE   | query_time, 2.209097146987915e-05
2024-05-16 14:38:27 | TRACE   | query_time, 2.5015324354171753e-05
2024-05-16 14:38:27 | TRACE   | query_time, 5.3375959396362305e-05
2024-05-16 14:38:27 | TRACE   | query_time, 2.524629235267639e-05
2024-05-16 14:38:27 | TRACE   | query_time, 5.393102765083313e-05
2024-05-16 14:38:27 | TRACE   | query_time, 2.3342669010162354e-05
2024-05-16 14:38:27 | TRACE   | query_time, 2.1684914827346802e-05
2024-05-16 14:38:27 | TRACE   | query_time, 5.352869629859924e-05
2024-05-16 14:38:27 | TRACE   | query_time, 2.512708306312561e-05
2024-05-16 14:38:27 | TRACE   | query_time, 2.1960586309432983e-05
2024-05-16 14:38:27 | TRACE   | query_time, 2.1480023860931396e-05
2024-05-16 14:38:27 | TRACE   | query_time, 2.5548040866851807e-05
2024-05-16 14:38:27 | TRACE   | query_time, 2.396106719970703e-05
2024-05-16 14:38:27 | TRACE   | query_time, 2.15284526348114e-05
2024-05-16 14:38:27 | TRACE   | query_time, 2.1696090698242188e-05
2024-05-16 14:38:27 | TRACE   | query_time, 2.2288411855697632e-05
2024-05-16 14:38:27 | TRACE   | query_time, 2.417340874671936e-05
2024-05-16 14:38:27 | TRACE   | query_time, 2.1047890186309814e-05
2024-05-16 14:38:27 | TRACE   | query_time, 2.10590660572052e-05
2024-05-16 14:38:27 | TRACE   | query_time, 2.1852552890777588e-05
2024-05-16 14:38:27 | TRACE   | query_time, 2.6632100343704224e-05
2024-05-16 14:38:27 | TRACE   | query_time, 2.1673738956451416e-05
2024-05-16 14:38:27 | TRACE   | query_time, 5.294010043144226e-05
2024-05-16 14:38:27 | TRACE   | query_time, 2.2232532501220703e-05
2024-05-16 14:38:27 | TRACE   | query_time, 2.1453946828842163e-05
2024-05-16 14:38:27 | TRACE   | query_time, 2.2277235984802246e-05
2024-05-16 14:38:27 | TRACE   | query_time, 2.2295862436294556e-05
2024-05-16 14:38:27 | TRACE   | query_time, 2.456456422805786e-05
2024-05-16 14:38:27 | TRACE   | query_time, 2.5950372219085693e-05
2024-05-16 14:38:27 | TRACE   | query_time, 2.2862106561660767e-05
2024-05-16 14:38:27 | TRACE   | query_time, 2.5570392608642578e-05
2024-05-16 14:38:27 | TRACE   | query_time, 2.1774321794509888e-05
2024-05-16 14:38:27 | TRACE   | query_time, 2.481415867805481e-05
2024-05-16 14:38:27 | TRACE   | query_time, 2.0720064640045166e-05
2024-05-16 14:38:27 | TRACE   | query_time, 2.4624168872833252e-05
2024-05-16 14:38:27 | TRACE   | query_time, 2.111867070198059e-05
2024-05-16 14:38:27 | TRACE   | query_time, 3.8895756006240845e-05
2024-05-16 14:38:27 | TRACE   | query_time, 2.213194966316223e-05
2024-05-16 14:38:27 | TRACE   | query_time, 2.4273991584777832e-05
2024-05-16 14:38:27 | TRACE   | query_time, 5.2910298109054565e-05
2024-05-16 14:38:27 | TRACE   | query_time, 2.1725893020629883e-05
2024-05-16 14:38:27 | TRACE   | query_time, 2.384185791015625e-05
2024-05-16 14:38:27 | TRACE   | query_time, 2.294406294822693e-05
2024-05-16 14:38:27 | TRACE   | query_time, 2.146884799003601e-05
2024-05-16 14:38:27 | TRACE   | query_time, 2.454221248626709e-05
2024-05-16 14:38:27 | TRACE   | query_time, 2.4762004613876343e-05
2024-05-16 14:38:27 | TRACE   | query_time, 2.1144747734069824e-05
2024-05-16 14:38:27 | TRACE   | query_time, 3.680586814880371e-05
2024-05-16 14:38:27 | TRACE   | query_time, 3.5848468542099e-05
2024-05-16 14:38:27 | TRACE   | query_time, 2.4635344743728638e-05
2024-05-16 14:38:27 | TRACE   | query_time, 2.096220850944519e-05
2024-05-16 14:38:27 | TRACE   | query_time, 3.310665488243103e-05
2024-05-16 14:38:27 | TRACE   | query_time, 2.123415470123291e-05
2024-05-16 14:38:27 | TRACE   | query_time, 3.654882311820984e-05
2024-05-16 14:38:27 | TRACE   | query_time, 2.2590160369873047e-05
2024-05-16 14:38:27 | TRACE   | query_time, 2.170354127883911e-05
2024-05-16 14:38:27 | TRACE   | query_time, 2.1297484636306763e-05
2024-05-16 14:38:27 | TRACE   | query_time, 2.115592360496521e-05
2024-05-16 14:38:27 | TRACE   | query_time, 5.361437797546387e-05
2024-05-16 14:38:27 | TRACE   | query_time, 2.594664692878723e-05
2024-05-16 14:38:27 | TRACE   | query_time, 2.2254884243011475e-05
2024-05-16 14:38:27 | TRACE   | query_time, 3.127381205558777e-05
2024-05-16 14:38:27 | TRACE   | query_time, 2.2355467081069946e-05
2024-05-16 14:38:27 | TRACE   | query_time, 2.2359192371368408e-05
2024-05-16 14:38:27 | TRACE   | query_time, 2.1729618310928345e-05
2024-05-16 14:38:27 | TRACE   | query_time, 3.743171691894531e-05
2024-05-16 14:38:27 | TRACE   | query_time, 2.2485852241516113e-05
2024-05-16 14:38:27 | TRACE   | query_time, 2.139061689376831e-05
2024-05-16 14:38:27 | TRACE   | query_time, 2.1297484636306763e-05
2024-05-16 14:38:27 | TRACE   | query_time, 3.926083445549011e-05
2024-05-16 14:38:27 | TRACE   | query_time, 2.2005289793014526e-05
2024-05-16 14:38:27 | TRACE   | query_time, 2.111494541168213e-05
2024-05-16 14:38:27 | TRACE   | query_time, 5.2969902753829956e-05
2024-05-16 14:38:27 | TRACE   | query_time, 2.5764107704162598e-05
2024-05-16 14:38:27 | TRACE   | query_time, 2.1491199731826782e-05
2024-05-16 14:38:27 | TRACE   | query_time, 2.24970281124115e-05
2024-05-16 14:38:27 | TRACE   | query_time, 2.1949410438537598e-05
2024-05-16 14:38:27 | TRACE   | query_time, 3.851577639579773e-05
2024-05-16 14:38:27 | TRACE   | query_time, 2.4627894163131714e-05
2024-05-16 14:38:27 | TRACE   | query_time, 3.666803240776062e-05
2024-05-16 14:38:27 | TRACE   | query_time, 2.1237879991531372e-05
2024-05-16 14:38:27 | TRACE   | query_time, 2.4355947971343994e-05
2024-05-16 14:38:27 | TRACE   | query_time, 2.1237879991531372e-05
2024-05-16 14:38:27 | TRACE   | query_time, 2.1412968635559082e-05
2024-05-16 14:38:27 | TRACE   | query_time, 2.1748244762420654e-05
2024-05-16 14:38:27 | TRACE   | query_time, 5.669146776199341e-05
2024-05-16 14:38:27 | TRACE   | query_time, 2.6531517505645752e-05
2024-05-16 14:38:27 | TRACE   | query_time, 2.2877007722854614e-05
2024-05-16 14:38:27 | TRACE   | query_time, 2.4665147066116333e-05
2024-05-16 14:38:27 | TRACE   | query_time, 2.2511929273605347e-05
2024-05-16 14:38:27 | TRACE   | query_time, 2.1301209926605225e-05
2024-05-16 14:38:27 | TRACE   | query_time, 2.2780150175094604e-05
2024-05-16 14:38:27 | TRACE   | query_time, 2.5115907192230225e-05
2024-05-16 14:38:27 | TRACE   | query_time, 2.4862587451934814e-05
2024-05-16 14:38:27 | TRACE   | query_time, 2.3983418941497803e-05
2024-05-16 14:38:27 | TRACE   | query_time, 3.643333911895752e-05
2024-05-16 14:38:27 | TRACE   | query_time, 2.275034785270691e-05
2024-05-16 14:38:27 | TRACE   | query_time, 2.138689160346985e-05
2024-05-16 14:38:27 | TRACE   | query_time, 3.581121563911438e-05
2024-05-16 14:38:27 | TRACE   | query_time, 2.1710991859436035e-05
2024-05-16 14:38:27 | TRACE   | query_time, 2.117455005645752e-05
2024-05-16 14:38:27 | TRACE   | query_time, 2.310052514076233e-05
2024-05-16 14:38:27 | TRACE   | query_time, 2.4840235710144043e-05
2024-05-16 14:38:27 | TRACE   | query_time, 2.2355467081069946e-05
2024-05-16 14:38:27 | TRACE   | query_time, 2.1979212760925293e-05
2024-05-16 14:38:27 | TRACE   | query_time, 2.1558254957199097e-05
2024-05-16 14:38:27 | TRACE   | query_time, 5.2463263273239136e-05
2024-05-16 14:38:27 | TRACE   | query_time, 2.666190266609192e-05
2024-05-16 14:38:27 | TRACE   | query_time, 2.154707908630371e-05
2024-05-16 14:38:27 | TRACE   | query_time, 2.1860003471374512e-05
2024-05-16 14:38:27 | TRACE   | query_time, 2.2523105144500732e-05
2024-05-16 14:38:27 | TRACE   | query_time, 2.6166439056396484e-05
2024-05-16 14:38:27 | TRACE   | query_time, 2.4110078811645508e-05
2024-05-16 14:38:27 | TRACE   | query_time, 3.612041473388672e-05
2024-05-16 14:38:27 | TRACE   | query_time, 2.4441629648208618e-05
2024-05-16 14:38:27 | TRACE   | query_time, 2.209097146987915e-05
2024-05-16 14:38:27 | TRACE   | query_time, 2.3424625396728516e-05
2024-05-16 14:38:27 | TRACE   | query_time, 2.2489577531814575e-05
2024-05-16 14:38:27 | TRACE   | query_time, 3.9871782064437866e-05
2024-05-16 14:38:27 | TRACE   | query_time, 2.356991171836853e-05
2024-05-16 14:38:27 | TRACE   | query_time, 2.2359192371368408e-05
2024-05-16 14:38:27 | TRACE   | query_time, 2.1550804376602173e-05
2024-05-16 14:38:27 | TRACE   | query_time, 2.138689160346985e-05
2024-05-16 14:38:27 | TRACE   | query_time, 2.1595507860183716e-05
2024-05-16 14:38:27 | TRACE   | query_time, 2.1088868379592896e-05
2024-05-16 14:38:27 | TRACE   | query_time, 2.1029263734817505e-05
2024-05-16 14:38:27 | TRACE   | query_time, 2.3268163204193115e-05
2024-05-16 14:38:27 | TRACE   | query_time, 2.1774321794509888e-05
2024-05-16 14:38:27 | TRACE   | query_time, 2.127140760421753e-05
2024-05-16 14:38:27 | TRACE   | query_time, 5.1952898502349854e-05
2024-05-16 14:38:27 | TRACE   | query_time, 2.6542693376541138e-05
2024-05-16 14:38:27 | TRACE   | query_time, 2.1595507860183716e-05
2024-05-16 14:38:27 | TRACE   | query_time, 2.5216490030288696e-05
2024-05-16 14:38:27 | TRACE   | query_time, 2.1129846572875977e-05
2024-05-16 14:38:27 | TRACE   | query_time, 2.2541731595993042e-05
2024-05-16 14:38:27 | TRACE   | query_time, 2.4687498807907104e-05
2024-05-16 14:38:27 | TRACE   | query_time, 2.290681004524231e-05
2024-05-16 14:38:27 | TRACE   | query_time, 2.175942063331604e-05
2024-05-16 14:38:27 | TRACE   | query_time, 3.600120544433594e-05
2024-05-16 14:38:27 | TRACE   | query_time, 3.262609243392944e-05
2024-05-16 14:38:27 | TRACE   | query_time, 2.1763145923614502e-05
2024-05-16 14:38:27 | TRACE   | query_time, 3.5531818866729736e-05
2024-05-16 14:38:27 | TRACE   | query_time, 3.5312026739120483e-05
2024-05-16 14:38:27 | TRACE   | query_time, 2.4858862161636353e-05
2024-05-16 14:38:27 | TRACE   | query_time, 2.197548747062683e-05
2024-05-16 14:38:27 | TRACE   | query_time, 2.2079795598983765e-05
2024-05-16 14:38:27 | TRACE   | query_time, 5.1606446504592896e-05
2024-05-16 14:38:27 | TRACE   | query_time, 2.144649624824524e-05
2024-05-16 14:38:27 | TRACE   | query_time, 5.137920379638672e-05
2024-05-16 14:38:27 | TRACE   | query_time, 2.792850136756897e-05
2024-05-16 14:38:27 | TRACE   | query_time, 2.63899564743042e-05
2024-05-16 14:38:27 | TRACE   | query_time, 2.197548747062683e-05
2024-05-16 14:38:27 | TRACE   | query_time, 2.5745481252670288e-05
2024-05-16 14:38:27 | TRACE   | query_time, 2.5916844606399536e-05
2024-05-16 14:38:27 | TRACE   | query_time, 2.2638589143753052e-05
2024-05-16 14:38:27 | TRACE   | query_time, 2.1632760763168335e-05
2024-05-16 14:38:27 | TRACE   | query_time, 2.47173011302948e-05
2024-05-16 14:38:27 | TRACE   | query_time, 2.2411346435546875e-05
2024-05-16 14:38:27 | TRACE   | query_time, 2.1401792764663696e-05
2024-05-16 14:38:27 | TRACE   | query_time, 3.534555435180664e-05
2024-05-16 14:38:27 | TRACE   | query_time, 2.6516616344451904e-05
2024-05-16 14:38:27 | TRACE   | query_time, 2.210959792137146e-05
2024-05-16 14:38:27 | TRACE   | query_time, 2.203136682510376e-05
2024-05-16 14:38:27 | TRACE   | query_time, 2.3115426301956177e-05
2024-05-16 14:38:27 | TRACE   | query_time, 2.170354127883911e-05
2024-05-16 14:38:27 | TRACE   | query_time, 2.1230429410934448e-05
2024-05-16 14:38:27 | TRACE   | query_time, 2.125650644302368e-05
2024-05-16 14:38:27 | TRACE   | query_time, 2.1442770957946777e-05
2024-05-16 14:38:27 | TRACE   | query_time, 2.316385507583618e-05
2024-05-16 14:38:27 | TRACE   | query_time, 3.664195537567139e-05
2024-05-16 14:38:27 | TRACE   | query_time, 2.2605061531066895e-05
2024-05-16 14:38:27 | TRACE   | query_time, 3.33152711391449e-05
2024-05-16 14:38:27 | TRACE   | query_time, 2.187862992286682e-05
2024-05-16 14:38:27 | TRACE   | query_time, 3.5293400287628174e-05
2024-05-16 14:38:27 | TRACE   | query_time, 4.9933791160583496e-05
2024-05-16 14:38:27 | TRACE   | query_time, 2.1569430828094482e-05
2024-05-16 14:38:27 | TRACE   | query_time, 5.066767334938049e-05
2024-05-16 14:38:27 | TRACE   | query_time, 2.8859823942184448e-05
2024-05-16 14:38:27 | TRACE   | query_time, 2.5033950805664062e-05
2024-05-16 14:38:27 | TRACE   | query_time, 2.1960586309432983e-05
2024-05-16 14:38:27 | TRACE   | query_time, 2.123415470123291e-05
2024-05-16 14:38:27 | TRACE   | query_time, 3.603845834732056e-05
2024-05-16 14:38:27 | TRACE   | query_time, 2.1513551473617554e-05
2024-05-16 14:38:27 | TRACE   | query_time, 2.1357089281082153e-05
2024-05-16 14:38:27 | TRACE   | query_time, 2.265721559524536e-05
2024-05-16 14:38:27 | TRACE   | query_time, 2.5060027837753296e-05
2024-05-16 14:38:27 | TRACE   | query_time, 2.6922672986984253e-05
2024-05-16 14:38:27 | TRACE   | query_time, 2.3093074560165405e-05
2024-05-16 14:38:27 | TRACE   | query_time, 2.4829059839248657e-05
2024-05-16 14:38:27 | TRACE   | query_time, 2.1420419216156006e-05
2024-05-16 14:38:27 | TRACE   | query_time, 2.4203211069107056e-05
2024-05-16 14:38:27 | TRACE   | query_time, 2.1651387214660645e-05
2024-05-16 14:38:27 | TRACE   | query_time, 3.185495734214783e-05
2024-05-16 14:38:27 | TRACE   | query_time, 2.4069100618362427e-05
2024-05-16 14:38:27 | TRACE   | query_time, 3.5066157579422e-05
2024-05-16 14:38:27 | TRACE   | query_time, 2.7079135179519653e-05
2024-05-16 14:38:27 | TRACE   | query_time, 2.2567808628082275e-05
2024-05-16 14:38:27 | TRACE   | query_time, 2.2977590560913086e-05
2024-05-16 14:38:27 | TRACE   | query_time, 2.382323145866394e-05
2024-05-16 14:38:27 | TRACE   | query_time, 4.984810948371887e-05
2024-05-16 14:38:27 | TRACE   | query_time, 2.6114284992218018e-05
2024-05-16 14:38:27 | TRACE   | query_time, 2.267211675643921e-05
2024-05-16 14:38:27 | TRACE   | query_time, 2.4728477001190186e-05
2024-05-16 14:38:27 | TRACE   | query_time, 2.136826515197754e-05
2024-05-16 14:38:27 | TRACE   | query_time, 2.23405659198761e-05
2024-05-16 14:38:27 | TRACE   | query_time, 2.292916178703308e-05
2024-05-16 14:38:27 | TRACE   | query_time, 2.2701919078826904e-05
2024-05-16 14:38:27 | TRACE   | query_time, 2.4721026420593262e-05
2024-05-16 14:38:27 | TRACE   | query_time, 2.180039882659912e-05
2024-05-16 14:38:27 | TRACE   | query_time, 2.1204352378845215e-05
2024-05-16 14:38:27 | TRACE   | query_time, 2.2802501916885376e-05
2024-05-16 14:38:27 | TRACE   | query_time, 3.4771859645843506e-05
2024-05-16 14:38:27 | TRACE   | query_time, 3.394857048988342e-05
2024-05-16 14:38:27 | TRACE   | query_time, 2.5682151317596436e-05
2024-05-16 14:38:27 | TRACE   | query_time, 2.3771077394485474e-05
2024-05-16 14:38:27 | TRACE   | query_time, 2.140924334526062e-05
2024-05-16 14:38:27 | TRACE   | query_time, 2.14502215385437e-05
2024-05-16 14:38:27 | TRACE   | query_time, 2.6270747184753418e-05
2024-05-16 14:38:27 | TRACE   | query_time, 2.5004148483276367e-05
2024-05-16 14:38:27 | TRACE   | query_time, 2.1986663341522217e-05
2024-05-16 14:38:27 | TRACE   | query_time, 2.111867070198059e-05
2024-05-16 14:38:27 | TRACE   | query_time, 2.16066837310791e-05
2024-05-16 14:38:27 | TRACE   | query_time, 3.398209810256958e-05
2024-05-16 14:38:27 | TRACE   | query_time, 2.4665147066116333e-05
2024-05-16 14:38:27 | TRACE   | query_time, 2.4203211069107056e-05
2024-05-16 14:38:27 | TRACE   | query_time, 2.8036534786224365e-05
2024-05-16 14:38:27 | TRACE   | query_time, 1.827627420425415e-05
2024-05-16 14:38:27 | TRACE   | query_time, 1.8868595361709595e-05
2024-05-16 14:38:27 | TRACE   | query_time, 1.9244849681854248e-05
2024-05-16 14:38:27 | TRACE   | query_time, 2.0172446966171265e-05
2024-05-16 14:38:27 | TRACE   | query_time, 3.247708082199097e-05
2024-05-16 14:38:27 | TRACE   | query_time, 1.8473714590072632e-05
2024-05-16 14:38:27 | TRACE   | query_time, 1.8868595361709595e-05
2024-05-16 14:38:27 | TRACE   | query_time, 1.9449740648269653e-05
2024-05-16 14:38:27 | TRACE   | query_time, 1.8868595361709595e-05
2024-05-16 14:38:27 | TRACE   | query_time, 1.8753111362457275e-05
2024-05-16 14:38:27 | TRACE   | query_time, 0.0014216899871826172
2024-05-16 14:38:27 | TRACE   | query_time, 0.001599438488483429
2024-05-16 14:38:27 | TRACE   | query_time, 0.0016106776893138885
2024-05-16 14:38:27 | TRACE   | query_time, 0.001636553555727005
2024-05-16 14:38:27 | TRACE   | query_time, 0.001853492110967636
2024-05-16 14:38:27 | TRACE   | query_time, 0.0014704689383506775
2024-05-16 14:38:27 | TRACE   | query_time, 0.0016420260071754456
2024-05-16 14:38:27 | TRACE   | query_time, 0.001683983951807022
2024-05-16 14:38:27 | TRACE   | query_time, 0.0014614462852478027
2024-05-16 14:38:27 | TRACE   | query_time, 0.0014312155544757843
2024-05-16 14:38:27 | TRACE   | query_time, 0.0013641640543937683
2024-05-16 14:38:27 | TRACE   | query_time, 0.0014030002057552338
2024-05-16 14:38:27 | TRACE   | query_time, 0.0014603175222873688
2024-05-16 14:38:27 | TRACE   | query_time, 0.0015617534518241882
2024-05-16 14:38:27 | TRACE   | query_time, 0.0014522261917591095
2024-05-16 14:38:27 | TRACE   | query_time, 0.0013315677642822266
2024-05-16 14:38:27 | TRACE   | query_time, 0.001404590904712677
2024-05-16 14:38:27 | TRACE   | query_time, 0.0014004483819007874
2024-05-16 14:38:27 | TRACE   | query_time, 0.0015251338481903076
2024-05-16 14:38:27 | TRACE   | query_time, 0.0015044733881950378
2024-05-16 14:38:27 | TRACE   | query_time, 0.0013899803161621094
2024-05-16 14:38:27 | TRACE   | query_time, 0.0017139129340648651
2024-05-16 14:38:27 | TRACE   | query_time, 0.0015311017632484436
2024-05-16 14:38:27 | TRACE   | query_time, 0.001714911311864853
2024-05-16 14:38:27 | TRACE   | query_time, 0.001759406179189682
2024-05-16 14:38:27 | TRACE   | query_time, 0.001494280993938446
2024-05-16 14:38:27 | TRACE   | query_time, 0.0013642944395542145
2024-05-16 14:38:27 | TRACE   | query_time, 0.0014807432889938354
2024-05-16 14:38:27 | TRACE   | query_time, 0.0013809092342853546
2024-05-16 14:38:27 | TRACE   | query_time, 0.001354999840259552
2024-05-16 14:38:27 | TRACE   | query_time, 0.0014052316546440125
2024-05-16 14:38:27 | TRACE   | query_time, 0.0017080195248126984
2024-05-16 14:38:27 | TRACE   | query_time, 0.0017137117683887482
2024-05-16 14:38:27 | TRACE   | query_time, 0.0017276555299758911
2024-05-16 14:38:27 | TRACE   | query_time, 0.0030144229531288147
2024-05-16 14:38:27 | TRACE   | query_time, 0.0013593733310699463
2024-05-16 14:38:27 | TRACE   | query_time, 0.0014047659933567047
2024-05-16 14:38:27 | TRACE   | query_time, 0.0013201311230659485
2024-05-16 14:38:27 | TRACE   | query_time, 0.0013631172478199005
2024-05-16 14:38:27 | TRACE   | query_time, 0.0014006830751895905
2024-05-16 14:38:27 | TRACE   | query_time, 0.0016912370920181274
2024-05-16 14:38:27 | TRACE   | query_time, 0.0013708695769309998
2024-05-16 14:38:27 | TRACE   | query_time, 0.001507442444562912
2024-05-16 14:38:27 | TRACE   | query_time, 0.0014734379947185516
2024-05-16 14:38:27 | TRACE   | query_time, 0.0014229826629161835
2024-05-16 14:38:27 | TRACE   | query_time, 0.001653224229812622
2024-05-16 14:38:27 | TRACE   | query_time, 0.0016607940196990967
2024-05-16 14:38:27 | TRACE   | query_time, 0.0013291500508785248
2024-05-16 14:38:27 | TRACE   | query_time, 0.0014240406453609467
2024-05-16 14:38:27 | TRACE   | query_time, 0.0014749616384506226
2024-05-16 14:38:27 | TRACE   | query_time, 0.0013286322355270386
2024-05-16 14:38:27 | TRACE   | query_time, 0.001323755830526352
2024-05-16 14:38:27 | TRACE   | query_time, 0.0013174191117286682
2024-05-16 14:38:27 | TRACE   | query_time, 0.001469973474740982
2024-05-16 14:38:27 | TRACE   | query_time, 0.0013543181121349335
2024-05-16 14:38:27 | TRACE   | query_time, 0.0012884251773357391
2024-05-16 14:38:27 | TRACE   | query_time, 0.0013435371220111847
2024-05-16 14:38:27 | TRACE   | query_time, 0.001251470297574997
2024-05-16 14:38:27 | TRACE   | query_time, 0.001433391124010086
2024-05-16 14:38:27 | TRACE   | query_time, 0.001317925751209259
2024-05-16 14:38:27 | TRACE   | query_time, 0.0016028806567192078
2024-05-16 14:38:27 | TRACE   | query_time, 0.0012546256184577942
2024-05-16 14:38:27 | TRACE   | query_time, 0.0014001242816448212
2024-05-16 14:38:27 | TRACE   | query_time, 0.0012610480189323425
2024-05-16 14:38:27 | TRACE   | query_time, 0.0013131722807884216
2024-05-16 14:38:27 | TRACE   | query_time, 0.001342281699180603
2024-05-16 14:38:27 | TRACE   | query_time, 0.0014169029891490936
2024-05-16 14:38:27 | TRACE   | query_time, 0.0013076402246952057
2024-05-16 14:38:27 | TRACE   | query_time, 0.0013198964297771454
2024-05-16 14:38:27 | TRACE   | query_time, 0.001428108662366867
2024-05-16 14:38:27 | TRACE   | query_time, 0.0013409256935119629
2024-05-16 14:38:27 | TRACE   | query_time, 0.0013941526412963867
2024-05-16 14:38:27 | TRACE   | query_time, 0.0014080367982387543
2024-05-16 14:38:27 | TRACE   | query_time, 0.0012916475534439087
2024-05-16 14:38:27 | TRACE   | query_time, 0.0014232173562049866
2024-05-16 14:38:27 | TRACE   | query_time, 0.0016138441860675812
2024-05-16 14:38:27 | TRACE   | query_time, 0.0012334398925304413
2024-05-16 14:38:27 | TRACE   | query_time, 0.0013070441782474518
2024-05-16 14:38:27 | TRACE   | query_time, 0.0014344826340675354
2024-05-16 14:38:27 | TRACE   | query_time, 0.0013804733753204346
2024-05-16 14:38:27 | TRACE   | query_time, 0.0013065151870250702
2024-05-16 14:38:27 | TRACE   | query_time, 0.0014007911086082458
2024-05-16 14:38:27 | TRACE   | query_time, 0.0015703216195106506
2024-05-16 14:38:27 | TRACE   | query_time, 0.0012727156281471252
2024-05-16 14:38:27 | TRACE   | query_time, 0.001275617629289627
2024-05-16 14:38:27 | TRACE   | query_time, 0.0012118667364120483
2024-05-16 14:38:27 | TRACE   | query_time, 0.0013196542859077454
2024-05-16 14:38:27 | TRACE   | query_time, 0.0013859234750270844
2024-05-16 14:38:27 | TRACE   | query_time, 0.0012876428663730621
2024-05-16 14:38:27 | TRACE   | query_time, 0.001382879912853241
2024-05-16 14:38:27 | TRACE   | query_time, 0.0013986900448799133
2024-05-16 14:38:27 | TRACE   | query_time, 0.001294892281293869
2024-05-16 14:38:27 | TRACE   | query_time, 0.0014353059232234955
2024-05-16 14:38:27 | TRACE   | query_time, 0.0015876144170761108
2024-05-16 14:38:27 | TRACE   | query_time, 0.002772834151983261
2024-05-16 14:38:27 | TRACE   | query_time, 0.0012482479214668274
2024-05-16 14:38:27 | TRACE   | query_time, 0.0013587512075901031
2024-05-16 14:38:27 | TRACE   | query_time, 0.001413092017173767
2024-05-16 14:38:27 | TRACE   | query_time, 0.0012642890214920044
2024-05-16 14:38:27 | TRACE   | query_time, 0.0014302432537078857
2024-05-16 14:38:27 | TRACE   | query_time, 0.001296207308769226
2024-05-16 14:38:27 | TRACE   | query_time, 0.0013678483664989471
2024-05-16 14:38:27 | TRACE   | query_time, 0.001262512058019638
2024-05-16 14:38:27 | TRACE   | query_time, 0.0013733282685279846
2024-05-16 14:38:27 | TRACE   | query_time, 0.001288093626499176
2024-05-16 14:38:27 | TRACE   | query_time, 0.0014360547065734863
2024-05-16 14:38:27 | TRACE   | query_time, 0.001279495656490326
2024-05-16 14:38:27 | TRACE   | query_time, 0.0012817010283470154
2024-05-16 14:38:27 | TRACE   | query_time, 0.001277633011341095
2024-05-16 14:38:27 | TRACE   | query_time, 0.0013451315462589264
2024-05-16 14:38:27 | TRACE   | query_time, 0.0012779608368873596
2024-05-16 14:38:27 | TRACE   | query_time, 0.0012706033885478973
2024-05-16 14:38:27 | TRACE   | query_time, 0.0013943463563919067
2024-05-16 14:38:27 | TRACE   | query_time, 0.0011843778192996979
2024-05-16 14:38:27 | TRACE   | query_time, 0.001342684030532837
2024-05-16 14:38:27 | TRACE   | query_time, 0.0013979487121105194
2024-05-16 14:38:27 | TRACE   | query_time, 0.0012420639395713806
2024-05-16 14:38:27 | TRACE   | query_time, 0.0013585425913333893
2024-05-16 14:38:27 | TRACE   | query_time, 0.0026936009526252747
2024-05-16 14:38:27 | TRACE   | query_time, 0.0012333840131759644
2024-05-16 14:38:27 | TRACE   | query_time, 0.0012713037431240082
2024-05-16 14:38:27 | TRACE   | query_time, 0.0012294240295886993
2024-05-16 14:38:27 | TRACE   | query_time, 0.0012531839311122894
2024-05-16 14:38:27 | TRACE   | query_time, 0.001230292022228241
2024-05-16 14:38:27 | TRACE   | query_time, 0.0013207271695137024
2024-05-16 14:38:27 | TRACE   | query_time, 0.0015134066343307495
2024-05-16 14:38:27 | TRACE   | query_time, 0.0012356005609035492
2024-05-16 14:38:27 | TRACE   | query_time, 0.0012513063848018646
2024-05-16 14:38:27 | TRACE   | query_time, 0.0012573599815368652
2024-05-16 14:38:27 | TRACE   | query_time, 0.0013626590371131897
2024-05-16 14:38:27 | TRACE   | query_time, 0.0012279525399208069
2024-05-16 14:38:27 | TRACE   | query_time, 0.001254204660654068
2024-05-16 14:38:27 | TRACE   | query_time, 0.0012138262391090393
2024-05-16 14:38:27 | TRACE   | query_time, 0.0015276037156581879
2024-05-16 14:38:27 | TRACE   | query_time, 0.0012477189302444458
2024-05-16 14:38:27 | TRACE   | query_time, 0.0012791045010089874
2024-05-16 14:38:27 | TRACE   | query_time, 0.0013683699071407318
2024-05-16 14:38:27 | TRACE   | query_time, 0.0012568831443786621
2024-05-16 14:38:27 | TRACE   | query_time, 0.0011878497898578644
2024-05-16 14:38:27 | TRACE   | query_time, 0.0013174936175346375
2024-05-16 14:38:27 | TRACE   | query_time, 0.0011588819324970245
2024-05-16 14:38:27 | TRACE   | query_time, 0.0012348517775535583
2024-05-16 14:38:27 | TRACE   | query_time, 0.0013340972363948822
2024-05-16 14:38:27 | TRACE   | query_time, 0.0012374594807624817
2024-05-16 14:38:27 | TRACE   | query_time, 0.0013345405459403992
2024-05-16 14:38:27 | TRACE   | query_time, 0.002620179206132889
2024-05-16 14:38:27 | TRACE   | query_time, 0.0013212338089942932
2024-05-16 14:38:27 | TRACE   | query_time, 0.001305069774389267
2024-05-16 14:38:27 | TRACE   | query_time, 0.001153741031885147
2024-05-16 14:38:27 | TRACE   | query_time, 0.0011512041091918945
2024-05-16 14:38:27 | TRACE   | query_time, 0.0012973286211490631
2024-05-16 14:38:27 | TRACE   | query_time, 0.0012077055871486664
2024-05-16 14:38:27 | TRACE   | query_time, 0.001477409154176712
2024-05-16 14:38:27 | TRACE   | query_time, 0.0011855363845825195
2024-05-16 14:38:27 | TRACE   | query_time, 0.0012145526707172394
2024-05-16 14:38:27 | TRACE   | query_time, 0.0015035942196846008
2024-05-16 14:38:27 | TRACE   | query_time, 0.001307554543018341
2024-05-16 14:38:27 | TRACE   | query_time, 0.002499084919691086
2024-05-16 14:38:27 | TRACE   | query_time, 0.0022723227739334106
2024-05-16 14:38:27 | TRACE   | query_time, 0.0021914057433605194
2024-05-16 14:38:28 | TRACE   | query_time, 0.0025005191564559937
2024-05-16 14:38:28 | TRACE   | query_time, 0.002421800047159195
2024-05-16 14:38:28 | TRACE   | query_time, 0.0024822279810905457
2024-05-16 14:38:28 | TRACE   | query_time, 0.002454809844493866
2024-05-16 14:38:28 | TRACE   | query_time, 0.00218779593706131
2024-05-16 14:38:28 | TRACE   | query_time, 0.002476833760738373
2024-05-16 14:38:28 | TRACE   | query_time, 0.002482891082763672
2024-05-16 14:38:28 | TRACE   | query_time, 0.0023722387850284576
2024-05-16 14:38:28 | TRACE   | query_time, 0.00234154611825943
2024-05-16 14:38:28 | TRACE   | query_time, 0.001968957483768463
2024-05-16 14:38:28 | TRACE   | query_time, 0.0024090781807899475
2024-05-16 14:38:28 | TRACE   | query_time, 0.0023593902587890625
2024-05-16 14:38:28 | TRACE   | query_time, 0.0023240819573402405
2024-05-16 14:38:28 | TRACE   | query_time, 0.002149399369955063
2024-05-16 14:38:28 | TRACE   | query_time, 0.002451486885547638
2024-05-16 14:38:28 | TRACE   | query_time, 0.0023514367640018463
2024-05-16 14:38:28 | TRACE   | query_time, 0.002327878028154373
2024-05-16 14:38:28 | TRACE   | query_time, 0.0023141242563724518
2024-05-16 14:38:28 | TRACE   | query_time, 0.0021798312664031982
2024-05-16 14:38:28 | TRACE   | query_time, 0.002233985811471939
2024-05-16 14:38:28 | TRACE   | query_time, 0.0024305544793605804
2024-05-16 14:38:28 | TRACE   | query_time, 0.002288099378347397
2024-05-16 14:38:28 | TRACE   | query_time, 0.0018870234489440918
2024-05-16 14:38:28 | TRACE   | query_time, 0.0023664087057113647
2024-05-16 14:38:28 | TRACE   | query_time, 0.0019097775220870972
2024-05-16 14:38:28 | TRACE   | query_time, 0.002343852072954178
2024-05-16 14:38:28 | TRACE   | query_time, 0.0022899359464645386
2024-05-16 14:38:28 | TRACE   | query_time, 0.0022874996066093445
2024-05-16 14:38:28 | TRACE   | query_time, 0.002151399850845337
2024-05-16 14:38:28 | TRACE   | query_time, 0.002204839140176773
2024-05-16 14:38:28 | TRACE   | query_time, 0.0023292861878871918
2024-05-16 14:38:28 | TRACE   | query_time, 0.002159424126148224
2024-05-16 14:38:28 | TRACE   | query_time, 0.00209016352891922
2024-05-16 14:38:28 | TRACE   | query_time, 0.0021530166268348694
2024-05-16 14:38:28 | TRACE   | query_time, 0.0023985467851161957
2024-05-16 14:38:28 | TRACE   | query_time, 0.0020926743745803833
2024-05-16 14:38:28 | TRACE   | query_time, 0.0020678862929344177
2024-05-16 14:38:28 | TRACE   | query_time, 0.00239374116063118
2024-05-16 14:38:28 | TRACE   | query_time, 0.0023324191570281982
2024-05-16 14:38:28 | TRACE   | query_time, 0.002382926642894745
2024-05-16 14:38:28 | TRACE   | query_time, 0.002267986536026001
2024-05-16 14:38:28 | TRACE   | query_time, 0.0004562847316265106
2024-05-16 14:38:28 | TRACE   | query_time, 0.002332523465156555
2024-05-16 14:38:28 | TRACE   | query_time, 0.0022964775562286377
2024-05-16 14:38:28 | TRACE   | query_time, 0.002242494374513626
2024-05-16 14:38:28 | TRACE   | query_time, 0.002352353185415268
2024-05-16 14:38:28 | TRACE   | query_time, 0.0023023895919322968
2024-05-16 14:38:28 | TRACE   | query_time, 0.0021418295800685883
2024-05-16 14:38:28 | TRACE   | query_time, 0.002330813556909561
2024-05-16 14:38:28 | TRACE   | query_time, 0.002264872193336487
2024-05-16 14:38:28 | TRACE   | query_time, 0.0021044909954071045
2024-05-16 14:38:28 | TRACE   | query_time, 0.001869652420282364
2024-05-16 14:38:28 | TRACE   | query_time, 0.002240534871816635
2024-05-16 14:38:28 | TRACE   | query_time, 0.0021757520735263824
2024-05-16 14:38:28 | TRACE   | query_time, 0.0021748878061771393
2024-05-16 14:38:28 | TRACE   | query_time, 0.002242743968963623
2024-05-16 14:38:28 | TRACE   | query_time, 0.0021467283368110657
2024-05-16 14:38:28 | TRACE   | query_time, 0.002117954194545746
2024-05-16 14:38:28 | TRACE   | query_time, 0.002168610692024231
2024-05-16 14:38:28 | TRACE   | query_time, 0.0021555274724960327
2024-05-16 14:38:28 | TRACE   | query_time, 0.002124655991792679
2024-05-16 14:38:28 | TRACE   | query_time, 0.0021842122077941895
2024-05-16 14:38:28 | TRACE   | query_time, 0.0022506043314933777
2024-05-16 14:38:28 | TRACE   | query_time, 0.0021235160529613495
2024-05-16 14:38:28 | TRACE   | query_time, 0.0021204762160778046
2024-05-16 14:38:28 | TRACE   | query_time, 0.002124447375535965
2024-05-16 14:38:28 | TRACE   | query_time, 0.002196110785007477
2024-05-16 14:38:28 | TRACE   | query_time, 0.002232622355222702
2024-05-16 14:38:28 | TRACE   | query_time, 0.0022224336862564087
2024-05-16 14:38:28 | TRACE   | query_time, 0.0023419782519340515
2024-05-16 14:38:28 | TRACE   | query_time, 0.0018433593213558197
2024-05-16 14:38:28 | TRACE   | query_time, 0.002214711159467697
2024-05-16 14:38:28 | TRACE   | query_time, 0.0022372789680957794
2024-05-16 14:38:28 | TRACE   | query_time, 0.002110544592142105
2024-05-16 14:38:28 | TRACE   | query_time, 0.0022775493562221527
2024-05-16 14:38:28 | TRACE   | query_time, 0.002131924033164978
2024-05-16 14:38:28 | TRACE   | query_time, 0.0022254660725593567
2024-05-16 14:38:28 | TRACE   | query_time, 0.0022909119725227356
2024-05-16 14:38:28 | TRACE   | query_time, 0.0020992234349250793
2024-05-16 14:38:28 | TRACE   | query_time, 0.002184070646762848
2024-05-16 14:38:28 | TRACE   | query_time, 0.002350814640522003
2024-05-16 14:38:28 | TRACE   | query_time, 0.0020609572529792786
2024-05-16 14:38:28 | TRACE   | query_time, 0.002339456230401993
2024-05-16 14:38:28 | TRACE   | query_time, 0.0021799206733703613
2024-05-16 14:38:28 | TRACE   | query_time, 0.0023479685187339783
2024-05-16 14:38:28 | TRACE   | query_time, 0.0020803622901439667
2024-05-16 14:38:28 | TRACE   | query_time, 0.0020716004073619843
2024-05-16 14:38:28 | TRACE   | query_time, 0.0020742081105709076
2024-05-16 14:38:28 | TRACE   | query_time, 0.00042938441038131714
2024-05-16 14:38:28 | TRACE   | query_time, 0.0023372694849967957
2024-05-16 14:38:28 | TRACE   | query_time, 0.0020356550812721252
2024-05-16 14:38:28 | TRACE   | query_time, 0.0021953657269477844
2024-05-16 14:38:28 | TRACE   | query_time, 0.0022757165133953094
2024-05-16 14:38:28 | TRACE   | query_time, 0.002098098397254944
2024-05-16 14:38:28 | TRACE   | query_time, 0.0022444352507591248
2024-05-16 14:38:28 | TRACE   | query_time, 0.0022093504667282104
