2024-05-16 14:37:25 | DEBUG   | {'input': PosixPath('data/sportstables/indices/runtime_benchmark/rebinning.zst'), 'input_type': 'index', 'queries': PosixPath('data/sportstables/queries/runtime_benchmark.zst'), 'estimation_mode': None, 'index_mode': 'recall', 'hist_filter': PosixPath('data/sportstables/filters/01.zst'), 'output': None, 'workers': None, 'frequency_hists': False, 'suppress_results': False, 'log_level': 'INFO', 'log_file': PosixPath('logs/runtime_benchmark/low_selectivity/sportstables-collection-rebinning-single-2.log')}
2024-05-16 14:37:25 | DEBUG   | Loading input data from data/sportstables/indices/runtime_benchmark/rebinning.zst
2024-05-16 14:37:26 | DEBUG   | Loading queries from data/sportstables/queries/runtime_benchmark.zst
2024-05-16 14:37:26 | DEBUG   | Loading histogram filter from data/sportstables/filters/01.zst
2024-05-16 14:37:26 | TRACE   | bootstrap_time, 0.18983381986618042
2024-05-16 14:37:26 | DEBUG   | Starting execution
2024-05-16 14:37:26 | TRACE   | query_time, 0.0003157518804073334
2024-05-16 14:37:26 | TRACE   | query_time, 0.0002248510718345642
2024-05-16 14:37:26 | TRACE   | query_time, 0.0001962222158908844
2024-05-16 14:37:26 | TRACE   | query_time, 0.0001647844910621643
2024-05-16 14:37:26 | TRACE   | query_time, 0.00016137585043907166
2024-05-16 14:37:26 | TRACE   | query_time, 0.00012370571494102478
2024-05-16 14:37:26 | TRACE   | query_time, 0.0001204274594783783
2024-05-16 14:37:26 | TRACE   | query_time, 0.00021766126155853271
2024-05-16 14:37:26 | TRACE   | query_time, 0.00016387179493904114
2024-05-16 14:37:26 | TRACE   | query_time, 0.00016021355986595154
2024-05-16 14:37:26 | TRACE   | query_time, 0.00019232183694839478
2024-05-16 14:37:26 | TRACE   | query_time, 0.00019259750843048096
2024-05-16 14:37:26 | TRACE   | query_time, 0.00015607476234436035
2024-05-16 14:37:26 | TRACE   | query_time, 0.00012442097067832947
2024-05-16 14:37:26 | TRACE   | query_time, 0.00019700080156326294
2024-05-16 14:37:26 | TRACE   | query_time, 0.00021950528025627136
2024-05-16 14:37:26 | TRACE   | query_time, 0.00019310042262077332
2024-05-16 14:37:26 | TRACE   | query_time, 0.00015968456864356995
2024-05-16 14:37:26 | TRACE   | query_time, 0.00019127875566482544
2024-05-16 14:37:26 | TRACE   | query_time, 0.00018962472677230835
2024-05-16 14:37:26 | TRACE   | query_time, 0.00018916651606559753
2024-05-16 14:37:26 | TRACE   | query_time, 0.00020013004541397095
2024-05-16 14:37:26 | TRACE   | query_time, 0.00016104057431221008
2024-05-16 14:37:26 | TRACE   | query_time, 0.00012615695595741272
2024-05-16 14:37:26 | TRACE   | query_time, 0.00012428313493728638
2024-05-16 14:37:26 | TRACE   | query_time, 0.00016266480088233948
2024-05-16 14:37:26 | TRACE   | query_time, 0.0001879185438156128
2024-05-16 14:37:26 | TRACE   | query_time, 0.00019774958491325378
2024-05-16 14:37:26 | TRACE   | query_time, 0.00019030272960662842
2024-05-16 14:37:26 | TRACE   | query_time, 0.00018946826457977295
2024-05-16 14:37:26 | TRACE   | query_time, 0.00016070902347564697
2024-05-16 14:37:26 | TRACE   | query_time, 0.00019278749823570251
2024-05-16 14:37:26 | TRACE   | query_time, 0.00018952786922454834
2024-05-16 14:37:26 | TRACE   | query_time, 0.00019002333283424377
2024-05-16 14:37:26 | TRACE   | query_time, 0.0001888573169708252
2024-05-16 14:37:26 | TRACE   | query_time, 0.0001914501190185547
2024-05-16 14:37:26 | TRACE   | query_time, 0.00018834322690963745
2024-05-16 14:37:26 | TRACE   | query_time, 0.0001895315945148468
2024-05-16 14:37:26 | TRACE   | query_time, 0.00019048526883125305
2024-05-16 14:37:26 | TRACE   | query_time, 0.00016570836305618286
2024-05-16 14:37:26 | TRACE   | query_time, 0.0001541711390018463
2024-05-16 14:37:26 | TRACE   | query_time, 0.00012943893671035767
2024-05-16 14:37:26 | TRACE   | query_time, 0.00012223049998283386
2024-05-16 14:37:26 | TRACE   | query_time, 0.00012040883302688599
2024-05-16 14:37:26 | TRACE   | query_time, 0.00020920485258102417
2024-05-16 14:37:26 | TRACE   | query_time, 0.00020736455917358398
2024-05-16 14:37:26 | TRACE   | query_time, 0.00018731877207756042
2024-05-16 14:37:26 | TRACE   | query_time, 0.00016300007700920105
2024-05-16 14:37:26 | TRACE   | query_time, 0.00020501762628555298
2024-05-16 14:37:26 | TRACE   | query_time, 0.00018797814846038818
2024-05-16 14:37:26 | TRACE   | query_time, 0.00018713995814323425
2024-05-16 14:37:26 | TRACE   | query_time, 0.00016357377171516418
2024-05-16 14:37:26 | TRACE   | query_time, 0.00018891319632530212
2024-05-16 14:37:26 | TRACE   | query_time, 0.00020381063222885132
2024-05-16 14:37:26 | TRACE   | query_time, 0.00018811970949172974
2024-05-16 14:37:26 | TRACE   | query_time, 0.00018916279077529907
2024-05-16 14:37:26 | TRACE   | query_time, 0.00015724822878837585
2024-05-16 14:37:26 | TRACE   | query_time, 0.0001192726194858551
2024-05-16 14:37:26 | TRACE   | query_time, 0.00014784559607505798
2024-05-16 14:37:26 | TRACE   | query_time, 0.00018736347556114197
2024-05-16 14:37:26 | TRACE   | query_time, 0.000162564218044281
2024-05-16 14:37:26 | TRACE   | query_time, 0.00018876418471336365
2024-05-16 14:37:26 | TRACE   | query_time, 0.00020217150449752808
2024-05-16 14:37:26 | TRACE   | query_time, 0.0002199113368988037
2024-05-16 14:37:26 | TRACE   | query_time, 0.0001992844045162201
2024-05-16 14:37:26 | TRACE   | query_time, 0.00016255304217338562
2024-05-16 14:37:26 | TRACE   | query_time, 0.00018697232007980347
2024-05-16 14:37:26 | TRACE   | query_time, 0.00019010528922080994
2024-05-16 14:37:26 | TRACE   | query_time, 0.00018716230988502502
2024-05-16 14:37:26 | TRACE   | query_time, 0.00019127503037452698
2024-05-16 14:37:26 | TRACE   | query_time, 0.00018716603517532349
2024-05-16 14:37:26 | TRACE   | query_time, 0.00021797791123390198
2024-05-16 14:37:26 | TRACE   | query_time, 0.00018750503659248352
2024-05-16 14:37:26 | TRACE   | query_time, 0.00018800050020217896
2024-05-16 14:37:26 | TRACE   | query_time, 0.00019096210598945618
2024-05-16 14:37:26 | TRACE   | query_time, 0.00012597069144248962
2024-05-16 14:37:26 | TRACE   | query_time, 0.00014948099851608276
2024-05-16 14:37:26 | TRACE   | query_time, 0.00018843263387680054
2024-05-16 14:37:26 | TRACE   | query_time, 0.00017281249165534973
2024-05-16 14:37:26 | TRACE   | query_time, 0.00019143521785736084
2024-05-16 14:37:26 | TRACE   | query_time, 0.00020145252346992493
2024-05-16 14:37:26 | TRACE   | query_time, 0.000188436359167099
2024-05-16 14:37:26 | TRACE   | query_time, 0.00018558651208877563
2024-05-16 14:37:26 | TRACE   | query_time, 0.00018889084458351135
2024-05-16 14:37:26 | TRACE   | query_time, 0.00018780305981636047
2024-05-16 14:37:26 | TRACE   | query_time, 0.00019463151693344116
2024-05-16 14:37:26 | TRACE   | query_time, 0.00018821656703948975
2024-05-16 14:37:26 | TRACE   | query_time, 0.00022355467081069946
2024-05-16 14:37:26 | TRACE   | query_time, 0.0001862943172454834
2024-05-16 14:37:26 | TRACE   | query_time, 0.00018713250756263733
2024-05-16 14:37:26 | TRACE   | query_time, 0.00012081488966941833
2024-05-16 14:37:26 | TRACE   | query_time, 0.00020745769143104553
2024-05-16 14:37:26 | TRACE   | query_time, 0.0002033710479736328
2024-05-16 14:37:26 | TRACE   | query_time, 0.00018572062253952026
2024-05-16 14:37:26 | TRACE   | query_time, 0.0002016127109527588
2024-05-16 14:37:26 | TRACE   | query_time, 0.000191468745470047
2024-05-16 14:37:26 | TRACE   | query_time, 0.000185307115316391
2024-05-16 14:37:26 | TRACE   | query_time, 0.00018593668937683105
2024-05-16 14:37:26 | TRACE   | query_time, 0.00018747150897979736
2024-05-16 14:37:26 | TRACE   | query_time, 0.0001868419349193573
2024-05-16 14:37:26 | TRACE   | query_time, 0.00019047781825065613
2024-05-16 14:37:26 | TRACE   | query_time, 0.0001871846616268158
2024-05-16 14:37:26 | TRACE   | query_time, 0.00018739700317382812
2024-05-16 14:37:26 | TRACE   | query_time, 0.00019146502017974854
2024-05-16 14:37:26 | TRACE   | query_time, 0.0002193748950958252
2024-05-16 14:37:26 | TRACE   | query_time, 0.00018837302923202515
2024-05-16 14:37:26 | TRACE   | query_time, 0.0002141892910003662
2024-05-16 14:37:26 | TRACE   | query_time, 0.00018908828496932983
2024-05-16 14:37:26 | TRACE   | query_time, 0.00018918141722679138
2024-05-16 14:37:26 | TRACE   | query_time, 0.0001891516149044037
2024-05-16 14:37:26 | TRACE   | query_time, 0.00017310678958892822
2024-05-16 14:37:26 | TRACE   | query_time, 0.0001976601779460907
2024-05-16 14:37:26 | TRACE   | query_time, 0.0001633279025554657
2024-05-16 14:37:26 | TRACE   | query_time, 0.00019139423966407776
2024-05-16 14:37:26 | TRACE   | query_time, 0.00018839910626411438
2024-05-16 14:37:26 | TRACE   | query_time, 0.0001875162124633789
2024-05-16 14:37:26 | TRACE   | query_time, 0.00021975859999656677
2024-05-16 14:37:26 | TRACE   | query_time, 0.00018578395247459412
2024-05-16 14:37:26 | TRACE   | query_time, 0.00018678605556488037
2024-05-16 14:37:26 | TRACE   | query_time, 0.00012443587183952332
2024-05-16 14:37:26 | TRACE   | query_time, 0.0001594163477420807
2024-05-16 14:37:26 | TRACE   | query_time, 0.00018183887004852295
2024-05-16 14:37:26 | TRACE   | query_time, 0.0002056024968624115
2024-05-16 14:37:26 | TRACE   | query_time, 0.00018774718046188354
2024-05-16 14:37:26 | TRACE   | query_time, 0.0002187378704547882
2024-05-16 14:37:26 | TRACE   | query_time, 0.00021662935614585876
2024-05-16 14:37:26 | TRACE   | query_time, 0.00020927190780639648
2024-05-16 14:37:26 | TRACE   | query_time, 0.00019369646906852722
2024-05-16 14:37:26 | TRACE   | query_time, 0.00016918405890464783
2024-05-16 14:37:26 | TRACE   | query_time, 0.00018808990716934204
2024-05-16 14:37:26 | TRACE   | query_time, 0.0002178102731704712
2024-05-16 14:37:26 | TRACE   | query_time, 0.00021851062774658203
2024-05-16 14:37:26 | TRACE   | query_time, 0.00018809735774993896
2024-05-16 14:37:26 | TRACE   | query_time, 0.00018805265426635742
2024-05-16 14:37:26 | TRACE   | query_time, 0.00018860772252082825
2024-05-16 14:37:26 | TRACE   | query_time, 0.00020369887351989746
2024-05-16 14:37:26 | TRACE   | query_time, 0.00022113323211669922
2024-05-16 14:37:26 | TRACE   | query_time, 0.00018824636936187744
2024-05-16 14:37:26 | TRACE   | query_time, 0.00019116327166557312
2024-05-16 14:37:26 | TRACE   | query_time, 0.00019319728016853333
2024-05-16 14:37:26 | TRACE   | query_time, 0.0001891404390335083
2024-05-16 14:37:26 | TRACE   | query_time, 0.00020381808280944824
2024-05-16 14:37:26 | TRACE   | query_time, 0.00012456253170967102
2024-05-16 14:37:26 | TRACE   | query_time, 0.00021412596106529236
2024-05-16 14:37:26 | TRACE   | query_time, 0.00021658465266227722
2024-05-16 14:37:26 | TRACE   | query_time, 0.0001910589635372162
2024-05-16 14:37:26 | TRACE   | query_time, 0.00015852227807044983
2024-05-16 14:37:26 | TRACE   | query_time, 0.00021666660904884338
2024-05-16 14:37:26 | TRACE   | query_time, 0.00021700188517570496
2024-05-16 14:37:26 | TRACE   | query_time, 0.0002013184130191803
2024-05-16 14:37:26 | TRACE   | query_time, 0.00018615275621414185
2024-05-16 14:37:26 | TRACE   | query_time, 0.0001897662878036499
2024-05-16 14:37:26 | TRACE   | query_time, 0.000219736248254776
2024-05-16 14:37:26 | TRACE   | query_time, 0.00019256025552749634
2024-05-16 14:37:26 | TRACE   | query_time, 0.00021713972091674805
2024-05-16 14:37:26 | TRACE   | query_time, 0.00018913671374320984
2024-05-16 14:37:26 | TRACE   | query_time, 0.0001892969012260437
2024-05-16 14:37:26 | TRACE   | query_time, 0.00021768733859062195
2024-05-16 14:37:26 | TRACE   | query_time, 0.00018799304962158203
2024-05-16 14:37:26 | TRACE   | query_time, 0.0001891590654850006
2024-05-16 14:37:26 | TRACE   | query_time, 0.000223647803068161
2024-05-16 14:37:26 | TRACE   | query_time, 0.00021673738956451416
2024-05-16 14:37:26 | TRACE   | query_time, 0.00019053369760513306
2024-05-16 14:37:26 | TRACE   | query_time, 0.00021750479936599731
2024-05-16 14:37:26 | TRACE   | query_time, 0.00020249560475349426
2024-05-16 14:37:26 | TRACE   | query_time, 0.00012151896953582764
2024-05-16 14:37:26 | TRACE   | query_time, 0.00012155994772911072
2024-05-16 14:37:26 | TRACE   | query_time, 0.00020594522356987
2024-05-16 14:37:26 | TRACE   | query_time, 0.00016056373715400696
2024-05-16 14:37:26 | TRACE   | query_time, 0.0001955069601535797
2024-05-16 14:37:26 | TRACE   | query_time, 0.000193815678358078
2024-05-16 14:37:26 | TRACE   | query_time, 0.00016349181532859802
2024-05-16 14:37:26 | TRACE   | query_time, 0.00019017234444618225
2024-05-16 14:37:26 | TRACE   | query_time, 0.0002171248197555542
2024-05-16 14:37:26 | TRACE   | query_time, 0.0001887306571006775
2024-05-16 14:37:26 | TRACE   | query_time, 0.00018848106265068054
2024-05-16 14:37:26 | TRACE   | query_time, 0.00021825358271598816
2024-05-16 14:37:26 | TRACE   | query_time, 0.00018863379955291748
2024-05-16 14:37:26 | TRACE   | query_time, 0.00018770992755889893
2024-05-16 14:37:26 | TRACE   | query_time, 0.0001945197582244873
2024-05-16 14:37:26 | TRACE   | query_time, 0.0002185627818107605
2024-05-16 14:37:26 | TRACE   | query_time, 0.00015964359045028687
2024-05-16 14:37:26 | TRACE   | query_time, 0.00015371665358543396
2024-05-16 14:37:26 | TRACE   | query_time, 0.00012353435158729553
2024-05-16 14:37:26 | TRACE   | query_time, 0.00022538751363754272
2024-05-16 14:37:26 | TRACE   | query_time, 0.00020240247249603271
2024-05-16 14:37:26 | TRACE   | query_time, 0.00015766918659210205
2024-05-16 14:37:26 | TRACE   | query_time, 0.00018654391169548035
2024-05-16 14:37:26 | TRACE   | query_time, 0.0001904107630252838
2024-05-16 14:37:26 | TRACE   | query_time, 0.00016352161765098572
2024-05-16 14:37:26 | TRACE   | query_time, 0.00021664798259735107
2024-05-16 14:37:26 | TRACE   | query_time, 0.00018766894936561584
2024-05-16 14:37:26 | TRACE   | query_time, 0.00021791085600852966
2024-05-16 14:37:26 | TRACE   | query_time, 0.00018789246678352356
2024-05-16 14:37:26 | TRACE   | query_time, 0.00019019842147827148
2024-05-16 14:37:26 | TRACE   | query_time, 0.00018675252795219421
2024-05-16 14:37:26 | TRACE   | query_time, 0.00016582384705543518
2024-05-16 14:37:26 | TRACE   | query_time, 0.00012199953198432922
2024-05-16 14:37:26 | TRACE   | query_time, 0.00018837302923202515
2024-05-16 14:37:26 | TRACE   | query_time, 0.00018691271543502808
2024-05-16 14:37:26 | TRACE   | query_time, 0.00015808269381523132
2024-05-16 14:37:26 | TRACE   | query_time, 0.0002021193504333496
2024-05-16 14:37:26 | TRACE   | query_time, 0.00021705403923988342
2024-05-16 14:37:26 | TRACE   | query_time, 0.00018976256251335144
2024-05-16 14:37:26 | TRACE   | query_time, 0.0001867040991783142
2024-05-16 14:37:26 | TRACE   | query_time, 0.00025014206767082214
2024-05-16 14:37:26 | TRACE   | query_time, 0.00018752366304397583
2024-05-16 14:37:26 | TRACE   | query_time, 0.00020271539688110352
2024-05-16 14:37:26 | TRACE   | query_time, 0.00021733343601226807
2024-05-16 14:37:26 | TRACE   | query_time, 0.00021864846348762512
2024-05-16 14:37:26 | TRACE   | query_time, 0.0002463124692440033
2024-05-16 14:37:26 | TRACE   | query_time, 0.00018949061632156372
2024-05-16 14:37:26 | TRACE   | query_time, 0.00019390881061553955
2024-05-16 14:37:26 | TRACE   | query_time, 0.00024960190057754517
2024-05-16 14:37:26 | TRACE   | query_time, 0.00016055256128311157
2024-05-16 14:37:26 | TRACE   | query_time, 0.00012221187353134155
2024-05-16 14:37:26 | TRACE   | query_time, 0.00020945444703102112
2024-05-16 14:37:26 | TRACE   | query_time, 0.00019086897373199463
2024-05-16 14:37:26 | TRACE   | query_time, 0.00020368024706840515
2024-05-16 14:37:26 | TRACE   | query_time, 0.00018732622265815735
2024-05-16 14:37:26 | TRACE   | query_time, 0.0002158135175704956
2024-05-16 14:37:26 | TRACE   | query_time, 0.000215139240026474
2024-05-16 14:37:26 | TRACE   | query_time, 0.0001888275146484375
2024-05-16 14:37:26 | TRACE   | query_time, 0.00019257515668869019
2024-05-16 14:37:26 | TRACE   | query_time, 0.00024409592151641846
2024-05-16 14:37:26 | TRACE   | query_time, 0.00018813833594322205
2024-05-16 14:37:26 | TRACE   | query_time, 0.00019352883100509644
2024-05-16 14:37:26 | TRACE   | query_time, 0.00024526193737983704
2024-05-16 14:37:26 | TRACE   | query_time, 0.0002181902527809143
2024-05-16 14:37:26 | TRACE   | query_time, 0.00018840283155441284
2024-05-16 14:37:26 | TRACE   | query_time, 0.0001521855592727661
2024-05-16 14:37:26 | TRACE   | query_time, 0.00012244656682014465
2024-05-16 14:37:26 | TRACE   | query_time, 0.00022274628281593323
2024-05-16 14:37:26 | TRACE   | query_time, 0.00016422197222709656
2024-05-16 14:37:26 | TRACE   | query_time, 0.000162418931722641
2024-05-16 14:37:26 | TRACE   | query_time, 0.00019165873527526855
2024-05-16 14:37:26 | TRACE   | query_time, 0.0001597292721271515
2024-05-16 14:37:26 | TRACE   | query_time, 0.0002598986029624939
2024-05-16 14:37:26 | TRACE   | query_time, 0.00021594762802124023
2024-05-16 14:37:26 | TRACE   | query_time, 0.0002157054841518402
2024-05-16 14:37:26 | TRACE   | query_time, 0.00020317360758781433
2024-05-16 14:37:26 | TRACE   | query_time, 0.0001894831657409668
2024-05-16 14:37:26 | TRACE   | query_time, 0.00021791458129882812
2024-05-16 14:37:26 | TRACE   | query_time, 0.00018722936511039734
2024-05-16 14:37:26 | TRACE   | query_time, 0.0002427622675895691
2024-05-16 14:37:26 | TRACE   | query_time, 0.0001917034387588501
2024-05-16 14:37:26 | TRACE   | query_time, 0.0002013370394706726
2024-05-16 14:37:26 | TRACE   | query_time, 0.0001528039574623108
2024-05-16 14:37:26 | TRACE   | query_time, 0.0001929253339767456
2024-05-16 14:37:26 | TRACE   | query_time, 0.00016313418745994568
2024-05-16 14:37:26 | TRACE   | query_time, 0.00017303228378295898
2024-05-16 14:37:26 | TRACE   | query_time, 0.00021727383136749268
2024-05-16 14:37:26 | TRACE   | query_time, 0.00018755346536636353
2024-05-16 14:37:26 | TRACE   | query_time, 0.0001882016658782959
2024-05-16 14:37:26 | TRACE   | query_time, 0.00022380799055099487
2024-05-16 14:37:26 | TRACE   | query_time, 0.00018630549311637878
2024-05-16 14:37:26 | TRACE   | query_time, 0.00015983730554580688
2024-05-16 14:37:26 | TRACE   | query_time, 0.0002827085554599762
2024-05-16 14:37:26 | TRACE   | query_time, 0.00018830597400665283
2024-05-16 14:37:26 | TRACE   | query_time, 0.00018640980124473572
2024-05-16 14:37:26 | TRACE   | query_time, 0.0002166368067264557
2024-05-16 14:37:26 | TRACE   | query_time, 0.00018890202045440674
2024-05-16 14:37:26 | TRACE   | query_time, 0.0001877918839454651
2024-05-16 14:37:26 | TRACE   | query_time, 0.0001885928213596344
2024-05-16 14:37:26 | TRACE   | query_time, 0.00022552534937858582
2024-05-16 14:37:26 | TRACE   | query_time, 0.0001215226948261261
2024-05-16 14:37:26 | TRACE   | query_time, 0.0001886896789073944
2024-05-16 14:37:26 | TRACE   | query_time, 0.0001593269407749176
2024-05-16 14:37:26 | TRACE   | query_time, 0.00019324570894241333
2024-05-16 14:37:26 | TRACE   | query_time, 0.0001735687255859375
2024-05-16 14:37:26 | TRACE   | query_time, 0.00018690899014472961
2024-05-16 14:37:26 | TRACE   | query_time, 0.00018763914704322815
2024-05-16 14:37:26 | TRACE   | query_time, 0.00018808990716934204
2024-05-16 14:37:26 | TRACE   | query_time, 0.00019314885139465332
2024-05-16 14:37:26 | TRACE   | query_time, 0.0001881048083305359
2024-05-16 14:37:26 | TRACE   | query_time, 0.0002165660262107849
2024-05-16 14:37:26 | TRACE   | query_time, 0.0002167820930480957
2024-05-16 14:37:26 | TRACE   | query_time, 0.00021483749151229858
2024-05-16 14:37:26 | TRACE   | query_time, 0.00021630898118019104
2024-05-16 14:37:26 | TRACE   | query_time, 0.00018931180238723755
2024-05-16 14:37:26 | TRACE   | query_time, 0.00021620839834213257
2024-05-16 14:37:26 | TRACE   | query_time, 0.0001536644995212555
2024-05-16 14:37:26 | TRACE   | query_time, 0.0002028830349445343
2024-05-16 14:37:26 | TRACE   | query_time, 0.00021681934595108032
2024-05-16 14:37:26 | TRACE   | query_time, 0.0002020411193370819
2024-05-16 14:37:26 | TRACE   | query_time, 0.00018903985619544983
2024-05-16 14:37:26 | TRACE   | query_time, 0.0001879855990409851
2024-05-16 14:37:26 | TRACE   | query_time, 0.00018607452511787415
2024-05-16 14:37:26 | TRACE   | query_time, 0.00025935471057891846
2024-05-16 14:37:26 | TRACE   | query_time, 0.00018716230988502502
2024-05-16 14:37:26 | TRACE   | query_time, 0.0001920647919178009
2024-05-16 14:37:26 | TRACE   | query_time, 0.0001883096992969513
2024-05-16 14:37:26 | TRACE   | query_time, 0.00024296343326568604
2024-05-16 14:37:26 | TRACE   | query_time, 0.0001877918839454651
2024-05-16 14:37:26 | TRACE   | query_time, 0.00018666312098503113
2024-05-16 14:37:26 | TRACE   | query_time, 0.00021161511540412903
2024-05-16 14:37:26 | TRACE   | query_time, 0.00021494552493095398
2024-05-16 14:37:26 | TRACE   | query_time, 0.0002189725637435913
2024-05-16 14:37:26 | TRACE   | query_time, 0.00022347643971443176
2024-05-16 14:37:26 | TRACE   | query_time, 0.0002465769648551941
2024-05-16 14:37:26 | TRACE   | query_time, 0.0001929551362991333
2024-05-16 14:37:26 | TRACE   | query_time, 0.00021800771355628967
2024-05-16 14:37:26 | TRACE   | query_time, 0.00018789619207382202
2024-05-16 14:37:26 | TRACE   | query_time, 0.00021511316299438477
2024-05-16 14:37:26 | TRACE   | query_time, 0.00020166859030723572
2024-05-16 14:37:26 | TRACE   | query_time, 0.000264778733253479
2024-05-16 14:37:26 | TRACE   | query_time, 0.00015787407755851746
2024-05-16 14:37:26 | TRACE   | query_time, 0.0001236461102962494
2024-05-16 14:37:26 | TRACE   | query_time, 0.00015076994895935059
2024-05-16 14:37:26 | TRACE   | query_time, 0.00019016116857528687
2024-05-16 14:37:26 | TRACE   | query_time, 0.00015802308917045593
2024-05-16 14:37:26 | TRACE   | query_time, 0.00018753483891487122
2024-05-16 14:37:26 | TRACE   | query_time, 0.0001741349697113037
2024-05-16 14:37:26 | TRACE   | query_time, 0.00021435320377349854
2024-05-16 14:37:26 | TRACE   | query_time, 0.0002624019980430603
2024-05-16 14:37:26 | TRACE   | query_time, 0.00019508600234985352
2024-05-16 14:37:26 | TRACE   | query_time, 0.00027065351605415344
2024-05-16 14:37:26 | TRACE   | query_time, 0.00024300813674926758
2024-05-16 14:37:26 | TRACE   | query_time, 0.0001880154013633728
2024-05-16 14:37:26 | TRACE   | query_time, 0.00018663331866264343
2024-05-16 14:37:26 | TRACE   | query_time, 0.00021595880389213562
2024-05-16 14:37:26 | TRACE   | query_time, 0.00020252540707588196
2024-05-16 14:37:26 | TRACE   | query_time, 0.000295344740152359
2024-05-16 14:37:26 | TRACE   | query_time, 0.00021995976567268372
2024-05-16 14:37:26 | TRACE   | query_time, 0.00024606287479400635
2024-05-16 14:37:26 | TRACE   | query_time, 0.00018811970949172974
2024-05-16 14:37:26 | TRACE   | query_time, 0.0001894049346446991
2024-05-16 14:37:26 | TRACE   | query_time, 0.00021454691886901855
2024-05-16 14:37:26 | TRACE   | query_time, 0.00022008270025253296
2024-05-16 14:37:26 | TRACE   | query_time, 0.00012529641389846802
2024-05-16 14:37:26 | TRACE   | query_time, 0.00012324005365371704
2024-05-16 14:37:26 | TRACE   | query_time, 0.0001223944127559662
2024-05-16 14:37:26 | TRACE   | query_time, 0.00021355599164962769
2024-05-16 14:37:26 | TRACE   | query_time, 0.00019383057951927185
2024-05-16 14:37:26 | TRACE   | query_time, 0.0007616989314556122
2024-05-16 14:37:26 | TRACE   | query_time, 0.0003466382622718811
2024-05-16 14:37:26 | TRACE   | query_time, 0.0002201572060585022
2024-05-16 14:37:26 | TRACE   | query_time, 0.00037747249007225037
2024-05-16 14:37:26 | TRACE   | query_time, 0.00019202753901481628
2024-05-16 14:37:26 | TRACE   | query_time, 0.00018861517310142517
2024-05-16 14:37:26 | TRACE   | query_time, 0.00018828362226486206
2024-05-16 14:37:26 | TRACE   | query_time, 0.00021915510296821594
2024-05-16 14:37:26 | TRACE   | query_time, 0.000187557190656662
2024-05-16 14:37:26 | TRACE   | query_time, 0.0002185031771659851
2024-05-16 14:37:26 | TRACE   | query_time, 0.00021866708993911743
2024-05-16 14:37:26 | TRACE   | query_time, 0.0003273002803325653
2024-05-16 14:37:26 | TRACE   | query_time, 0.0003124810755252838
2024-05-16 14:37:26 | TRACE   | query_time, 0.00018687918782234192
2024-05-16 14:37:26 | TRACE   | query_time, 0.0006068497896194458
2024-05-16 14:37:26 | TRACE   | query_time, 0.0007131956517696381
2024-05-16 14:37:26 | TRACE   | query_time, 0.0004421062767505646
2024-05-16 14:37:26 | TRACE   | query_time, 0.0004408210515975952
2024-05-16 14:37:26 | TRACE   | query_time, 0.0006550326943397522
2024-05-16 14:37:26 | TRACE   | query_time, 0.0005167648196220398
2024-05-16 14:37:26 | TRACE   | query_time, 0.0002692081034183502
2024-05-16 14:37:26 | TRACE   | query_time, 0.000218220055103302
2024-05-16 14:37:26 | TRACE   | query_time, 0.0005193240940570831
2024-05-16 14:37:26 | TRACE   | query_time, 0.00022325292229652405
2024-05-16 14:37:26 | TRACE   | query_time, 0.00021992996335029602
2024-05-16 14:37:26 | TRACE   | query_time, 0.0002920515835285187
2024-05-16 14:37:26 | TRACE   | query_time, 0.0002170279622077942
2024-05-16 14:37:26 | TRACE   | query_time, 0.0003229491412639618
2024-05-16 14:37:26 | TRACE   | query_time, 0.00022326409816741943
2024-05-16 14:37:26 | TRACE   | query_time, 0.0002234429121017456
2024-05-16 14:37:26 | TRACE   | query_time, 0.0002175755798816681
2024-05-16 14:37:26 | TRACE   | query_time, 0.0005879700183868408
2024-05-16 14:37:26 | TRACE   | query_time, 0.00043445080518722534
2024-05-16 14:37:26 | TRACE   | query_time, 0.00041481852531433105
2024-05-16 14:37:26 | TRACE   | query_time, 0.00039884448051452637
2024-05-16 14:37:26 | TRACE   | query_time, 0.00026454031467437744
2024-05-16 14:37:26 | TRACE   | query_time, 0.00021846219897270203
2024-05-16 14:37:26 | TRACE   | query_time, 0.00021624192595481873
2024-05-16 14:37:26 | TRACE   | query_time, 0.0002163723111152649
2024-05-16 14:37:26 | TRACE   | query_time, 0.00035531818866729736
2024-05-16 14:37:26 | TRACE   | query_time, 0.0003077946603298187
2024-05-16 14:37:26 | TRACE   | query_time, 0.0002027750015258789
2024-05-16 14:37:26 | TRACE   | query_time, 0.0005932040512561798
2024-05-16 14:37:26 | TRACE   | query_time, 0.000567261129617691
2024-05-16 14:37:26 | TRACE   | query_time, 0.0006431266665458679
2024-05-16 14:37:26 | TRACE   | query_time, 0.00021746382117271423
2024-05-16 14:37:26 | TRACE   | query_time, 0.00021689757704734802
2024-05-16 14:37:26 | TRACE   | query_time, 0.00022630393505096436
2024-05-16 14:37:26 | TRACE   | query_time, 0.0003410056233406067
2024-05-16 14:37:26 | TRACE   | query_time, 0.00033551082015037537
2024-05-16 14:37:26 | TRACE   | query_time, 0.00030836835503578186
2024-05-16 14:37:26 | TRACE   | query_time, 0.0006199218332767487
2024-05-16 14:37:26 | TRACE   | query_time, 0.0004422813653945923
2024-05-16 14:37:26 | TRACE   | query_time, 0.0002190805971622467
2024-05-16 14:37:26 | TRACE   | query_time, 0.0005771629512310028
2024-05-16 14:37:26 | TRACE   | query_time, 0.0004476606845855713
2024-05-16 14:37:26 | TRACE   | query_time, 0.0005718469619750977
2024-05-16 14:37:26 | TRACE   | query_time, 0.0005014799535274506
2024-05-16 14:37:26 | TRACE   | query_time, 0.0006178766489028931
2024-05-16 14:37:26 | TRACE   | query_time, 0.0002623051404953003
2024-05-16 14:37:26 | TRACE   | query_time, 0.00043665245175361633
2024-05-16 14:37:26 | TRACE   | query_time, 0.0005290806293487549
2024-05-16 14:37:26 | TRACE   | query_time, 0.0002911277115345001
2024-05-16 14:37:26 | TRACE   | query_time, 0.0002180337905883789
2024-05-16 14:37:26 | TRACE   | query_time, 0.0003230534493923187
2024-05-16 14:37:26 | TRACE   | query_time, 0.00021458789706230164
2024-05-16 14:37:26 | TRACE   | query_time, 0.00023052841424942017
2024-05-16 14:37:26 | TRACE   | query_time, 0.0006467103958129883
2024-05-16 14:37:26 | TRACE   | query_time, 0.0004303976893424988
2024-05-16 14:37:26 | TRACE   | query_time, 0.0004897564649581909
2024-05-16 14:37:26 | TRACE   | query_time, 0.0003801994025707245
2024-05-16 14:37:26 | TRACE   | query_time, 0.00021846219897270203
2024-05-16 14:37:26 | TRACE   | query_time, 0.00033644959330558777
2024-05-16 14:37:26 | TRACE   | query_time, 0.00026220083236694336
2024-05-16 14:37:26 | TRACE   | query_time, 0.00035401061177253723
2024-05-16 14:37:26 | TRACE   | query_time, 0.0003214925527572632
2024-05-16 14:37:26 | TRACE   | query_time, 0.00032122060656547546
2024-05-16 14:37:26 | TRACE   | query_time, 0.00030486658215522766
2024-05-16 14:37:26 | TRACE   | query_time, 0.00022301077842712402
2024-05-16 14:37:26 | TRACE   | query_time, 0.0004378668963909149
2024-05-16 14:37:26 | TRACE   | query_time, 0.0007189922034740448
2024-05-16 14:37:26 | TRACE   | query_time, 0.000414431095123291
2024-05-16 14:37:26 | TRACE   | query_time, 0.00042562559247016907
2024-05-16 14:37:26 | TRACE   | query_time, 0.00036630779504776
2024-05-16 14:37:26 | TRACE   | query_time, 0.00037628039717674255
2024-05-16 14:37:26 | TRACE   | query_time, 0.00039228424429893494
2024-05-16 14:37:26 | TRACE   | query_time, 0.0005792602896690369
2024-05-16 14:37:26 | TRACE   | query_time, 0.0006421953439712524
2024-05-16 14:37:26 | TRACE   | query_time, 0.000490974634885788
2024-05-16 14:37:26 | TRACE   | query_time, 0.0005347840487957001
2024-05-16 14:37:26 | TRACE   | query_time, 0.0002197474241256714
2024-05-16 14:37:26 | TRACE   | query_time, 0.0004366748034954071
2024-05-16 14:37:26 | TRACE   | query_time, 0.00034661218523979187
2024-05-16 14:37:26 | TRACE   | query_time, 0.0002213902771472931
2024-05-16 14:37:26 | TRACE   | query_time, 0.0006162896752357483
2024-05-16 14:37:26 | TRACE   | query_time, 0.0002978593111038208
2024-05-16 14:37:26 | TRACE   | query_time, 0.0003377385437488556
2024-05-16 14:37:26 | TRACE   | query_time, 0.0002459399402141571
2024-05-16 14:37:26 | TRACE   | query_time, 0.00021807104349136353
2024-05-16 14:37:26 | TRACE   | query_time, 0.0004394911229610443
2024-05-16 14:37:26 | TRACE   | query_time, 0.0007143318653106689
2024-05-16 14:37:26 | TRACE   | query_time, 0.0003641471266746521
2024-05-16 14:37:26 | TRACE   | query_time, 0.0004125647246837616
2024-05-16 14:37:26 | TRACE   | query_time, 0.0006441026926040649
2024-05-16 14:37:26 | TRACE   | query_time, 0.0003971569240093231
2024-05-16 14:37:26 | TRACE   | query_time, 0.0003909282386302948
2024-05-16 14:37:26 | TRACE   | query_time, 0.0005296990275382996
2024-05-16 14:37:26 | TRACE   | query_time, 0.00021568313241004944
2024-05-16 14:37:26 | TRACE   | query_time, 0.00036126747727394104
2024-05-16 14:37:26 | TRACE   | query_time, 0.00026084110140800476
2024-05-16 14:37:26 | TRACE   | query_time, 0.0005240105092525482
2024-05-16 14:37:26 | TRACE   | query_time, 0.0003368966281414032
2024-05-16 14:37:26 | TRACE   | query_time, 0.0003170520067214966
2024-05-16 14:37:26 | TRACE   | query_time, 0.0006090737879276276
2024-05-16 14:37:26 | TRACE   | query_time, 0.00029250234365463257
2024-05-16 14:37:26 | TRACE   | query_time, 0.00021794065833091736
2024-05-16 14:37:26 | TRACE   | query_time, 0.0003290325403213501
2024-05-16 14:37:26 | TRACE   | query_time, 0.0002181902527809143
2024-05-16 14:37:26 | TRACE   | query_time, 0.000585649162530899
2024-05-16 14:37:26 | TRACE   | query_time, 0.0005721002817153931
2024-05-16 14:37:26 | TRACE   | query_time, 0.0003974251449108124
2024-05-16 14:37:26 | TRACE   | query_time, 0.0003519803285598755
2024-05-16 14:37:26 | TRACE   | query_time, 0.0005324557423591614
2024-05-16 14:37:26 | TRACE   | query_time, 0.00021805614233016968
2024-05-16 14:37:26 | TRACE   | query_time, 0.000260423868894577
2024-05-16 14:37:26 | TRACE   | query_time, 0.0004355311393737793
2024-05-16 14:37:26 | TRACE   | query_time, 0.0003670006990432739
2024-05-16 14:37:26 | TRACE   | query_time, 0.00032375380396842957
2024-05-16 14:37:26 | TRACE   | query_time, 0.0006132610142230988
2024-05-16 14:37:26 | TRACE   | query_time, 0.00021956861019134521
2024-05-16 14:37:26 | TRACE   | query_time, 0.00032825395464897156
2024-05-16 14:37:26 | TRACE   | query_time, 0.00030339881777763367
2024-05-16 14:37:26 | TRACE   | query_time, 0.00029033422470092773
2024-05-16 14:37:26 | TRACE   | query_time, 0.00035766512155532837
2024-05-16 14:37:26 | TRACE   | query_time, 0.0003660842776298523
2024-05-16 14:37:26 | TRACE   | query_time, 0.0003520287573337555
2024-05-16 14:37:26 | TRACE   | query_time, 0.0005596354603767395
2024-05-16 14:37:26 | TRACE   | query_time, 0.0006509050726890564
2024-05-16 14:37:26 | TRACE   | query_time, 0.00037665292620658875
2024-05-16 14:37:26 | TRACE   | query_time, 0.0004274323582649231
2024-05-16 14:37:26 | TRACE   | query_time, 0.0005016997456550598
2024-05-16 14:37:26 | TRACE   | query_time, 0.0005020387470722198
2024-05-16 14:37:26 | TRACE   | query_time, 0.00037679821252822876
2024-05-16 14:37:26 | TRACE   | query_time, 0.000265657901763916
2024-05-16 14:37:26 | TRACE   | query_time, 0.0003508441150188446
2024-05-16 14:37:26 | TRACE   | query_time, 0.00044101104140281677
2024-05-16 14:37:26 | TRACE   | query_time, 0.0003673657774925232
2024-05-16 14:37:26 | TRACE   | query_time, 0.0005131736397743225
2024-05-16 14:37:26 | TRACE   | query_time, 0.00030293315649032593
2024-05-16 14:37:26 | TRACE   | query_time, 0.0004337318241596222
2024-05-16 14:37:26 | TRACE   | query_time, 0.000590544193983078
2024-05-16 14:37:26 | TRACE   | query_time, 0.0003537870943546295
2024-05-16 14:37:26 | TRACE   | query_time, 0.0004143454134464264
2024-05-16 14:37:26 | TRACE   | query_time, 0.0004922784864902496
2024-05-16 14:37:26 | TRACE   | query_time, 0.00037457048892974854
2024-05-16 14:37:26 | TRACE   | query_time, 0.00027656182646751404
2024-05-16 14:37:26 | TRACE   | query_time, 0.0005320832133293152
2024-05-16 14:37:26 | TRACE   | query_time, 0.0003253854811191559
2024-05-16 14:37:26 | TRACE   | query_time, 0.0004373714327812195
2024-05-16 14:37:26 | TRACE   | query_time, 0.0002602040767669678
2024-05-16 14:37:26 | TRACE   | query_time, 0.00035576894879341125
2024-05-16 14:37:26 | TRACE   | query_time, 0.0004196763038635254
2024-05-16 14:37:26 | TRACE   | query_time, 0.00042700767517089844
2024-05-16 14:37:26 | TRACE   | query_time, 0.00036570802330970764
2024-05-16 14:37:26 | TRACE   | query_time, 0.0005588866770267487
2024-05-16 14:37:26 | TRACE   | query_time, 0.0003929436206817627
2024-05-16 14:37:26 | TRACE   | query_time, 0.0005555897951126099
2024-05-16 14:37:26 | TRACE   | query_time, 0.0003408975899219513
2024-05-16 14:37:26 | TRACE   | query_time, 0.00034969672560691833
2024-05-16 14:37:26 | TRACE   | query_time, 0.0002689063549041748
2024-05-16 14:37:26 | TRACE   | query_time, 0.00026666373014450073
2024-05-16 14:37:26 | TRACE   | query_time, 0.0005290433764457703
2024-05-16 14:37:26 | TRACE   | query_time, 0.00030277669429779053
2024-05-16 14:37:26 | TRACE   | query_time, 0.0005099661648273468
2024-05-16 14:37:26 | TRACE   | query_time, 0.00032248347997665405
2024-05-16 14:37:26 | TRACE   | query_time, 0.000306200236082077
2024-05-16 14:37:26 | TRACE   | query_time, 0.00026039406657218933
2024-05-16 14:37:26 | TRACE   | query_time, 0.0004139356315135956
2024-05-16 14:37:26 | TRACE   | query_time, 0.00036179646849632263
2024-05-16 14:37:26 | TRACE   | query_time, 0.0004966184496879578
2024-05-16 14:37:26 | TRACE   | query_time, 0.0003398582339286804
2024-05-16 14:37:26 | TRACE   | query_time, 0.0005586333572864532
2024-05-16 14:37:26 | TRACE   | query_time, 0.0004011094570159912
2024-05-16 14:37:26 | TRACE   | query_time, 0.0006531067192554474
2024-05-16 14:37:26 | TRACE   | query_time, 0.0003411807119846344
2024-05-16 14:37:26 | TRACE   | query_time, 0.0005108900368213654
2024-05-16 14:37:26 | TRACE   | query_time, 0.0006176047027111053
2024-05-16 14:37:26 | TRACE   | query_time, 0.0002643950283527374
2024-05-16 14:37:26 | TRACE   | query_time, 0.00035672634840011597
2024-05-16 14:37:26 | TRACE   | query_time, 0.00036746636033058167
2024-05-16 14:37:26 | TRACE   | query_time, 0.0003415532410144806
2024-05-16 14:37:26 | TRACE   | query_time, 0.0003054104745388031
2024-05-16 14:37:26 | TRACE   | query_time, 0.0005136057734489441
2024-05-16 14:37:26 | TRACE   | query_time, 0.0003233663737773895
2024-05-16 14:37:26 | TRACE   | query_time, 0.00030277296900749207
2024-05-16 14:37:26 | TRACE   | query_time, 0.000247366726398468
2024-05-16 14:37:26 | TRACE   | query_time, 0.00028726086020469666
2024-05-16 14:37:26 | TRACE   | query_time, 0.0002600327134132385
2024-05-16 14:37:26 | TRACE   | query_time, 0.0003204755485057831
2024-05-16 14:37:26 | TRACE   | query_time, 0.0005777701735496521
2024-05-16 14:37:26 | TRACE   | query_time, 0.0003769621253013611
2024-05-16 14:37:26 | TRACE   | query_time, 0.0003140568733215332
2024-05-16 14:37:26 | TRACE   | query_time, 0.0003382563591003418
2024-05-16 14:37:26 | TRACE   | query_time, 0.0005052126944065094
2024-05-16 14:37:26 | TRACE   | query_time, 0.0003126002848148346
2024-05-16 14:37:26 | TRACE   | query_time, 0.0003529191017150879
2024-05-16 14:37:26 | TRACE   | query_time, 0.0003560185432434082
2024-05-16 14:37:26 | TRACE   | query_time, 0.0004444047808647156
2024-05-16 14:37:26 | TRACE   | query_time, 0.00036568939685821533
2024-05-16 14:37:26 | TRACE   | query_time, 0.00029387325048446655
2024-05-16 14:37:26 | TRACE   | query_time, 0.0002872981131076813
2024-05-16 14:37:26 | TRACE   | query_time, 0.00044655054807662964
2024-05-16 14:37:26 | TRACE   | query_time, 0.00026077404618263245
2024-05-16 14:37:26 | TRACE   | query_time, 0.0005937181413173676
2024-05-16 14:37:26 | TRACE   | query_time, 0.0005757436156272888
2024-05-16 14:37:26 | TRACE   | query_time, 0.00031616538763046265
2024-05-16 14:37:26 | TRACE   | query_time, 0.00031317397952079773
2024-05-16 14:37:26 | TRACE   | query_time, 0.0003346391022205353
2024-05-16 14:37:26 | TRACE   | query_time, 0.0005647465586662292
2024-05-16 14:37:26 | TRACE   | query_time, 0.00032738596200942993
2024-05-16 14:37:26 | TRACE   | query_time, 0.0005003549158573151
2024-05-16 14:37:26 | TRACE   | query_time, 0.0006119720637798309
2024-05-16 14:37:26 | TRACE   | query_time, 0.0003500916063785553
2024-05-16 14:37:26 | TRACE   | query_time, 0.00030695274472236633
2024-05-16 14:37:26 | TRACE   | query_time, 0.0005926042795181274
2024-05-16 14:37:26 | TRACE   | query_time, 0.0005718544125556946
2024-05-16 14:37:26 | TRACE   | query_time, 0.00031447410583496094
2024-05-16 14:37:26 | TRACE   | query_time, 0.00036969780921936035
2024-05-16 14:37:26 | TRACE   | query_time, 0.0003116205334663391
2024-05-16 14:37:26 | TRACE   | query_time, 0.00033556297421455383
2024-05-16 14:37:26 | TRACE   | query_time, 0.00040475279092788696
2024-05-16 14:37:26 | TRACE   | query_time, 0.0003117881715297699
2024-05-16 14:37:26 | TRACE   | query_time, 0.00037759169936180115
2024-05-16 14:37:26 | TRACE   | query_time, 0.000535428524017334
2024-05-16 14:37:26 | TRACE   | query_time, 0.00035113468766212463
2024-05-16 14:37:26 | TRACE   | query_time, 0.0003387145698070526
2024-05-16 14:37:26 | TRACE   | query_time, 0.00032220035791397095
2024-05-16 14:37:26 | TRACE   | query_time, 0.0006105490028858185
2024-05-16 14:37:26 | TRACE   | query_time, 0.0003260858356952667
2024-05-16 14:37:26 | TRACE   | query_time, 0.0004359297454357147
2024-05-16 14:37:26 | TRACE   | query_time, 0.00031504034996032715
2024-05-16 14:37:26 | TRACE   | query_time, 0.0003481656312942505
2024-05-16 14:37:26 | TRACE   | query_time, 0.0003400146961212158
2024-05-16 14:37:26 | TRACE   | query_time, 0.0006469637155532837
2024-05-16 14:37:26 | TRACE   | query_time, 0.00031870603561401367
2024-05-16 14:37:26 | TRACE   | query_time, 0.0004983730614185333
2024-05-16 14:37:26 | TRACE   | query_time, 0.00034889206290245056
2024-05-16 14:37:26 | TRACE   | query_time, 0.00043971091508865356
2024-05-16 14:37:26 | TRACE   | query_time, 0.00031265988945961
2024-05-16 14:37:26 | TRACE   | query_time, 0.000299844890832901
2024-05-16 14:37:26 | TRACE   | query_time, 0.0004229694604873657
2024-05-16 14:37:26 | TRACE   | query_time, 0.00031538307666778564
