2024-05-16 20:43:20 | DEBUG   | {'input': PosixPath('data/sportstables/indices/runtime_benchmark/rebinning.zst'), 'input_type': 'index', 'queries': PosixPath('data/sportstables/queries/runtime_benchmark.zst'), 'estimation_mode': None, 'index_mode': 'recall', 'hist_filter': PosixPath('data/sportstables/filters/01.zst'), 'output': None, 'workers': None, 'frequency_hists': False, 'suppress_results': True, 'log_level': 'INFO', 'log_file': PosixPath('logs/runtime_benchmark/low_selectivity/sportstables-collection-rebinning-single_suppressed-1.log')}
2024-05-16 20:43:20 | DEBUG   | Loading input data from data/sportstables/indices/runtime_benchmark/rebinning.zst
2024-05-16 20:43:20 | DEBUG   | Loading queries from data/sportstables/queries/runtime_benchmark.zst
2024-05-16 20:43:20 | DEBUG   | Loading histogram filter from data/sportstables/filters/01.zst
2024-05-16 20:43:20 | TRACE   | bootstrap_time, 0.21146991848945618
2024-05-16 20:43:20 | DEBUG   | Starting execution
2024-05-16 20:43:20 | TRACE   | query_time, 0.0003191418945789337
2024-05-16 20:43:20 | TRACE   | query_time, 0.00020578131079673767
2024-05-16 20:43:20 | TRACE   | query_time, 0.00019364804029464722
2024-05-16 20:43:20 | TRACE   | query_time, 0.00015792250633239746
2024-05-16 20:43:20 | TRACE   | query_time, 0.00015788152813911438
2024-05-16 20:43:20 | TRACE   | query_time, 0.00013335421681404114
2024-05-16 20:43:20 | TRACE   | query_time, 0.0001232139766216278
2024-05-16 20:43:20 | TRACE   | query_time, 0.00021013617515563965
2024-05-16 20:43:20 | TRACE   | query_time, 0.0001591518521308899
2024-05-16 20:43:20 | TRACE   | query_time, 0.00015842169523239136
2024-05-16 20:43:20 | TRACE   | query_time, 0.0001876242458820343
2024-05-16 20:43:20 | TRACE   | query_time, 0.00018860772252082825
2024-05-16 20:43:20 | TRACE   | query_time, 0.0001517757773399353
2024-05-16 20:43:20 | TRACE   | query_time, 0.00012330710887908936
2024-05-16 20:43:20 | TRACE   | query_time, 0.00018651410937309265
2024-05-16 20:43:20 | TRACE   | query_time, 0.00020332634449005127
2024-05-16 20:43:20 | TRACE   | query_time, 0.0001878701150417328
2024-05-16 20:43:20 | TRACE   | query_time, 0.00015954673290252686
2024-05-16 20:43:20 | TRACE   | query_time, 0.00018584728240966797
2024-05-16 20:43:20 | TRACE   | query_time, 0.00018586590886116028
2024-05-16 20:43:20 | TRACE   | query_time, 0.0001971423625946045
2024-05-16 20:43:20 | TRACE   | query_time, 0.0001912936568260193
2024-05-16 20:43:20 | TRACE   | query_time, 0.00016049295663833618
2024-05-16 20:43:20 | TRACE   | query_time, 0.00012338533997535706
2024-05-16 20:43:20 | TRACE   | query_time, 0.00012272223830223083
2024-05-16 20:43:20 | TRACE   | query_time, 0.00015980005264282227
2024-05-16 20:43:20 | TRACE   | query_time, 0.0001865178346633911
2024-05-16 20:43:20 | TRACE   | query_time, 0.00018574297428131104
2024-05-16 20:43:20 | TRACE   | query_time, 0.00018612295389175415
2024-05-16 20:43:20 | TRACE   | query_time, 0.00018780678510665894
2024-05-16 20:43:20 | TRACE   | query_time, 0.00015839934349060059
2024-05-16 20:43:20 | TRACE   | query_time, 0.00018883869051933289
2024-05-16 20:43:20 | TRACE   | query_time, 0.00018812716007232666
2024-05-16 20:43:20 | TRACE   | query_time, 0.00018601492047309875
2024-05-16 20:43:20 | TRACE   | query_time, 0.00018746033310890198
2024-05-16 20:43:20 | TRACE   | query_time, 0.0001943744719028473
2024-05-16 20:43:20 | TRACE   | query_time, 0.0001849532127380371
2024-05-16 20:43:20 | TRACE   | query_time, 0.00018741562962532043
2024-05-16 20:43:20 | TRACE   | query_time, 0.00018611550331115723
2024-05-16 20:43:20 | TRACE   | query_time, 0.00015870481729507446
2024-05-16 20:43:20 | TRACE   | query_time, 0.0001512765884399414
2024-05-16 20:43:20 | TRACE   | query_time, 0.00012121349573135376
2024-05-16 20:43:20 | TRACE   | query_time, 0.00012163445353507996
2024-05-16 20:43:20 | TRACE   | query_time, 0.00012009963393211365
2024-05-16 20:43:20 | TRACE   | query_time, 0.00020629912614822388
2024-05-16 20:43:20 | TRACE   | query_time, 0.00020701438188552856
2024-05-16 20:43:20 | TRACE   | query_time, 0.0001872926950454712
2024-05-16 20:43:20 | TRACE   | query_time, 0.00016168877482414246
2024-05-16 20:43:20 | TRACE   | query_time, 0.0002026595175266266
2024-05-16 20:43:20 | TRACE   | query_time, 0.0001870580017566681
2024-05-16 20:43:20 | TRACE   | query_time, 0.00018364191055297852
2024-05-16 20:43:20 | TRACE   | query_time, 0.00015893951058387756
2024-05-16 20:43:20 | TRACE   | query_time, 0.00018716603517532349
2024-05-16 20:43:20 | TRACE   | query_time, 0.00020242482423782349
2024-05-16 20:43:20 | TRACE   | query_time, 0.00018551573157310486
2024-05-16 20:43:20 | TRACE   | query_time, 0.0001874007284641266
2024-05-16 20:43:20 | TRACE   | query_time, 0.00015240535140037537
2024-05-16 20:43:20 | TRACE   | query_time, 0.00012016668915748596
2024-05-16 20:43:20 | TRACE   | query_time, 0.00014949962496757507
2024-05-16 20:43:20 | TRACE   | query_time, 0.00018776580691337585
2024-05-16 20:43:20 | TRACE   | query_time, 0.00015820935368537903
2024-05-16 20:43:20 | TRACE   | query_time, 0.0001844950020313263
2024-05-16 20:43:20 | TRACE   | query_time, 0.00019963085651397705
2024-05-16 20:43:20 | TRACE   | query_time, 0.0002184547483921051
2024-05-16 20:43:20 | TRACE   | query_time, 0.0001862645149230957
2024-05-16 20:43:20 | TRACE   | query_time, 0.00015727803111076355
2024-05-16 20:43:20 | TRACE   | query_time, 0.00018444284796714783
2024-05-16 20:43:20 | TRACE   | query_time, 0.00018686428666114807
2024-05-16 20:43:20 | TRACE   | query_time, 0.00018672645092010498
2024-05-16 20:43:20 | TRACE   | query_time, 0.0001875162124633789
2024-05-16 20:43:20 | TRACE   | query_time, 0.00018663331866264343
2024-05-16 20:43:20 | TRACE   | query_time, 0.0002144351601600647
2024-05-16 20:43:20 | TRACE   | query_time, 0.000186234712600708
2024-05-16 20:43:20 | TRACE   | query_time, 0.000186137855052948
2024-05-16 20:43:20 | TRACE   | query_time, 0.00018681958317756653
2024-05-16 20:43:20 | TRACE   | query_time, 0.00012230873107910156
2024-05-16 20:43:20 | TRACE   | query_time, 0.00014920160174369812
2024-05-16 20:43:20 | TRACE   | query_time, 0.0001873411238193512
2024-05-16 20:43:20 | TRACE   | query_time, 0.0001711808145046234
2024-05-16 20:43:20 | TRACE   | query_time, 0.00018757209181785583
2024-05-16 20:43:20 | TRACE   | query_time, 0.00020676478743553162
2024-05-16 20:43:20 | TRACE   | query_time, 0.00018854811787605286
2024-05-16 20:43:20 | TRACE   | query_time, 0.0001892372965812683
2024-05-16 20:43:20 | TRACE   | query_time, 0.00018586218357086182
2024-05-16 20:43:20 | TRACE   | query_time, 0.00018220767378807068
2024-05-16 20:43:20 | TRACE   | query_time, 0.00018630176782608032
2024-05-16 20:43:20 | TRACE   | query_time, 0.00018570944666862488
2024-05-16 20:43:20 | TRACE   | query_time, 0.00021555274724960327
2024-05-16 20:43:20 | TRACE   | query_time, 0.00018644332885742188
2024-05-16 20:43:20 | TRACE   | query_time, 0.00018580257892608643
2024-05-16 20:43:20 | TRACE   | query_time, 0.00012169405817985535
2024-05-16 20:43:20 | TRACE   | query_time, 0.00020814314484596252
2024-05-16 20:43:20 | TRACE   | query_time, 0.0002013184130191803
2024-05-16 20:43:20 | TRACE   | query_time, 0.00018687546253204346
2024-05-16 20:43:20 | TRACE   | query_time, 0.00019939616322517395
2024-05-16 20:43:20 | TRACE   | query_time, 0.00018830224871635437
2024-05-16 20:43:20 | TRACE   | query_time, 0.00018544122576713562
2024-05-16 20:43:20 | TRACE   | query_time, 0.00018600374460220337
2024-05-16 20:43:20 | TRACE   | query_time, 0.000183984637260437
2024-05-16 20:43:20 | TRACE   | query_time, 0.0001863427460193634
2024-05-16 20:43:20 | TRACE   | query_time, 0.0001858919858932495
2024-05-16 20:43:20 | TRACE   | query_time, 0.00018443167209625244
2024-05-16 20:43:20 | TRACE   | query_time, 0.00018515437841415405
2024-05-16 20:43:20 | TRACE   | query_time, 0.00018562376499176025
2024-05-16 20:43:20 | TRACE   | query_time, 0.00021295621991157532
2024-05-16 20:43:20 | TRACE   | query_time, 0.00018465891480445862
2024-05-16 20:43:20 | TRACE   | query_time, 0.00021381676197052002
2024-05-16 20:43:20 | TRACE   | query_time, 0.0001883581280708313
2024-05-16 20:43:20 | TRACE   | query_time, 0.00018515437841415405
2024-05-16 20:43:20 | TRACE   | query_time, 0.00019576400518417358
2024-05-16 20:43:20 | TRACE   | query_time, 0.00017194822430610657
2024-05-16 20:43:20 | TRACE   | query_time, 0.00018750131130218506
2024-05-16 20:43:20 | TRACE   | query_time, 0.0001570768654346466
2024-05-16 20:43:20 | TRACE   | query_time, 0.00018577277660369873
2024-05-16 20:43:20 | TRACE   | query_time, 0.00018607079982757568
2024-05-16 20:43:20 | TRACE   | query_time, 0.00018695369362831116
2024-05-16 20:43:20 | TRACE   | query_time, 0.00021694228053092957
2024-05-16 20:43:20 | TRACE   | query_time, 0.00018677487969398499
2024-05-16 20:43:20 | TRACE   | query_time, 0.00018508732318878174
2024-05-16 20:43:20 | TRACE   | query_time, 0.00012320652604103088
2024-05-16 20:43:20 | TRACE   | query_time, 0.00015572458505630493
2024-05-16 20:43:20 | TRACE   | query_time, 0.00017527863383293152
2024-05-16 20:43:20 | TRACE   | query_time, 0.0002023540437221527
2024-05-16 20:43:20 | TRACE   | query_time, 0.00018671900033950806
2024-05-16 20:43:20 | TRACE   | query_time, 0.00021591037511825562
2024-05-16 20:43:20 | TRACE   | query_time, 0.00021655112504959106
2024-05-16 20:43:20 | TRACE   | query_time, 0.0002022087574005127
2024-05-16 20:43:20 | TRACE   | query_time, 0.0001852773129940033
2024-05-16 20:43:20 | TRACE   | query_time, 0.0001568235456943512
2024-05-16 20:43:20 | TRACE   | query_time, 0.00018528848886489868
2024-05-16 20:43:20 | TRACE   | query_time, 0.00021528452634811401
2024-05-16 20:43:20 | TRACE   | query_time, 0.00021565333008766174
2024-05-16 20:43:20 | TRACE   | query_time, 0.0001844540238380432
2024-05-16 20:43:20 | TRACE   | query_time, 0.00018437206745147705
2024-05-16 20:43:20 | TRACE   | query_time, 0.00018603727221488953
2024-05-16 20:43:20 | TRACE   | query_time, 0.0001991763710975647
2024-05-16 20:43:20 | TRACE   | query_time, 0.00021374225616455078
2024-05-16 20:43:20 | TRACE   | query_time, 0.000186823308467865
2024-05-16 20:43:20 | TRACE   | query_time, 0.00018904730677604675
2024-05-16 20:43:20 | TRACE   | query_time, 0.00018583610653877258
2024-05-16 20:43:20 | TRACE   | query_time, 0.00018649175763130188
2024-05-16 20:43:20 | TRACE   | query_time, 0.00019968301057815552
2024-05-16 20:43:20 | TRACE   | query_time, 0.00012107565999031067
2024-05-16 20:43:20 | TRACE   | query_time, 0.00020565465092658997
2024-05-16 20:43:20 | TRACE   | query_time, 0.0002139955759048462
2024-05-16 20:43:20 | TRACE   | query_time, 0.00018735602498054504
2024-05-16 20:43:20 | TRACE   | query_time, 0.00015885382890701294
2024-05-16 20:43:20 | TRACE   | query_time, 0.00021447986364364624
2024-05-16 20:43:20 | TRACE   | query_time, 0.0002175159752368927
2024-05-16 20:43:20 | TRACE   | query_time, 0.00020056962966918945
2024-05-16 20:43:20 | TRACE   | query_time, 0.0001891888678073883
2024-05-16 20:43:20 | TRACE   | query_time, 0.00018834322690963745
2024-05-16 20:43:20 | TRACE   | query_time, 0.00021646544337272644
2024-05-16 20:43:20 | TRACE   | query_time, 0.00018591061234474182
2024-05-16 20:43:20 | TRACE   | query_time, 0.00021241605281829834
2024-05-16 20:43:20 | TRACE   | query_time, 0.00018664449453353882
2024-05-16 20:43:20 | TRACE   | query_time, 0.00018714368343353271
2024-05-16 20:43:20 | TRACE   | query_time, 0.00021282583475112915
2024-05-16 20:43:20 | TRACE   | query_time, 0.00018583610653877258
2024-05-16 20:43:20 | TRACE   | query_time, 0.00018701329827308655
2024-05-16 20:43:20 | TRACE   | query_time, 0.0002138279378414154
2024-05-16 20:43:20 | TRACE   | query_time, 0.00021257996559143066
2024-05-16 20:43:20 | TRACE   | query_time, 0.00018809735774993896
2024-05-16 20:43:20 | TRACE   | query_time, 0.0002152062952518463
2024-05-16 20:43:20 | TRACE   | query_time, 0.00020111724734306335
2024-05-16 20:43:20 | TRACE   | query_time, 0.000124465674161911
2024-05-16 20:43:20 | TRACE   | query_time, 0.00012347102165222168
2024-05-16 20:43:20 | TRACE   | query_time, 0.00020673871040344238
2024-05-16 20:43:20 | TRACE   | query_time, 0.00015950575470924377
2024-05-16 20:43:20 | TRACE   | query_time, 0.000186186283826828
2024-05-16 20:43:20 | TRACE   | query_time, 0.00018585100769996643
2024-05-16 20:43:20 | TRACE   | query_time, 0.00015836581587791443
2024-05-16 20:43:20 | TRACE   | query_time, 0.0001878775656223297
2024-05-16 20:43:20 | TRACE   | query_time, 0.00021530687808990479
2024-05-16 20:43:20 | TRACE   | query_time, 0.00018633529543876648
2024-05-16 20:43:20 | TRACE   | query_time, 0.00018611550331115723
2024-05-16 20:43:20 | TRACE   | query_time, 0.00021413713693618774
2024-05-16 20:43:20 | TRACE   | query_time, 0.00018680095672607422
2024-05-16 20:43:20 | TRACE   | query_time, 0.00018792971968650818
2024-05-16 20:43:20 | TRACE   | query_time, 0.00018563121557235718
2024-05-16 20:43:20 | TRACE   | query_time, 0.00022004544734954834
2024-05-16 20:43:20 | TRACE   | query_time, 0.00015915930271148682
2024-05-16 20:43:20 | TRACE   | query_time, 0.00014998763799667358
2024-05-16 20:43:20 | TRACE   | query_time, 0.0001211315393447876
2024-05-16 20:43:20 | TRACE   | query_time, 0.00021542608737945557
2024-05-16 20:43:20 | TRACE   | query_time, 0.0001983940601348877
2024-05-16 20:43:20 | TRACE   | query_time, 0.00015912950038909912
2024-05-16 20:43:20 | TRACE   | query_time, 0.00018460676074028015
2024-05-16 20:43:20 | TRACE   | query_time, 0.00018555298447608948
2024-05-16 20:43:20 | TRACE   | query_time, 0.00015901774168014526
2024-05-16 20:43:20 | TRACE   | query_time, 0.00021355599164962769
2024-05-16 20:43:20 | TRACE   | query_time, 0.00018631666898727417
2024-05-16 20:43:20 | TRACE   | query_time, 0.0002151578664779663
2024-05-16 20:43:20 | TRACE   | query_time, 0.000184670090675354
2024-05-16 20:43:20 | TRACE   | query_time, 0.0001859515905380249
2024-05-16 20:43:20 | TRACE   | query_time, 0.0001922212541103363
2024-05-16 20:43:20 | TRACE   | query_time, 0.0001577511429786682
2024-05-16 20:43:20 | TRACE   | query_time, 0.0001218058168888092
2024-05-16 20:43:20 | TRACE   | query_time, 0.0001857653260231018
2024-05-16 20:43:20 | TRACE   | query_time, 0.00018604472279548645
2024-05-16 20:43:20 | TRACE   | query_time, 0.00015904009342193604
2024-05-16 20:43:20 | TRACE   | query_time, 0.00019957497715950012
2024-05-16 20:43:20 | TRACE   | query_time, 0.00021275505423545837
2024-05-16 20:43:20 | TRACE   | query_time, 0.0001859813928604126
2024-05-16 20:43:20 | TRACE   | query_time, 0.00018531456589698792
2024-05-16 20:43:20 | TRACE   | query_time, 0.00024302303791046143
2024-05-16 20:43:20 | TRACE   | query_time, 0.00018729642033576965
2024-05-16 20:43:20 | TRACE   | query_time, 0.00020139291882514954
2024-05-16 20:43:20 | TRACE   | query_time, 0.0002145618200302124
2024-05-16 20:43:20 | TRACE   | query_time, 0.00021916627883911133
2024-05-16 20:43:20 | TRACE   | query_time, 0.00024481862783432007
2024-05-16 20:43:20 | TRACE   | query_time, 0.00018536299467086792
2024-05-16 20:43:20 | TRACE   | query_time, 0.00018624216318130493
2024-05-16 20:43:20 | TRACE   | query_time, 0.0002432018518447876
2024-05-16 20:43:20 | TRACE   | query_time, 0.00015794485807418823
2024-05-16 20:43:20 | TRACE   | query_time, 0.00012173503637313843
2024-05-16 20:43:20 | TRACE   | query_time, 0.00020423531532287598
2024-05-16 20:43:20 | TRACE   | query_time, 0.0001862160861492157
2024-05-16 20:43:20 | TRACE   | query_time, 0.00020131468772888184
2024-05-16 20:43:20 | TRACE   | query_time, 0.00018771737813949585
2024-05-16 20:43:20 | TRACE   | query_time, 0.00021501630544662476
2024-05-16 20:43:20 | TRACE   | query_time, 0.0002146512269973755
2024-05-16 20:43:20 | TRACE   | query_time, 0.00018638744950294495
2024-05-16 20:43:20 | TRACE   | query_time, 0.00019368529319763184
2024-05-16 20:43:20 | TRACE   | query_time, 0.0002458319067955017
2024-05-16 20:43:20 | TRACE   | query_time, 0.00018486753106117249
2024-05-16 20:43:20 | TRACE   | query_time, 0.00018626078963279724
2024-05-16 20:43:20 | TRACE   | query_time, 0.00024212151765823364
2024-05-16 20:43:20 | TRACE   | query_time, 0.00021522864699363708
2024-05-16 20:43:20 | TRACE   | query_time, 0.00018622726202011108
2024-05-16 20:43:20 | TRACE   | query_time, 0.00015160813927650452
2024-05-16 20:43:20 | TRACE   | query_time, 0.00012221187353134155
2024-05-16 20:43:20 | TRACE   | query_time, 0.00021442770957946777
2024-05-16 20:43:20 | TRACE   | query_time, 0.00015756860375404358
2024-05-16 20:43:20 | TRACE   | query_time, 0.00015853345394134521
2024-05-16 20:43:20 | TRACE   | query_time, 0.0001862049102783203
2024-05-16 20:43:20 | TRACE   | query_time, 0.00015940889716148376
2024-05-16 20:43:20 | TRACE   | query_time, 0.0002646706998348236
2024-05-16 20:43:20 | TRACE   | query_time, 0.00021369010210037231
2024-05-16 20:43:20 | TRACE   | query_time, 0.00021223723888397217
2024-05-16 20:43:20 | TRACE   | query_time, 0.00018725916743278503
2024-05-16 20:43:20 | TRACE   | query_time, 0.00018570572137832642
2024-05-16 20:43:20 | TRACE   | query_time, 0.0002152957022190094
2024-05-16 20:43:20 | TRACE   | query_time, 0.00018486753106117249
2024-05-16 20:43:20 | TRACE   | query_time, 0.00024275481700897217
2024-05-16 20:43:20 | TRACE   | query_time, 0.0001865178346633911
2024-05-16 20:43:20 | TRACE   | query_time, 0.00020163506269454956
2024-05-16 20:43:20 | TRACE   | query_time, 0.00015101954340934753
2024-05-16 20:43:20 | TRACE   | query_time, 0.00018567964434623718
2024-05-16 20:43:20 | TRACE   | query_time, 0.000158015638589859
2024-05-16 20:43:20 | TRACE   | query_time, 0.00017037242650985718
2024-05-16 20:43:20 | TRACE   | query_time, 0.0002212226390838623
2024-05-16 20:43:20 | TRACE   | query_time, 0.0001878291368484497
2024-05-16 20:43:20 | TRACE   | query_time, 0.00018768012523651123
2024-05-16 20:43:20 | TRACE   | query_time, 0.00021432340145111084
2024-05-16 20:43:20 | TRACE   | query_time, 0.00018548965454101562
2024-05-16 20:43:20 | TRACE   | query_time, 0.00015813857316970825
2024-05-16 20:43:20 | TRACE   | query_time, 0.00027097389101982117
2024-05-16 20:43:20 | TRACE   | query_time, 0.0001860000193119049
2024-05-16 20:43:20 | TRACE   | query_time, 0.00018754974007606506
2024-05-16 20:43:20 | TRACE   | query_time, 0.00021456927061080933
2024-05-16 20:43:20 | TRACE   | query_time, 0.00018708407878875732
2024-05-16 20:43:20 | TRACE   | query_time, 0.00018680468201637268
2024-05-16 20:43:20 | TRACE   | query_time, 0.0001860298216342926
2024-05-16 20:43:20 | TRACE   | query_time, 0.0002170652151107788
2024-05-16 20:43:20 | TRACE   | query_time, 0.00012103095650672913
2024-05-16 20:43:20 | TRACE   | query_time, 0.00018607452511787415
2024-05-16 20:43:20 | TRACE   | query_time, 0.00016275420784950256
2024-05-16 20:43:20 | TRACE   | query_time, 0.0001882612705230713
2024-05-16 20:43:20 | TRACE   | query_time, 0.00017305836081504822
2024-05-16 20:43:20 | TRACE   | query_time, 0.00018949806690216064
2024-05-16 20:43:20 | TRACE   | query_time, 0.0001893863081932068
2024-05-16 20:43:20 | TRACE   | query_time, 0.00018736347556114197
2024-05-16 20:43:20 | TRACE   | query_time, 0.0001858063042163849
2024-05-16 20:43:20 | TRACE   | query_time, 0.0001866370439529419
2024-05-16 20:43:20 | TRACE   | query_time, 0.0002176128327846527
2024-05-16 20:43:20 | TRACE   | query_time, 0.00021507591009140015
2024-05-16 20:43:20 | TRACE   | query_time, 0.00021514669060707092
2024-05-16 20:43:20 | TRACE   | query_time, 0.00021540746092796326
2024-05-16 20:43:20 | TRACE   | query_time, 0.00019562989473342896
2024-05-16 20:43:20 | TRACE   | query_time, 0.00021621957421302795
2024-05-16 20:43:20 | TRACE   | query_time, 0.00015398114919662476
2024-05-16 20:43:20 | TRACE   | query_time, 0.00018808990716934204
2024-05-16 20:43:20 | TRACE   | query_time, 0.00021419674158096313
2024-05-16 20:43:20 | TRACE   | query_time, 0.0001870468258857727
2024-05-16 20:43:20 | TRACE   | query_time, 0.0001881904900074005
2024-05-16 20:43:20 | TRACE   | query_time, 0.00018538907170295715
2024-05-16 20:43:20 | TRACE   | query_time, 0.00018640980124473572
2024-05-16 20:43:20 | TRACE   | query_time, 0.00025681406259536743
2024-05-16 20:43:20 | TRACE   | query_time, 0.00018724799156188965
2024-05-16 20:43:20 | TRACE   | query_time, 0.00018694624304771423
2024-05-16 20:43:20 | TRACE   | query_time, 0.00018771737813949585
2024-05-16 20:43:20 | TRACE   | query_time, 0.0002424977719783783
2024-05-16 20:43:20 | TRACE   | query_time, 0.00019624829292297363
2024-05-16 20:43:20 | TRACE   | query_time, 0.0001895315945148468
2024-05-16 20:43:20 | TRACE   | query_time, 0.00020052865147590637
2024-05-16 20:43:20 | TRACE   | query_time, 0.00021690130233764648
2024-05-16 20:43:20 | TRACE   | query_time, 0.00021442025899887085
2024-05-16 20:43:20 | TRACE   | query_time, 0.00021661818027496338
2024-05-16 20:43:20 | TRACE   | query_time, 0.0002453513443470001
2024-05-16 20:43:20 | TRACE   | query_time, 0.00018869340419769287
2024-05-16 20:43:20 | TRACE   | query_time, 0.0002142190933227539
2024-05-16 20:43:20 | TRACE   | query_time, 0.00018892064690589905
2024-05-16 20:43:20 | TRACE   | query_time, 0.00021392107009887695
2024-05-16 20:43:20 | TRACE   | query_time, 0.00020214170217514038
2024-05-16 20:43:20 | TRACE   | query_time, 0.000256173312664032
2024-05-16 20:43:20 | TRACE   | query_time, 0.000159338116645813
2024-05-16 20:43:20 | TRACE   | query_time, 0.00012413784861564636
2024-05-16 20:43:20 | TRACE   | query_time, 0.00014969706535339355
2024-05-16 20:43:20 | TRACE   | query_time, 0.00018670782446861267
2024-05-16 20:43:20 | TRACE   | query_time, 0.00015978515148162842
2024-05-16 20:43:20 | TRACE   | query_time, 0.000187799334526062
2024-05-16 20:43:20 | TRACE   | query_time, 0.00017257779836654663
2024-05-16 20:43:20 | TRACE   | query_time, 0.00021471083164215088
2024-05-16 20:43:20 | TRACE   | query_time, 0.0002551339566707611
2024-05-16 20:43:20 | TRACE   | query_time, 0.0001840144395828247
2024-05-16 20:43:20 | TRACE   | query_time, 0.00027095526456832886
2024-05-16 20:43:20 | TRACE   | query_time, 0.0002423413097858429
2024-05-16 20:43:20 | TRACE   | query_time, 0.0001892782747745514
2024-05-16 20:43:20 | TRACE   | query_time, 0.00018613412976264954
2024-05-16 20:43:20 | TRACE   | query_time, 0.00021615251898765564
2024-05-16 20:43:20 | TRACE   | query_time, 0.00020090118050575256
2024-05-16 20:43:20 | TRACE   | query_time, 0.00028983503580093384
2024-05-16 20:43:20 | TRACE   | query_time, 0.00021379068493843079
2024-05-16 20:43:20 | TRACE   | query_time, 0.00024398788809776306
2024-05-16 20:43:20 | TRACE   | query_time, 0.00018615275621414185
2024-05-16 20:43:20 | TRACE   | query_time, 0.00018845126032829285
2024-05-16 20:43:20 | TRACE   | query_time, 0.00021354854106903076
2024-05-16 20:43:20 | TRACE   | query_time, 0.00021478906273841858
2024-05-16 20:43:20 | TRACE   | query_time, 0.00012223422527313232
2024-05-16 20:43:20 | TRACE   | query_time, 0.00012225285172462463
2024-05-16 20:43:20 | TRACE   | query_time, 0.00012130290269851685
2024-05-16 20:43:20 | TRACE   | query_time, 0.0002074800431728363
2024-05-16 20:43:20 | TRACE   | query_time, 0.00018624961376190186
2024-05-16 20:43:20 | TRACE   | query_time, 0.0007140859961509705
2024-05-16 20:43:20 | TRACE   | query_time, 0.00033129751682281494
2024-05-16 20:43:20 | TRACE   | query_time, 0.00021678581833839417
2024-05-16 20:43:20 | TRACE   | query_time, 0.0003597363829612732
2024-05-16 20:43:20 | TRACE   | query_time, 0.00018697604537010193
2024-05-16 20:43:20 | TRACE   | query_time, 0.00018649548292160034
2024-05-16 20:43:20 | TRACE   | query_time, 0.00018680468201637268
2024-05-16 20:43:20 | TRACE   | query_time, 0.0002145916223526001
2024-05-16 20:43:20 | TRACE   | query_time, 0.00018679723143577576
2024-05-16 20:43:20 | TRACE   | query_time, 0.00021364912390708923
2024-05-16 20:43:20 | TRACE   | query_time, 0.00021446868777275085
2024-05-16 20:43:20 | TRACE   | query_time, 0.00032404065132141113
2024-05-16 20:43:20 | TRACE   | query_time, 0.00030075013637542725
2024-05-16 20:43:20 | TRACE   | query_time, 0.00018703937530517578
2024-05-16 20:43:20 | TRACE   | query_time, 0.0005800314247608185
2024-05-16 20:43:20 | TRACE   | query_time, 0.0006782524287700653
2024-05-16 20:43:20 | TRACE   | query_time, 0.0004141218960285187
2024-05-16 20:43:20 | TRACE   | query_time, 0.000421084463596344
2024-05-16 20:43:20 | TRACE   | query_time, 0.0006172247231006622
2024-05-16 20:43:20 | TRACE   | query_time, 0.00048837810754776
2024-05-16 20:43:20 | TRACE   | query_time, 0.0002626068890094757
2024-05-16 20:43:20 | TRACE   | query_time, 0.00021437183022499084
2024-05-16 20:43:20 | TRACE   | query_time, 0.0005004853010177612
2024-05-16 20:43:20 | TRACE   | query_time, 0.0002148859202861786
2024-05-16 20:43:20 | TRACE   | query_time, 0.00021514669060707092
2024-05-16 20:43:20 | TRACE   | query_time, 0.0002879686653614044
2024-05-16 20:43:20 | TRACE   | query_time, 0.00021388009190559387
2024-05-16 20:43:20 | TRACE   | query_time, 0.00031698495149612427
2024-05-16 20:43:20 | TRACE   | query_time, 0.0002137795090675354
2024-05-16 20:43:20 | TRACE   | query_time, 0.00022438541054725647
2024-05-16 20:43:20 | TRACE   | query_time, 0.00021458789706230164
2024-05-16 20:43:20 | TRACE   | query_time, 0.0005521140992641449
2024-05-16 20:43:20 | TRACE   | query_time, 0.0004078969359397888
2024-05-16 20:43:20 | TRACE   | query_time, 0.00039918720722198486
2024-05-16 20:43:20 | TRACE   | query_time, 0.00038172677159309387
2024-05-16 20:43:20 | TRACE   | query_time, 0.00025723129510879517
2024-05-16 20:43:20 | TRACE   | query_time, 0.0002172216773033142
2024-05-16 20:43:20 | TRACE   | query_time, 0.00021537020802497864
2024-05-16 20:43:20 | TRACE   | query_time, 0.00021610409021377563
2024-05-16 20:43:20 | TRACE   | query_time, 0.0003502592444419861
2024-05-16 20:43:20 | TRACE   | query_time, 0.0003002434968948364
2024-05-16 20:43:20 | TRACE   | query_time, 0.00020107626914978027
2024-05-16 20:43:20 | TRACE   | query_time, 0.0005731098353862762
2024-05-16 20:43:20 | TRACE   | query_time, 0.0005346126854419708
2024-05-16 20:43:20 | TRACE   | query_time, 0.0006172768771648407
2024-05-16 20:43:20 | TRACE   | query_time, 0.00021613016724586487
2024-05-16 20:43:20 | TRACE   | query_time, 0.00021383538842201233
2024-05-16 20:43:20 | TRACE   | query_time, 0.00021405890583992004
2024-05-16 20:43:20 | TRACE   | query_time, 0.0003382675349712372
2024-05-16 20:43:20 | TRACE   | query_time, 0.0003267042338848114
2024-05-16 20:43:20 | TRACE   | query_time, 0.00030155107378959656
2024-05-16 20:43:20 | TRACE   | query_time, 0.0005984529852867126
2024-05-16 20:43:20 | TRACE   | query_time, 0.0004318356513977051
2024-05-16 20:43:20 | TRACE   | query_time, 0.0002147182822227478
2024-05-16 20:43:20 | TRACE   | query_time, 0.0005536265671253204
2024-05-16 20:43:20 | TRACE   | query_time, 0.0004207976162433624
2024-05-16 20:43:20 | TRACE   | query_time, 0.0005594752728939056
2024-05-16 20:43:20 | TRACE   | query_time, 0.0004799365997314453
2024-05-16 20:43:20 | TRACE   | query_time, 0.0005973167717456818
2024-05-16 20:43:20 | TRACE   | query_time, 0.00025618821382522583
2024-05-16 20:43:20 | TRACE   | query_time, 0.00043258070945739746
2024-05-16 20:43:20 | TRACE   | query_time, 0.0005112290382385254
2024-05-16 20:43:20 | TRACE   | query_time, 0.0002850480377674103
2024-05-16 20:43:20 | TRACE   | query_time, 0.00021642446517944336
2024-05-16 20:43:20 | TRACE   | query_time, 0.0003303214907646179
2024-05-16 20:43:20 | TRACE   | query_time, 0.00021620839834213257
2024-05-16 20:43:20 | TRACE   | query_time, 0.0002174079418182373
2024-05-16 20:43:20 | TRACE   | query_time, 0.0006222575902938843
2024-05-16 20:43:20 | TRACE   | query_time, 0.0004151538014411926
2024-05-16 20:43:20 | TRACE   | query_time, 0.00047300755977630615
2024-05-16 20:43:20 | TRACE   | query_time, 0.00036782771348953247
2024-05-16 20:43:20 | TRACE   | query_time, 0.00021618232131004333
2024-05-16 20:43:20 | TRACE   | query_time, 0.0003297552466392517
2024-05-16 20:43:20 | TRACE   | query_time, 0.00026221200823783875
2024-05-16 20:43:20 | TRACE   | query_time, 0.00034943222999572754
2024-05-16 20:43:20 | TRACE   | query_time, 0.00031601637601852417
2024-05-16 20:43:20 | TRACE   | query_time, 0.0003190264105796814
2024-05-16 20:43:20 | TRACE   | query_time, 0.00029757991433143616
2024-05-16 20:43:20 | TRACE   | query_time, 0.00021285191178321838
2024-05-16 20:43:20 | TRACE   | query_time, 0.0004268065094947815
2024-05-16 20:43:20 | TRACE   | query_time, 0.0006823316216468811
2024-05-16 20:43:20 | TRACE   | query_time, 0.0003985166549682617
2024-05-16 20:43:20 | TRACE   | query_time, 0.0004166252911090851
2024-05-16 20:43:20 | TRACE   | query_time, 0.0003522932529449463
2024-05-16 20:43:20 | TRACE   | query_time, 0.00036360323429107666
2024-05-16 20:43:20 | TRACE   | query_time, 0.0003739967942237854
2024-05-16 20:43:20 | TRACE   | query_time, 0.0005415380001068115
2024-05-16 20:43:20 | TRACE   | query_time, 0.0006169527769088745
2024-05-16 20:43:20 | TRACE   | query_time, 0.0004669800400733948
2024-05-16 20:43:20 | TRACE   | query_time, 0.0005210079252719879
2024-05-16 20:43:20 | TRACE   | query_time, 0.00021548569202423096
2024-05-16 20:43:20 | TRACE   | query_time, 0.00042652711272239685
2024-05-16 20:43:20 | TRACE   | query_time, 0.000331338495016098
2024-05-16 20:43:20 | TRACE   | query_time, 0.00021522864699363708
2024-05-16 20:43:20 | TRACE   | query_time, 0.000599101185798645
2024-05-16 20:43:20 | TRACE   | query_time, 0.0002850443124771118
2024-05-16 20:43:20 | TRACE   | query_time, 0.00031854957342147827
2024-05-16 20:43:20 | TRACE   | query_time, 0.00024380534887313843
2024-05-16 20:43:20 | TRACE   | query_time, 0.00021291151642799377
2024-05-16 20:43:20 | TRACE   | query_time, 0.00042881444096565247
2024-05-16 20:43:20 | TRACE   | query_time, 0.0006758496165275574
2024-05-16 20:43:20 | TRACE   | query_time, 0.00035451725125312805
2024-05-16 20:43:20 | TRACE   | query_time, 0.000398784875869751
2024-05-16 20:43:20 | TRACE   | query_time, 0.0006161145865917206
2024-05-16 20:43:20 | TRACE   | query_time, 0.00038284435868263245
2024-05-16 20:43:20 | TRACE   | query_time, 0.0003758668899536133
2024-05-16 20:43:20 | TRACE   | query_time, 0.0005232132971286774
2024-05-16 20:43:20 | TRACE   | query_time, 0.00021359696984291077
2024-05-16 20:43:20 | TRACE   | query_time, 0.00034840404987335205
2024-05-16 20:43:20 | TRACE   | query_time, 0.0002571716904640198
2024-05-16 20:43:20 | TRACE   | query_time, 0.0005189962685108185
2024-05-16 20:43:20 | TRACE   | query_time, 0.0003287568688392639
2024-05-16 20:43:20 | TRACE   | query_time, 0.000302828848361969
2024-05-16 20:43:20 | TRACE   | query_time, 0.0005980581045150757
2024-05-16 20:43:20 | TRACE   | query_time, 0.0002908483147621155
2024-05-16 20:43:20 | TRACE   | query_time, 0.00021561607718467712
2024-05-16 20:43:20 | TRACE   | query_time, 0.0003193579614162445
2024-05-16 20:43:20 | TRACE   | query_time, 0.0002144165337085724
2024-05-16 20:43:20 | TRACE   | query_time, 0.000575043261051178
2024-05-16 20:43:20 | TRACE   | query_time, 0.000550098717212677
2024-05-16 20:43:20 | TRACE   | query_time, 0.00037515535950660706
2024-05-16 20:43:20 | TRACE   | query_time, 0.00033802539110183716
2024-05-16 20:43:20 | TRACE   | query_time, 0.0005116909742355347
2024-05-16 20:43:20 | TRACE   | query_time, 0.00022234395146369934
2024-05-16 20:43:20 | TRACE   | query_time, 0.0002580992877483368
2024-05-16 20:43:20 | TRACE   | query_time, 0.00042882561683654785
2024-05-16 20:43:20 | TRACE   | query_time, 0.00035813450813293457
2024-05-16 20:43:20 | TRACE   | query_time, 0.00031628087162971497
2024-05-16 20:43:20 | TRACE   | query_time, 0.0006011240184307098
2024-05-16 20:43:20 | TRACE   | query_time, 0.0002150312066078186
2024-05-16 20:43:20 | TRACE   | query_time, 0.00031604990363121033
2024-05-16 20:43:20 | TRACE   | query_time, 0.0002977997064590454
2024-05-16 20:43:20 | TRACE   | query_time, 0.0002898462116718292
2024-05-16 20:43:20 | TRACE   | query_time, 0.00033705681562423706
2024-05-16 20:43:20 | TRACE   | query_time, 0.000351637601852417
2024-05-16 20:43:20 | TRACE   | query_time, 0.0003387816250324249
2024-05-16 20:43:20 | TRACE   | query_time, 0.000541146844625473
2024-05-16 20:43:20 | TRACE   | query_time, 0.0006157085299491882
2024-05-16 20:43:20 | TRACE   | query_time, 0.00036409497261047363
2024-05-16 20:43:20 | TRACE   | query_time, 0.00041260942816734314
2024-05-16 20:43:20 | TRACE   | query_time, 0.0004882439970970154
2024-05-16 20:43:20 | TRACE   | query_time, 0.0004812367260456085
2024-05-16 20:43:20 | TRACE   | query_time, 0.0003626905381679535
2024-05-16 20:43:20 | TRACE   | query_time, 0.0002556517720222473
2024-05-16 20:43:20 | TRACE   | query_time, 0.00034569576382637024
2024-05-16 20:43:20 | TRACE   | query_time, 0.0004276297986507416
2024-05-16 20:43:20 | TRACE   | query_time, 0.0003595501184463501
2024-05-16 20:43:20 | TRACE   | query_time, 0.0004980713129043579
2024-05-16 20:43:20 | TRACE   | query_time, 0.0002998150885105133
2024-05-16 20:43:20 | TRACE   | query_time, 0.00043090060353279114
2024-05-16 20:43:20 | TRACE   | query_time, 0.0005788989365100861
2024-05-16 20:43:20 | TRACE   | query_time, 0.00034068524837493896
2024-05-16 20:43:20 | TRACE   | query_time, 0.0003987327218055725
2024-05-16 20:43:20 | TRACE   | query_time, 0.00046900659799575806
2024-05-16 20:43:20 | TRACE   | query_time, 0.00036388635635375977
2024-05-16 20:43:20 | TRACE   | query_time, 0.0002716965973377228
2024-05-16 20:43:20 | TRACE   | query_time, 0.0005268976092338562
2024-05-16 20:43:20 | TRACE   | query_time, 0.00031691789627075195
2024-05-16 20:43:20 | TRACE   | query_time, 0.00043011829257011414
2024-05-16 20:43:20 | TRACE   | query_time, 0.0002558864653110504
2024-05-16 20:43:20 | TRACE   | query_time, 0.0003406815230846405
2024-05-16 20:43:20 | TRACE   | query_time, 0.0003969520330429077
2024-05-16 20:43:20 | TRACE   | query_time, 0.00040847063064575195
2024-05-16 20:43:20 | TRACE   | query_time, 0.0003524497151374817
2024-05-16 20:43:20 | TRACE   | query_time, 0.000538121908903122
2024-05-16 20:43:20 | TRACE   | query_time, 0.0003922693431377411
2024-05-16 20:43:20 | TRACE   | query_time, 0.0005386173725128174
2024-05-16 20:43:20 | TRACE   | query_time, 0.0003287866711616516
2024-05-16 20:43:20 | TRACE   | query_time, 0.0003377683460712433
2024-05-16 20:43:20 | TRACE   | query_time, 0.00025899335741996765
2024-05-16 20:43:20 | TRACE   | query_time, 0.00025932490825653076
2024-05-16 20:43:20 | TRACE   | query_time, 0.0005147010087966919
2024-05-16 20:43:20 | TRACE   | query_time, 0.0002994053065776825
2024-05-16 20:43:20 | TRACE   | query_time, 0.0005071833729743958
2024-05-16 20:43:20 | TRACE   | query_time, 0.00031949952244758606
2024-05-16 20:43:20 | TRACE   | query_time, 0.0002984665334224701
2024-05-16 20:43:20 | TRACE   | query_time, 0.00025686249136924744
2024-05-16 20:43:20 | TRACE   | query_time, 0.000399075448513031
2024-05-16 20:43:20 | TRACE   | query_time, 0.0003403797745704651
2024-05-16 20:43:20 | TRACE   | query_time, 0.0004837699234485626
2024-05-16 20:43:20 | TRACE   | query_time, 0.00032865628600120544
2024-05-16 20:43:20 | TRACE   | query_time, 0.0005432441830635071
2024-05-16 20:43:20 | TRACE   | query_time, 0.00039263442158699036
2024-05-16 20:43:20 | TRACE   | query_time, 0.0006234720349311829
2024-05-16 20:43:20 | TRACE   | query_time, 0.0003276057541370392
2024-05-16 20:43:20 | TRACE   | query_time, 0.0004803389310836792
2024-05-16 20:43:20 | TRACE   | query_time, 0.0005912967026233673
2024-05-16 20:43:20 | TRACE   | query_time, 0.0002563893795013428
2024-05-16 20:43:20 | TRACE   | query_time, 0.0003461278975009918
2024-05-16 20:43:20 | TRACE   | query_time, 0.0003587082028388977
2024-05-16 20:43:20 | TRACE   | query_time, 0.0003399066627025604
2024-05-16 20:43:20 | TRACE   | query_time, 0.00030572712421417236
2024-05-16 20:43:20 | TRACE   | query_time, 0.0005061589181423187
2024-05-16 20:43:20 | TRACE   | query_time, 0.00032148510217666626
2024-05-16 20:43:20 | TRACE   | query_time, 0.00030240416526794434
2024-05-16 20:43:20 | TRACE   | query_time, 0.00024216622114181519
2024-05-16 20:43:20 | TRACE   | query_time, 0.00028810277581214905
2024-05-16 20:43:20 | TRACE   | query_time, 0.00025877729058265686
2024-05-16 20:43:20 | TRACE   | query_time, 0.0003079809248447418
2024-05-16 20:43:20 | TRACE   | query_time, 0.000557977706193924
2024-05-16 20:43:20 | TRACE   | query_time, 0.000365331768989563
2024-05-16 20:43:20 | TRACE   | query_time, 0.0003039315342903137
2024-05-16 20:43:20 | TRACE   | query_time, 0.00032934173941612244
2024-05-16 20:43:20 | TRACE   | query_time, 0.0004800260066986084
2024-05-16 20:43:20 | TRACE   | query_time, 0.00030449405312538147
2024-05-16 20:43:20 | TRACE   | query_time, 0.00033950433135032654
2024-05-16 20:43:20 | TRACE   | query_time, 0.00034464895725250244
2024-05-16 20:43:20 | TRACE   | query_time, 0.0004280954599380493
2024-05-16 20:43:20 | TRACE   | query_time, 0.0003655925393104553
2024-05-16 20:43:20 | TRACE   | query_time, 0.00028657540678977966
2024-05-16 20:43:20 | TRACE   | query_time, 0.0002857223153114319
2024-05-16 20:43:20 | TRACE   | query_time, 0.00042795389890670776
2024-05-16 20:43:20 | TRACE   | query_time, 0.00025840848684310913
2024-05-16 20:43:20 | TRACE   | query_time, 0.0005746185779571533
2024-05-16 20:43:20 | TRACE   | query_time, 0.0005528591573238373
2024-05-16 20:43:20 | TRACE   | query_time, 0.0003047920763492584
2024-05-16 20:43:20 | TRACE   | query_time, 0.0003092661499977112
2024-05-16 20:43:20 | TRACE   | query_time, 0.00032569095492362976
2024-05-16 20:43:20 | TRACE   | query_time, 0.0005439631640911102
2024-05-16 20:43:20 | TRACE   | query_time, 0.00030230358242988586
2024-05-16 20:43:20 | TRACE   | query_time, 0.0004848204553127289
2024-05-16 20:43:20 | TRACE   | query_time, 0.0006024688482284546
2024-05-16 20:43:20 | TRACE   | query_time, 0.00034509599208831787
2024-05-16 20:43:20 | TRACE   | query_time, 0.0003000013530254364
2024-05-16 20:43:20 | TRACE   | query_time, 0.000576511025428772
2024-05-16 20:43:20 | TRACE   | query_time, 0.0005545355379581451
2024-05-16 20:43:20 | TRACE   | query_time, 0.0003038160502910614
2024-05-16 20:43:20 | TRACE   | query_time, 0.00035245344042778015
2024-05-16 20:43:20 | TRACE   | query_time, 0.00030428916215896606
2024-05-16 20:43:20 | TRACE   | query_time, 0.00032665953040122986
2024-05-16 20:43:20 | TRACE   | query_time, 0.00038266927003860474
2024-05-16 20:43:20 | TRACE   | query_time, 0.0003048330545425415
2024-05-16 20:43:20 | TRACE   | query_time, 0.00036540254950523376
2024-05-16 20:43:20 | TRACE   | query_time, 0.0005269572138786316
2024-05-16 20:43:20 | TRACE   | query_time, 0.000347185879945755
2024-05-16 20:43:20 | TRACE   | query_time, 0.0003315173089504242
2024-05-16 20:43:20 | TRACE   | query_time, 0.00032017752528190613
2024-05-16 20:43:20 | TRACE   | query_time, 0.0006030648946762085
2024-05-16 20:43:20 | TRACE   | query_time, 0.0003158487379550934
2024-05-16 20:43:20 | TRACE   | query_time, 0.00042807310819625854
2024-05-16 20:43:20 | TRACE   | query_time, 0.0003052167594432831
2024-05-16 20:43:20 | TRACE   | query_time, 0.0003474801778793335
2024-05-16 20:43:20 | TRACE   | query_time, 0.0003289170563220978
2024-05-16 20:43:20 | TRACE   | query_time, 0.0006145797669887543
2024-05-16 20:43:20 | TRACE   | query_time, 0.00030402839183807373
2024-05-16 20:43:20 | TRACE   | query_time, 0.00048064813017845154
2024-05-16 20:43:20 | TRACE   | query_time, 0.0003407113254070282
2024-05-16 20:43:20 | TRACE   | query_time, 0.00042877718806266785
2024-05-16 20:43:20 | TRACE   | query_time, 0.0003004707396030426
2024-05-16 20:43:20 | TRACE   | query_time, 0.00030538439750671387
2024-05-16 20:43:20 | TRACE   | query_time, 0.0004157237708568573
2024-05-16 20:43:20 | TRACE   | query_time, 0.0003033764660358429
