2024-05-16 14:37:34 | DEBUG   | {'input': PosixPath('data/sportstables/binsort.zst'), 'input_type': 'binsort', 'queries': PosixPath('data/sportstables/queries/runtime_benchmark.zst'), 'estimation_mode': None, 'index_mode': 'recall', 'hist_filter': PosixPath('data/sportstables/filters/01.zst'), 'output': None, 'workers': None, 'frequency_hists': False, 'suppress_results': False, 'log_level': 'INFO', 'log_file': PosixPath('logs/runtime_benchmark/low_selectivity/sportstables-collection-binsort-single-3.log')}
2024-05-16 14:37:34 | DEBUG   | Loading input data from data/sportstables/binsort.zst
2024-05-16 14:37:34 | DEBUG   | Loading queries from data/sportstables/queries/runtime_benchmark.zst
2024-05-16 14:37:34 | DEBUG   | Loading histogram filter from data/sportstables/filters/01.zst
2024-05-16 14:37:34 | TRACE   | bootstrap_time, 0.02350977063179016
2024-05-16 14:37:34 | DEBUG   | Ignoring --index-mode as it is only relevant for non-index methods.
2024-05-16 14:37:34 | DEBUG   | Starting execution
2024-05-16 14:37:34 | TRACE   | query_time, 5.8379024267196655e-05
2024-05-16 14:37:34 | TRACE   | query_time, 5.852431058883667e-05
2024-05-16 14:37:34 | TRACE   | query_time, 4.517659544944763e-05
2024-05-16 14:37:34 | TRACE   | query_time, 4.138052463531494e-05
2024-05-16 14:37:34 | TRACE   | query_time, 1.2528151273727417e-05
2024-05-16 14:37:34 | TRACE   | query_time, 8.586794137954712e-06
2024-05-16 14:37:34 | TRACE   | query_time, 7.469207048416138e-06
2024-05-16 14:37:34 | TRACE   | query_time, 2.966448664665222e-05
2024-05-16 14:37:34 | TRACE   | query_time, 3.882497549057007e-05
2024-05-16 14:37:34 | TRACE   | query_time, 3.8702040910720825e-05
2024-05-16 14:37:34 | TRACE   | query_time, 5.0026923418045044e-05
2024-05-16 14:37:34 | TRACE   | query_time, 4.6912580728530884e-05
2024-05-16 14:37:34 | TRACE   | query_time, 1.0468065738677979e-05
2024-05-16 14:37:34 | TRACE   | query_time, 7.80448317527771e-06
2024-05-16 14:37:34 | TRACE   | query_time, 4.9423426389694214e-05
2024-05-16 14:37:34 | TRACE   | query_time, 6.399676203727722e-05
2024-05-16 14:37:34 | TRACE   | query_time, 5.0690025091171265e-05
2024-05-16 14:37:34 | TRACE   | query_time, 3.7457793951034546e-05
2024-05-16 14:37:34 | TRACE   | query_time, 5.735084414482117e-05
2024-05-16 14:37:34 | TRACE   | query_time, 5.901604890823364e-05
2024-05-16 14:37:34 | TRACE   | query_time, 4.779919981956482e-05
2024-05-16 14:37:34 | TRACE   | query_time, 5.422532558441162e-05
2024-05-16 14:37:34 | TRACE   | query_time, 3.8001686334609985e-05
2024-05-16 14:37:34 | TRACE   | query_time, 7.6107680797576904e-06
2024-05-16 14:37:34 | TRACE   | query_time, 7.6107680797576904e-06
2024-05-16 14:37:34 | TRACE   | query_time, 3.6738812923431396e-05
2024-05-16 14:37:34 | TRACE   | query_time, 5.189329385757446e-05
2024-05-16 14:37:34 | TRACE   | query_time, 4.8141926527023315e-05
2024-05-16 14:37:34 | TRACE   | query_time, 4.965439438819885e-05
2024-05-16 14:37:34 | TRACE   | query_time, 5.6196004152297974e-05
2024-05-16 14:37:34 | TRACE   | query_time, 3.692507743835449e-05
2024-05-16 14:37:34 | TRACE   | query_time, 5.747005343437195e-05
2024-05-16 14:37:34 | TRACE   | query_time, 4.229694604873657e-05
2024-05-16 14:37:34 | TRACE   | query_time, 5.457177758216858e-05
2024-05-16 14:37:34 | TRACE   | query_time, 4.229694604873657e-05
2024-05-16 14:37:34 | TRACE   | query_time, 5.8729201555252075e-05
2024-05-16 14:37:34 | TRACE   | query_time, 4.365667700767517e-05
2024-05-16 14:37:34 | TRACE   | query_time, 5.764514207839966e-05
2024-05-16 14:37:34 | TRACE   | query_time, 5.272030830383301e-05
2024-05-16 14:37:34 | TRACE   | query_time, 3.721192479133606e-05
2024-05-16 14:37:34 | TRACE   | query_time, 1.142546534538269e-05
2024-05-16 14:37:34 | TRACE   | query_time, 8.109956979751587e-06
2024-05-16 14:37:34 | TRACE   | query_time, 6.660819053649902e-06
2024-05-16 14:37:34 | TRACE   | query_time, 7.398426532745361e-06
2024-05-16 14:37:34 | TRACE   | query_time, 2.2701919078826904e-05
2024-05-16 14:37:34 | TRACE   | query_time, 1.953914761543274e-05
2024-05-16 14:37:34 | TRACE   | query_time, 4.1231513023376465e-05
2024-05-16 14:37:34 | TRACE   | query_time, 3.783777356147766e-05
2024-05-16 14:37:34 | TRACE   | query_time, 5.9153884649276733e-05
2024-05-16 14:37:34 | TRACE   | query_time, 4.651397466659546e-05
2024-05-16 14:37:34 | TRACE   | query_time, 5.092844367027283e-05
2024-05-16 14:37:34 | TRACE   | query_time, 3.643706440925598e-05
2024-05-16 14:37:34 | TRACE   | query_time, 5.370378494262695e-05
2024-05-16 14:37:34 | TRACE   | query_time, 6.52410089969635e-05
2024-05-16 14:37:34 | TRACE   | query_time, 4.743039608001709e-05
2024-05-16 14:37:34 | TRACE   | query_time, 5.375221371650696e-05
2024-05-16 14:37:34 | TRACE   | query_time, 1.1235475540161133e-05
2024-05-16 14:37:34 | TRACE   | query_time, 6.821006536483765e-06
2024-05-16 14:37:34 | TRACE   | query_time, 9.629875421524048e-06
2024-05-16 14:37:34 | TRACE   | query_time, 3.982335329055786e-05
2024-05-16 14:37:34 | TRACE   | query_time, 3.512948751449585e-05
2024-05-16 14:37:34 | TRACE   | query_time, 4.633516073226929e-05
2024-05-16 14:37:34 | TRACE   | query_time, 5.817413330078125e-05
2024-05-16 14:37:34 | TRACE   | query_time, 6.577000021934509e-05
2024-05-16 14:37:34 | TRACE   | query_time, 4.906207323074341e-05
2024-05-16 14:37:34 | TRACE   | query_time, 3.5256147384643555e-05
2024-05-16 14:37:34 | TRACE   | query_time, 4.5668333768844604e-05
2024-05-16 14:37:34 | TRACE   | query_time, 4.056096076965332e-05
2024-05-16 14:37:34 | TRACE   | query_time, 4.116818308830261e-05
2024-05-16 14:37:34 | TRACE   | query_time, 5.5242329835891724e-05
2024-05-16 14:37:34 | TRACE   | query_time, 5.218386650085449e-05
2024-05-16 14:37:34 | TRACE   | query_time, 6.43804669380188e-05
2024-05-16 14:37:34 | TRACE   | query_time, 4.598498344421387e-05
2024-05-16 14:37:34 | TRACE   | query_time, 5.695223808288574e-05
2024-05-16 14:37:34 | TRACE   | query_time, 4.47295606136322e-05
2024-05-16 14:37:34 | TRACE   | query_time, 7.160007953643799e-06
2024-05-16 14:37:34 | TRACE   | query_time, 1.0114163160324097e-05
2024-05-16 14:37:34 | TRACE   | query_time, 4.556775093078613e-05
2024-05-16 14:37:34 | TRACE   | query_time, 3.6578625440597534e-05
2024-05-16 14:37:34 | TRACE   | query_time, 4.1034072637557983e-05
2024-05-16 14:37:34 | TRACE   | query_time, 5.755200982093811e-05
2024-05-16 14:37:34 | TRACE   | query_time, 5.249679088592529e-05
2024-05-16 14:37:34 | TRACE   | query_time, 4.700198769569397e-05
2024-05-16 14:37:34 | TRACE   | query_time, 5.608797073364258e-05
2024-05-16 14:37:34 | TRACE   | query_time, 3.951042890548706e-05
2024-05-16 14:37:34 | TRACE   | query_time, 5.560368299484253e-05
2024-05-16 14:37:34 | TRACE   | query_time, 4.4986605644226074e-05
2024-05-16 14:37:34 | TRACE   | query_time, 6.370618939399719e-05
2024-05-16 14:37:34 | TRACE   | query_time, 3.873556852340698e-05
2024-05-16 14:37:34 | TRACE   | query_time, 4.098564386367798e-05
2024-05-16 14:37:34 | TRACE   | query_time, 7.1339309215545654e-06
2024-05-16 14:37:34 | TRACE   | query_time, 1.9177794456481934e-05
2024-05-16 14:37:34 | TRACE   | query_time, 5.734339356422424e-05
2024-05-16 14:37:34 | TRACE   | query_time, 4.080682992935181e-05
2024-05-16 14:37:34 | TRACE   | query_time, 5.699321627616882e-05
2024-05-16 14:37:34 | TRACE   | query_time, 4.54634428024292e-05
2024-05-16 14:37:34 | TRACE   | query_time, 5.247071385383606e-05
2024-05-16 14:37:34 | TRACE   | query_time, 4.743412137031555e-05
2024-05-16 14:37:34 | TRACE   | query_time, 3.919750452041626e-05
2024-05-16 14:37:34 | TRACE   | query_time, 5.22024929523468e-05
2024-05-16 14:37:34 | TRACE   | query_time, 5.2809715270996094e-05
2024-05-16 14:37:34 | TRACE   | query_time, 5.377084016799927e-05
2024-05-16 14:37:34 | TRACE   | query_time, 5.082041025161743e-05
2024-05-16 14:37:34 | TRACE   | query_time, 4.3477863073349e-05
2024-05-16 14:37:34 | TRACE   | query_time, 6.227195262908936e-05
2024-05-16 14:37:34 | TRACE   | query_time, 4.4833868741989136e-05
2024-05-16 14:37:34 | TRACE   | query_time, 6.288662552833557e-05
2024-05-16 14:37:34 | TRACE   | query_time, 5.6605786085128784e-05
2024-05-16 14:37:34 | TRACE   | query_time, 3.886222839355469e-05
2024-05-16 14:37:34 | TRACE   | query_time, 4.501640796661377e-05
2024-05-16 14:37:34 | TRACE   | query_time, 3.601238131523132e-05
2024-05-16 14:37:34 | TRACE   | query_time, 3.6306679248809814e-05
2024-05-16 14:37:34 | TRACE   | query_time, 3.3799558877944946e-05
2024-05-16 14:37:34 | TRACE   | query_time, 5.19677996635437e-05
2024-05-16 14:37:34 | TRACE   | query_time, 4.237145185470581e-05
2024-05-16 14:37:34 | TRACE   | query_time, 4.651769995689392e-05
2024-05-16 14:37:34 | TRACE   | query_time, 6.594136357307434e-05
2024-05-16 14:37:34 | TRACE   | query_time, 4.021450877189636e-05
2024-05-16 14:37:34 | TRACE   | query_time, 4.996731877326965e-05
2024-05-16 14:37:34 | TRACE   | query_time, 7.014721632003784e-06
2024-05-16 14:37:34 | TRACE   | query_time, 8.89599323272705e-06
2024-05-16 14:37:34 | TRACE   | query_time, 3.6090612411499023e-05
2024-05-16 14:37:34 | TRACE   | query_time, 5.495920777320862e-05
2024-05-16 14:37:34 | TRACE   | query_time, 3.958120942115784e-05
2024-05-16 14:37:34 | TRACE   | query_time, 6.607174873352051e-05
2024-05-16 14:37:34 | TRACE   | query_time, 6.146728992462158e-05
2024-05-16 14:37:34 | TRACE   | query_time, 5.581974983215332e-05
2024-05-16 14:37:34 | TRACE   | query_time, 4.406273365020752e-05
2024-05-16 14:37:34 | TRACE   | query_time, 3.4049153327941895e-05
2024-05-16 14:37:34 | TRACE   | query_time, 3.667175769805908e-05
2024-05-16 14:37:34 | TRACE   | query_time, 6.471201777458191e-05
2024-05-16 14:37:34 | TRACE   | query_time, 6.464868783950806e-05
2024-05-16 14:37:34 | TRACE   | query_time, 4.011020064353943e-05
2024-05-16 14:37:34 | TRACE   | query_time, 3.879144787788391e-05
2024-05-16 14:37:34 | TRACE   | query_time, 5.422160029411316e-05
2024-05-16 14:37:34 | TRACE   | query_time, 6.072595715522766e-05
2024-05-16 14:37:34 | TRACE   | query_time, 6.067007780075073e-05
2024-05-16 14:37:34 | TRACE   | query_time, 5.27799129486084e-05
2024-05-16 14:37:34 | TRACE   | query_time, 4.242360591888428e-05
2024-05-16 14:37:34 | TRACE   | query_time, 5.257502198219299e-05
2024-05-16 14:37:34 | TRACE   | query_time, 4.896894097328186e-05
2024-05-16 14:37:34 | TRACE   | query_time, 5.6356191635131836e-05
2024-05-16 14:37:34 | TRACE   | query_time, 7.484108209609985e-06
2024-05-16 14:37:34 | TRACE   | query_time, 2.092123031616211e-05
2024-05-16 14:37:34 | TRACE   | query_time, 6.651133298873901e-05
2024-05-16 14:37:34 | TRACE   | query_time, 3.7513673305511475e-05
2024-05-16 14:37:34 | TRACE   | query_time, 3.318861126899719e-05
2024-05-16 14:37:34 | TRACE   | query_time, 6.685405969619751e-05
2024-05-16 14:37:34 | TRACE   | query_time, 6.624683737754822e-05
2024-05-16 14:37:34 | TRACE   | query_time, 5.644187331199646e-05
2024-05-16 14:37:34 | TRACE   | query_time, 4.369765520095825e-05
2024-05-16 14:37:34 | TRACE   | query_time, 4.2147934436798096e-05
2024-05-16 14:37:34 | TRACE   | query_time, 6.352737545967102e-05
2024-05-16 14:37:34 | TRACE   | query_time, 4.4971704483032227e-05
2024-05-16 14:37:34 | TRACE   | query_time, 6.363540887832642e-05
2024-05-16 14:37:34 | TRACE   | query_time, 5.180761218070984e-05
2024-05-16 14:37:34 | TRACE   | query_time, 4.85442578792572e-05
2024-05-16 14:37:34 | TRACE   | query_time, 6.068497896194458e-05
2024-05-16 14:37:34 | TRACE   | query_time, 5.1818788051605225e-05
2024-05-16 14:37:34 | TRACE   | query_time, 4.933401942253113e-05
2024-05-16 14:37:34 | TRACE   | query_time, 6.446987390518188e-05
2024-05-16 14:37:34 | TRACE   | query_time, 6.287172436714172e-05
2024-05-16 14:37:34 | TRACE   | query_time, 4.863366484642029e-05
2024-05-16 14:37:34 | TRACE   | query_time, 6.521493196487427e-05
2024-05-16 14:37:34 | TRACE   | query_time, 5.585700273513794e-05
2024-05-16 14:37:34 | TRACE   | query_time, 7.938593626022339e-06
2024-05-16 14:37:34 | TRACE   | query_time, 6.910413503646851e-06
2024-05-16 14:37:34 | TRACE   | query_time, 1.8540769815444946e-05
2024-05-16 14:37:34 | TRACE   | query_time, 3.3389776945114136e-05
2024-05-16 14:37:34 | TRACE   | query_time, 3.880634903907776e-05
2024-05-16 14:37:34 | TRACE   | query_time, 3.8601458072662354e-05
2024-05-16 14:37:34 | TRACE   | query_time, 3.377348184585571e-05
2024-05-16 14:37:34 | TRACE   | query_time, 3.604218363761902e-05
2024-05-16 14:37:34 | TRACE   | query_time, 6.280466914176941e-05
2024-05-16 14:37:34 | TRACE   | query_time, 4.4226646423339844e-05
2024-05-16 14:37:34 | TRACE   | query_time, 4.9892812967300415e-05
2024-05-16 14:37:34 | TRACE   | query_time, 6.243214011192322e-05
2024-05-16 14:37:34 | TRACE   | query_time, 3.6891549825668335e-05
2024-05-16 14:37:34 | TRACE   | query_time, 5.116313695907593e-05
2024-05-16 14:37:34 | TRACE   | query_time, 4.686415195465088e-05
2024-05-16 14:37:34 | TRACE   | query_time, 6.420537829399109e-05
2024-05-16 14:37:34 | TRACE   | query_time, 3.393739461898804e-05
2024-05-16 14:37:34 | TRACE   | query_time, 1.0367482900619507e-05
2024-05-16 14:37:34 | TRACE   | query_time, 6.992369890213013e-06
2024-05-16 14:37:34 | TRACE   | query_time, 6.520375609397888e-05
2024-05-16 14:37:34 | TRACE   | query_time, 5.334243178367615e-05
2024-05-16 14:37:34 | TRACE   | query_time, 3.295019268989563e-05
2024-05-16 14:37:34 | TRACE   | query_time, 4.978477954864502e-05
2024-05-16 14:37:34 | TRACE   | query_time, 4.5593827962875366e-05
2024-05-16 14:37:34 | TRACE   | query_time, 3.307312726974487e-05
2024-05-16 14:37:34 | TRACE   | query_time, 6.38328492641449e-05
2024-05-16 14:37:34 | TRACE   | query_time, 5.093589425086975e-05
2024-05-16 14:37:34 | TRACE   | query_time, 5.9157609939575195e-05
2024-05-16 14:37:34 | TRACE   | query_time, 4.271790385246277e-05
2024-05-16 14:37:34 | TRACE   | query_time, 3.9268285036087036e-05
2024-05-16 14:37:34 | TRACE   | query_time, 4.7963112592697144e-05
2024-05-16 14:37:34 | TRACE   | query_time, 3.309175372123718e-05
2024-05-16 14:37:34 | TRACE   | query_time, 7.1339309215545654e-06
2024-05-16 14:37:34 | TRACE   | query_time, 4.1794031858444214e-05
2024-05-16 14:37:34 | TRACE   | query_time, 3.6366283893585205e-05
2024-05-16 14:37:34 | TRACE   | query_time, 3.4011900424957275e-05
2024-05-16 14:37:34 | TRACE   | query_time, 5.264952778816223e-05
2024-05-16 14:37:34 | TRACE   | query_time, 6.309151649475098e-05
2024-05-16 14:37:34 | TRACE   | query_time, 4.4111162424087524e-05
2024-05-16 14:37:34 | TRACE   | query_time, 3.8933008909225464e-05
2024-05-16 14:37:34 | TRACE   | query_time, 6.943196058273315e-05
2024-05-16 14:37:34 | TRACE   | query_time, 4.212185740470886e-05
2024-05-16 14:37:34 | TRACE   | query_time, 5.849078297615051e-05
2024-05-16 14:37:34 | TRACE   | query_time, 5.945935845375061e-05
2024-05-16 14:37:34 | TRACE   | query_time, 6.418302655220032e-05
2024-05-16 14:37:34 | TRACE   | query_time, 6.615743041038513e-05
2024-05-16 14:37:34 | TRACE   | query_time, 5.093589425086975e-05
2024-05-16 14:37:34 | TRACE   | query_time, 5.023181438446045e-05
2024-05-16 14:37:34 | TRACE   | query_time, 6.723776459693909e-05
2024-05-16 14:37:34 | TRACE   | query_time, 3.3449381589889526e-05
2024-05-16 14:37:34 | TRACE   | query_time, 7.741153240203857e-06
2024-05-16 14:37:34 | TRACE   | query_time, 1.7412006855010986e-05
2024-05-16 14:37:34 | TRACE   | query_time, 4.122033715248108e-05
2024-05-16 14:37:34 | TRACE   | query_time, 5.4076313972473145e-05
2024-05-16 14:37:34 | TRACE   | query_time, 3.85381281375885e-05
2024-05-16 14:37:34 | TRACE   | query_time, 6.27078115940094e-05
2024-05-16 14:37:34 | TRACE   | query_time, 5.9291720390319824e-05
2024-05-16 14:37:34 | TRACE   | query_time, 4.2263418436050415e-05
2024-05-16 14:37:34 | TRACE   | query_time, 4.3392181396484375e-05
2024-05-16 14:37:34 | TRACE   | query_time, 6.853044033050537e-05
2024-05-16 14:37:34 | TRACE   | query_time, 4.1544437408447266e-05
2024-05-16 14:37:34 | TRACE   | query_time, 4.95128333568573e-05
2024-05-16 14:37:34 | TRACE   | query_time, 6.666406989097595e-05
2024-05-16 14:37:34 | TRACE   | query_time, 6.162002682685852e-05
2024-05-16 14:37:34 | TRACE   | query_time, 4.731118679046631e-05
2024-05-16 14:37:34 | TRACE   | query_time, 1.0631978511810303e-05
2024-05-16 14:37:34 | TRACE   | query_time, 7.74487853050232e-06
2024-05-16 14:37:34 | TRACE   | query_time, 6.240978837013245e-05
2024-05-16 14:37:34 | TRACE   | query_time, 3.2670795917510986e-05
2024-05-16 14:37:34 | TRACE   | query_time, 3.167986869812012e-05
2024-05-16 14:37:34 | TRACE   | query_time, 3.6228448152542114e-05
2024-05-16 14:37:34 | TRACE   | query_time, 3.194436430931091e-05
2024-05-16 14:37:34 | TRACE   | query_time, 7.138773798942566e-05
2024-05-16 14:37:34 | TRACE   | query_time, 6.005913019180298e-05
2024-05-16 14:37:34 | TRACE   | query_time, 5.958974361419678e-05
2024-05-16 14:37:34 | TRACE   | query_time, 4.739686846733093e-05
2024-05-16 14:37:34 | TRACE   | query_time, 4.815682768821716e-05
2024-05-16 14:37:34 | TRACE   | query_time, 5.999952554702759e-05
2024-05-16 14:37:34 | TRACE   | query_time, 5.027279257774353e-05
2024-05-16 14:37:34 | TRACE   | query_time, 6.477534770965576e-05
2024-05-16 14:37:34 | TRACE   | query_time, 3.7439167499542236e-05
2024-05-16 14:37:34 | TRACE   | query_time, 5.144253373146057e-05
2024-05-16 14:37:34 | TRACE   | query_time, 1.056864857673645e-05
2024-05-16 14:37:34 | TRACE   | query_time, 4.5787543058395386e-05
2024-05-16 14:37:34 | TRACE   | query_time, 3.1322240829467773e-05
2024-05-16 14:37:34 | TRACE   | query_time, 3.357976675033569e-05
2024-05-16 14:37:34 | TRACE   | query_time, 5.6780874729156494e-05
2024-05-16 14:37:34 | TRACE   | query_time, 4.0162354707717896e-05
2024-05-16 14:37:34 | TRACE   | query_time, 4.116073250770569e-05
2024-05-16 14:37:34 | TRACE   | query_time, 5.977600812911987e-05
2024-05-16 14:37:34 | TRACE   | query_time, 4.176422953605652e-05
2024-05-16 14:37:34 | TRACE   | query_time, 3.1538307666778564e-05
2024-05-16 14:37:34 | TRACE   | query_time, 7.591769099235535e-05
2024-05-16 14:37:34 | TRACE   | query_time, 3.623589873313904e-05
2024-05-16 14:37:34 | TRACE   | query_time, 4.529207944869995e-05
2024-05-16 14:37:34 | TRACE   | query_time, 5.9567391872406006e-05
2024-05-16 14:37:34 | TRACE   | query_time, 4.832446575164795e-05
2024-05-16 14:37:34 | TRACE   | query_time, 4.817545413970947e-05
2024-05-16 14:37:34 | TRACE   | query_time, 3.7711113691329956e-05
2024-05-16 14:37:34 | TRACE   | query_time, 5.831196904182434e-05
2024-05-16 14:37:34 | TRACE   | query_time, 7.253140211105347e-06
2024-05-16 14:37:34 | TRACE   | query_time, 4.459545016288757e-05
2024-05-16 14:37:34 | TRACE   | query_time, 3.505498170852661e-05
2024-05-16 14:37:34 | TRACE   | query_time, 4.1857361793518066e-05
2024-05-16 14:37:34 | TRACE   | query_time, 3.327801823616028e-05
2024-05-16 14:37:34 | TRACE   | query_time, 3.3449381589889526e-05
2024-05-16 14:37:34 | TRACE   | query_time, 3.569945693016052e-05
2024-05-16 14:37:34 | TRACE   | query_time, 3.714114427566528e-05
2024-05-16 14:37:34 | TRACE   | query_time, 4.661083221435547e-05
2024-05-16 14:37:34 | TRACE   | query_time, 4.624947905540466e-05
2024-05-16 14:37:34 | TRACE   | query_time, 5.731359124183655e-05
2024-05-16 14:37:34 | TRACE   | query_time, 5.527585744857788e-05
2024-05-16 14:37:34 | TRACE   | query_time, 5.459785461425781e-05
2024-05-16 14:37:34 | TRACE   | query_time, 5.4407864809036255e-05
2024-05-16 14:37:34 | TRACE   | query_time, 3.5140663385391235e-05
2024-05-16 14:37:34 | TRACE   | query_time, 5.636736750602722e-05
2024-05-16 14:37:34 | TRACE   | query_time, 1.0415911674499512e-05
2024-05-16 14:37:34 | TRACE   | query_time, 4.409626126289368e-05
2024-05-16 14:37:34 | TRACE   | query_time, 5.4348260164260864e-05
2024-05-16 14:37:34 | TRACE   | query_time, 3.98196280002594e-05
2024-05-16 14:37:34 | TRACE   | query_time, 3.5043805837631226e-05
2024-05-16 14:37:34 | TRACE   | query_time, 3.986433148384094e-05
2024-05-16 14:37:34 | TRACE   | query_time, 4.1600316762924194e-05
2024-05-16 14:37:34 | TRACE   | query_time, 6.671994924545288e-05
2024-05-16 14:37:34 | TRACE   | query_time, 3.508850932121277e-05
2024-05-16 14:37:34 | TRACE   | query_time, 4.3589621782302856e-05
2024-05-16 14:37:34 | TRACE   | query_time, 3.5256147384643555e-05
2024-05-16 14:37:34 | TRACE   | query_time, 6.433576345443726e-05
2024-05-16 14:37:34 | TRACE   | query_time, 4.4696033000946045e-05
2024-05-16 14:37:34 | TRACE   | query_time, 4.4051557779312134e-05
2024-05-16 14:37:34 | TRACE   | query_time, 5.324557423591614e-05
2024-05-16 14:37:34 | TRACE   | query_time, 5.6978315114974976e-05
2024-05-16 14:37:34 | TRACE   | query_time, 5.432590842247009e-05
2024-05-16 14:37:34 | TRACE   | query_time, 5.42663037776947e-05
2024-05-16 14:37:34 | TRACE   | query_time, 6.232038140296936e-05
2024-05-16 14:37:34 | TRACE   | query_time, 4.429742693901062e-05
2024-05-16 14:37:34 | TRACE   | query_time, 5.577504634857178e-05
2024-05-16 14:37:34 | TRACE   | query_time, 4.388391971588135e-05
2024-05-16 14:37:34 | TRACE   | query_time, 5.823001265525818e-05
2024-05-16 14:37:34 | TRACE   | query_time, 4.930421710014343e-05
2024-05-16 14:37:34 | TRACE   | query_time, 6.807222962379456e-05
2024-05-16 14:37:34 | TRACE   | query_time, 3.112480044364929e-05
2024-05-16 14:37:34 | TRACE   | query_time, 1.0766088962554932e-05
2024-05-16 14:37:34 | TRACE   | query_time, 9.51811671257019e-06
2024-05-16 14:37:34 | TRACE   | query_time, 3.4712255001068115e-05
2024-05-16 14:37:34 | TRACE   | query_time, 3.1791627407073975e-05
2024-05-16 14:37:34 | TRACE   | query_time, 3.931298851966858e-05
2024-05-16 14:37:34 | TRACE   | query_time, 3.2339245080947876e-05
2024-05-16 14:37:34 | TRACE   | query_time, 5.321577191352844e-05
2024-05-16 14:37:34 | TRACE   | query_time, 6.774812936782837e-05
2024-05-16 14:37:34 | TRACE   | query_time, 4.415959119796753e-05
2024-05-16 14:37:34 | TRACE   | query_time, 7.246434688568115e-05
2024-05-16 14:37:34 | TRACE   | query_time, 6.471574306488037e-05
2024-05-16 14:37:34 | TRACE   | query_time, 3.931298851966858e-05
2024-05-16 14:37:34 | TRACE   | query_time, 3.819167613983154e-05
2024-05-16 14:37:34 | TRACE   | query_time, 5.547329783439636e-05
2024-05-16 14:37:34 | TRACE   | query_time, 4.820898175239563e-05
2024-05-16 14:37:34 | TRACE   | query_time, 7.552653551101685e-05
2024-05-16 14:37:34 | TRACE   | query_time, 5.8107078075408936e-05
2024-05-16 14:37:34 | TRACE   | query_time, 6.00181519985199e-05
2024-05-16 14:37:34 | TRACE   | query_time, 3.574788570404053e-05
2024-05-16 14:37:34 | TRACE   | query_time, 4.200637340545654e-05
2024-05-16 14:37:34 | TRACE   | query_time, 5.620718002319336e-05
2024-05-16 14:37:34 | TRACE   | query_time, 5.733221769332886e-05
2024-05-16 14:37:34 | TRACE   | query_time, 7.2605907917022705e-06
2024-05-16 14:37:34 | TRACE   | query_time, 6.9141387939453125e-06
2024-05-16 14:37:34 | TRACE   | query_time, 6.7390501499176025e-06
2024-05-16 14:37:34 | TRACE   | query_time, 1.8619000911712646e-05
2024-05-16 14:37:34 | TRACE   | query_time, 5.3379684686660767e-05
2024-05-16 14:37:34 | TRACE   | query_time, 0.0005622543394565582
2024-05-16 14:37:34 | TRACE   | query_time, 0.00012910738587379456
2024-05-16 14:37:34 | TRACE   | query_time, 7.44350254535675e-05
2024-05-16 14:37:34 | TRACE   | query_time, 0.00014453381299972534
2024-05-16 14:37:34 | TRACE   | query_time, 5.1997601985931396e-05
2024-05-16 14:37:34 | TRACE   | query_time, 6.397441029548645e-05
2024-05-16 14:37:34 | TRACE   | query_time, 5.979090929031372e-05
2024-05-16 14:37:34 | TRACE   | query_time, 8.166208863258362e-05
2024-05-16 14:37:34 | TRACE   | query_time, 5.375966429710388e-05
2024-05-16 14:37:34 | TRACE   | query_time, 7.497891783714294e-05
2024-05-16 14:37:34 | TRACE   | query_time, 8.735805749893188e-05
2024-05-16 14:37:34 | TRACE   | query_time, 0.0001324377954006195
2024-05-16 14:37:34 | TRACE   | query_time, 0.00011305883526802063
2024-05-16 14:37:34 | TRACE   | query_time, 5.209818482398987e-05
2024-05-16 14:37:34 | TRACE   | query_time, 0.0002985447645187378
2024-05-16 14:37:34 | TRACE   | query_time, 0.00021755695343017578
2024-05-16 14:37:34 | TRACE   | query_time, 0.0006777569651603699
2024-05-16 14:37:34 | TRACE   | query_time, 0.0006675869226455688
2024-05-16 14:37:34 | TRACE   | query_time, 0.00047943368554115295
2024-05-16 14:37:34 | TRACE   | query_time, 0.0006321035325527191
2024-05-16 14:37:34 | TRACE   | query_time, 9.160488843917847e-05
2024-05-16 14:37:34 | TRACE   | query_time, 7.233768701553345e-05
2024-05-16 14:37:34 | TRACE   | query_time, 0.0002215169370174408
2024-05-16 14:37:34 | TRACE   | query_time, 7.7027827501297e-05
2024-05-16 14:37:34 | TRACE   | query_time, 7.136538624763489e-05
2024-05-16 14:37:34 | TRACE   | query_time, 0.00010460615158081055
2024-05-16 14:37:34 | TRACE   | query_time, 7.926300168037415e-05
2024-05-16 14:37:34 | TRACE   | query_time, 0.00012868642807006836
2024-05-16 14:37:34 | TRACE   | query_time, 7.198378443717957e-05
2024-05-16 14:37:34 | TRACE   | query_time, 7.447227835655212e-05
2024-05-16 14:37:34 | TRACE   | query_time, 7.875636219978333e-05
2024-05-16 14:37:34 | TRACE   | query_time, 0.0005444586277008057
2024-05-16 14:37:34 | TRACE   | query_time, 0.000675540417432785
2024-05-16 14:37:34 | TRACE   | query_time, 0.0006850622594356537
2024-05-16 14:37:34 | TRACE   | query_time, 0.0006748959422111511
2024-05-16 14:37:34 | TRACE   | query_time, 9.064003825187683e-05
2024-05-16 14:37:34 | TRACE   | query_time, 7.34478235244751e-05
2024-05-16 14:37:34 | TRACE   | query_time, 6.923452019691467e-05
2024-05-16 14:37:34 | TRACE   | query_time, 7.651746273040771e-05
2024-05-16 14:37:34 | TRACE   | query_time, 0.00011777505278587341
2024-05-16 14:37:34 | TRACE   | query_time, 0.00010587647557258606
2024-05-16 14:37:34 | TRACE   | query_time, 6.215646862983704e-05
2024-05-16 14:37:34 | TRACE   | query_time, 0.0002791956067085266
2024-05-16 14:37:34 | TRACE   | query_time, 0.0005706995725631714
2024-05-16 14:37:34 | TRACE   | query_time, 0.00047273188829421997
2024-05-16 14:37:34 | TRACE   | query_time, 7.397308945655823e-05
2024-05-16 14:37:34 | TRACE   | query_time, 7.20880925655365e-05
2024-05-16 14:37:34 | TRACE   | query_time, 7.689371705055237e-05
2024-05-16 14:37:34 | TRACE   | query_time, 0.0001166611909866333
2024-05-16 14:37:34 | TRACE   | query_time, 0.00011697039008140564
2024-05-16 14:37:34 | TRACE   | query_time, 0.0001024194061756134
2024-05-16 14:37:34 | TRACE   | query_time, 0.0002903155982494354
2024-05-16 14:37:34 | TRACE   | query_time, 0.00018153339624404907
2024-05-16 14:37:34 | TRACE   | query_time, 7.303804159164429e-05
2024-05-16 14:37:34 | TRACE   | query_time, 0.0005340017378330231
2024-05-16 14:37:34 | TRACE   | query_time, 0.0006491988897323608
2024-05-16 14:37:34 | TRACE   | query_time, 0.0005345791578292847
2024-05-16 14:37:34 | TRACE   | query_time, 0.0005947314202785492
2024-05-16 14:37:34 | TRACE   | query_time, 0.0004956647753715515
2024-05-16 14:37:34 | TRACE   | query_time, 8.858367800712585e-05
2024-05-16 14:37:34 | TRACE   | query_time, 0.00017561018466949463
2024-05-16 14:37:34 | TRACE   | query_time, 0.00022374093532562256
2024-05-16 14:37:34 | TRACE   | query_time, 9.476765990257263e-05
2024-05-16 14:37:34 | TRACE   | query_time, 6.752088665962219e-05
2024-05-16 14:37:34 | TRACE   | query_time, 0.00011827796697616577
2024-05-16 14:37:34 | TRACE   | query_time, 6.540119647979736e-05
2024-05-16 14:37:34 | TRACE   | query_time, 7.168948650360107e-05
2024-05-16 14:37:34 | TRACE   | query_time, 0.0004625469446182251
2024-05-16 14:37:34 | TRACE   | query_time, 0.0006656982004642487
2024-05-16 14:37:34 | TRACE   | query_time, 0.0006172917783260345
2024-05-16 14:37:34 | TRACE   | query_time, 0.0006863102316856384
2024-05-16 14:37:34 | TRACE   | query_time, 7.286295294761658e-05
2024-05-16 14:37:34 | TRACE   | query_time, 0.00011493638157844543
2024-05-16 14:37:34 | TRACE   | query_time, 8.586421608924866e-05
2024-05-16 14:37:34 | TRACE   | query_time, 0.00012471899390220642
2024-05-16 14:37:34 | TRACE   | query_time, 0.00012389197945594788
2024-05-16 14:37:34 | TRACE   | query_time, 0.00011577829718589783
2024-05-16 14:37:34 | TRACE   | query_time, 9.86829400062561e-05
2024-05-16 14:37:34 | TRACE   | query_time, 6.867572665214539e-05
2024-05-16 14:37:34 | TRACE   | query_time, 0.00016410648822784424
2024-05-16 14:37:34 | TRACE   | query_time, 0.0002025701105594635
2024-05-16 14:37:34 | TRACE   | query_time, 0.0006633996963500977
2024-05-16 14:37:34 | TRACE   | query_time, 0.0006422102451324463
2024-05-16 14:37:34 | TRACE   | query_time, 0.0006851330399513245
2024-05-16 14:37:34 | TRACE   | query_time, 0.0006815157830715179
2024-05-16 14:37:34 | TRACE   | query_time, 0.0006706193089485168
2024-05-16 14:37:34 | TRACE   | query_time, 0.0005489513278007507
2024-05-16 14:37:34 | TRACE   | query_time, 0.000455610454082489
2024-05-16 14:37:34 | TRACE   | query_time, 0.0006085038185119629
2024-05-16 14:37:34 | TRACE   | query_time, 0.00021990761160850525
2024-05-16 14:37:34 | TRACE   | query_time, 6.725266575813293e-05
2024-05-16 14:37:34 | TRACE   | query_time, 0.00016580894589424133
2024-05-16 14:37:34 | TRACE   | query_time, 0.00011301785707473755
2024-05-16 14:37:34 | TRACE   | query_time, 6.937608122825623e-05
2024-05-16 14:37:34 | TRACE   | query_time, 0.000273142009973526
2024-05-16 14:37:34 | TRACE   | query_time, 9.171664714813232e-05
2024-05-16 14:37:34 | TRACE   | query_time, 0.00011396780610084534
2024-05-16 14:37:34 | TRACE   | query_time, 7.232651114463806e-05
2024-05-16 14:37:34 | TRACE   | query_time, 6.682053208351135e-05
2024-05-16 14:37:34 | TRACE   | query_time, 0.0001695379614830017
2024-05-16 14:37:34 | TRACE   | query_time, 0.00020041316747665405
2024-05-16 14:37:34 | TRACE   | query_time, 0.0006838664412498474
2024-05-16 14:37:34 | TRACE   | query_time, 0.0006544552743434906
2024-05-16 14:37:34 | TRACE   | query_time, 0.00045196712017059326
2024-05-16 14:37:34 | TRACE   | query_time, 0.0006512962281703949
2024-05-16 14:37:34 | TRACE   | query_time, 0.0006697811186313629
2024-05-16 14:37:34 | TRACE   | query_time, 0.00021419674158096313
2024-05-16 14:37:34 | TRACE   | query_time, 6.887689232826233e-05
2024-05-16 14:37:34 | TRACE   | query_time, 0.00011754035949707031
2024-05-16 14:37:34 | TRACE   | query_time, 7.836893200874329e-05
2024-05-16 14:37:34 | TRACE   | query_time, 0.00021025538444519043
2024-05-16 14:37:34 | TRACE   | query_time, 0.00010986253619194031
2024-05-16 14:37:34 | TRACE   | query_time, 9.467825293540955e-05
2024-05-16 14:37:34 | TRACE   | query_time, 0.00026546791195869446
2024-05-16 14:37:34 | TRACE   | query_time, 0.00010237470269203186
2024-05-16 14:37:34 | TRACE   | query_time, 7.113441824913025e-05
2024-05-16 14:37:34 | TRACE   | query_time, 0.00011219456791877747
2024-05-16 14:37:34 | TRACE   | query_time, 6.784498691558838e-05
2024-05-16 14:37:34 | TRACE   | query_time, 0.0002513192594051361
2024-05-16 14:37:34 | TRACE   | query_time, 0.0005168765783309937
2024-05-16 14:37:34 | TRACE   | query_time, 0.0006658025085926056
2024-05-16 14:37:34 | TRACE   | query_time, 0.0006860122084617615
2024-05-16 14:37:34 | TRACE   | query_time, 0.00021341443061828613
2024-05-16 14:37:34 | TRACE   | query_time, 6.65523111820221e-05
2024-05-16 14:37:34 | TRACE   | query_time, 8.023902773857117e-05
2024-05-16 14:37:34 | TRACE   | query_time, 0.00016371160745620728
2024-05-16 14:37:34 | TRACE   | query_time, 0.00012028217315673828
2024-05-16 14:37:34 | TRACE   | query_time, 0.00011532381176948547
2024-05-16 14:37:34 | TRACE   | query_time, 0.0002632215619087219
2024-05-16 14:37:34 | TRACE   | query_time, 6.812810897827148e-05
2024-05-16 14:37:34 | TRACE   | query_time, 0.00011029094457626343
2024-05-16 14:37:34 | TRACE   | query_time, 9.080395102500916e-05
2024-05-16 14:37:34 | TRACE   | query_time, 8.879974484443665e-05
2024-05-16 14:37:34 | TRACE   | query_time, 0.0006830133497714996
2024-05-16 14:37:34 | TRACE   | query_time, 0.0006688497960567474
2024-05-16 14:37:34 | TRACE   | query_time, 0.0006835460662841797
2024-05-16 14:37:34 | TRACE   | query_time, 0.0005363859236240387
2024-05-16 14:37:34 | TRACE   | query_time, 0.00044348835945129395
2024-05-16 14:37:34 | TRACE   | query_time, 0.0006610490381717682
2024-05-16 14:37:34 | TRACE   | query_time, 0.0006485842168331146
2024-05-16 14:37:34 | TRACE   | query_time, 0.0005843415856361389
2024-05-16 14:37:34 | TRACE   | query_time, 0.0005671307444572449
2024-05-16 14:37:34 | TRACE   | query_time, 0.0006747879087924957
2024-05-16 14:37:34 | TRACE   | query_time, 7.869675755500793e-05
2024-05-16 14:37:34 | TRACE   | query_time, 0.00011442229151725769
2024-05-16 14:37:34 | TRACE   | query_time, 0.0001614391803741455
2024-05-16 14:37:34 | TRACE   | query_time, 0.00011907890439033508
2024-05-16 14:37:34 | TRACE   | query_time, 0.0001848861575126648
2024-05-16 14:37:34 | TRACE   | query_time, 9.218230843544006e-05
2024-05-16 14:37:34 | TRACE   | query_time, 0.00015212595462799072
2024-05-16 14:37:34 | TRACE   | query_time, 0.00024191662669181824
2024-05-16 14:37:34 | TRACE   | query_time, 0.0006755702197551727
2024-05-16 14:37:34 | TRACE   | query_time, 0.0006415098905563354
2024-05-16 14:37:34 | TRACE   | query_time, 0.0005916804075241089
2024-05-16 14:37:34 | TRACE   | query_time, 0.0006610676646232605
2024-05-16 14:37:34 | TRACE   | query_time, 8.308514952659607e-05
2024-05-16 14:37:34 | TRACE   | query_time, 0.00020207837224006653
2024-05-16 14:37:34 | TRACE   | query_time, 0.00010753050446510315
2024-05-16 14:37:34 | TRACE   | query_time, 0.0001621544361114502
2024-05-16 14:37:34 | TRACE   | query_time, 7.63721764087677e-05
2024-05-16 14:37:34 | TRACE   | query_time, 0.0006698071956634521
2024-05-16 14:37:34 | TRACE   | query_time, 0.0006315037608146667
2024-05-16 14:37:34 | TRACE   | query_time, 0.0006184391677379608
2024-05-16 14:37:34 | TRACE   | query_time, 0.0006568953394889832
2024-05-16 14:37:34 | TRACE   | query_time, 0.0005274303257465363
2024-05-16 14:37:34 | TRACE   | query_time, 0.0006196014583110809
2024-05-16 14:37:34 | TRACE   | query_time, 0.0005301125347614288
2024-05-16 14:37:34 | TRACE   | query_time, 0.0006725229322910309
2024-05-16 14:37:34 | TRACE   | query_time, 0.0006613060832023621
2024-05-16 14:37:34 | TRACE   | query_time, 7.400661706924438e-05
2024-05-16 14:37:34 | TRACE   | query_time, 7.588788866996765e-05
2024-05-16 14:37:34 | TRACE   | query_time, 0.00020052865147590637
2024-05-16 14:37:34 | TRACE   | query_time, 8.912011981010437e-05
2024-05-16 14:37:34 | TRACE   | query_time, 0.00017842277884483337
2024-05-16 14:37:34 | TRACE   | query_time, 0.00010589510202407837
2024-05-16 14:37:34 | TRACE   | query_time, 8.921325206756592e-05
2024-05-16 14:37:34 | TRACE   | query_time, 7.48559832572937e-05
2024-05-16 14:37:34 | TRACE   | query_time, 0.0006262809038162231
2024-05-16 14:37:34 | TRACE   | query_time, 0.0006601661443710327
2024-05-16 14:37:34 | TRACE   | query_time, 0.0005569905042648315
2024-05-16 14:37:34 | TRACE   | query_time, 0.0006647370755672455
2024-05-16 14:37:34 | TRACE   | query_time, 0.0005206391215324402
2024-05-16 14:37:34 | TRACE   | query_time, 0.0006139650940895081
2024-05-16 14:37:34 | TRACE   | query_time, 0.00043244659900665283
2024-05-16 14:37:34 | TRACE   | query_time, 0.0006626695394515991
2024-05-16 14:37:34 | TRACE   | query_time, 0.0005535222589969635
2024-05-16 14:37:34 | TRACE   | query_time, 0.0004487745463848114
2024-05-16 14:37:34 | TRACE   | query_time, 7.318705320358276e-05
2024-05-16 14:37:34 | TRACE   | query_time, 0.00011182203888893127
2024-05-16 14:37:34 | TRACE   | query_time, 0.00011325627565383911
2024-05-16 14:37:34 | TRACE   | query_time, 0.00010205432772636414
2024-05-16 14:37:34 | TRACE   | query_time, 8.798390626907349e-05
2024-05-16 14:37:34 | TRACE   | query_time, 0.0001761019229888916
2024-05-16 14:37:34 | TRACE   | query_time, 0.00011124461889266968
2024-05-16 14:37:34 | TRACE   | query_time, 8.667632937431335e-05
2024-05-16 14:37:34 | TRACE   | query_time, 7.110834121704102e-05
2024-05-16 14:37:34 | TRACE   | query_time, 8.505210280418396e-05
2024-05-16 14:37:34 | TRACE   | query_time, 7.361173629760742e-05
2024-05-16 14:37:34 | TRACE   | query_time, 0.0006647221744060516
2024-05-16 14:37:34 | TRACE   | query_time, 0.000494934618473053
2024-05-16 14:37:34 | TRACE   | query_time, 0.0006371401250362396
2024-05-16 14:37:34 | TRACE   | query_time, 0.0006595775485038757
2024-05-16 14:37:34 | TRACE   | query_time, 0.0006546564400196075
2024-05-16 14:37:34 | TRACE   | query_time, 0.000539485365152359
2024-05-16 14:37:34 | TRACE   | query_time, 0.0006650947034358978
2024-05-16 14:37:34 | TRACE   | query_time, 0.0006476938724517822
2024-05-16 14:37:34 | TRACE   | query_time, 0.00010852888226509094
2024-05-16 14:37:34 | TRACE   | query_time, 0.00014970079064369202
2024-05-16 14:37:34 | TRACE   | query_time, 0.00011380761861801147
2024-05-16 14:37:34 | TRACE   | query_time, 8.27200710773468e-05
2024-05-16 14:37:34 | TRACE   | query_time, 8.510798215866089e-05
2024-05-16 14:37:34 | TRACE   | query_time, 0.00014035403728485107
2024-05-16 14:37:34 | TRACE   | query_time, 7.199496030807495e-05
2024-05-16 14:37:34 | TRACE   | query_time, 0.00022735446691513062
2024-05-16 14:37:34 | TRACE   | query_time, 0.0004827268421649933
2024-05-16 14:37:34 | TRACE   | query_time, 0.0006565004587173462
2024-05-16 14:37:34 | TRACE   | query_time, 0.0006553009152412415
2024-05-16 14:37:34 | TRACE   | query_time, 0.0006560683250427246
2024-05-16 14:37:34 | TRACE   | query_time, 0.0005063973367214203
2024-05-16 14:37:34 | TRACE   | query_time, 0.0006534084677696228
2024-05-16 14:37:34 | TRACE   | query_time, 0.0005516558885574341
2024-05-16 14:37:34 | TRACE   | query_time, 0.00023987144231796265
2024-05-16 14:37:34 | TRACE   | query_time, 9.659677743911743e-05
2024-05-16 14:37:34 | TRACE   | query_time, 8.437409996986389e-05
2024-05-16 14:37:34 | TRACE   | query_time, 0.0002245865762233734
2024-05-16 14:37:34 | TRACE   | query_time, 0.0004751458764076233
2024-05-16 14:37:34 | TRACE   | query_time, 0.0006466507911682129
2024-05-16 14:37:34 | TRACE   | query_time, 0.0006244070827960968
2024-05-16 14:37:34 | TRACE   | query_time, 0.0006446279585361481
2024-05-16 14:37:34 | TRACE   | query_time, 0.0006361491978168488
2024-05-16 14:37:34 | TRACE   | query_time, 0.0005882345139980316
2024-05-16 14:37:34 | TRACE   | query_time, 0.0006430819630622864
2024-05-16 14:37:34 | TRACE   | query_time, 0.0006203092634677887
2024-05-16 14:37:34 | TRACE   | query_time, 0.00019140169024467468
2024-05-16 14:37:34 | TRACE   | query_time, 0.00010516494512557983
2024-05-16 14:37:34 | TRACE   | query_time, 9.810179471969604e-05
2024-05-16 14:37:34 | TRACE   | query_time, 0.00010474026203155518
2024-05-16 14:37:34 | TRACE   | query_time, 0.0002354830503463745
2024-05-16 14:37:34 | TRACE   | query_time, 0.00010023266077041626
2024-05-16 14:37:34 | TRACE   | query_time, 0.00013678520917892456
2024-05-16 14:37:34 | TRACE   | query_time, 0.0006388574838638306
2024-05-16 14:37:34 | TRACE   | query_time, 0.000620666891336441
2024-05-16 14:37:34 | TRACE   | query_time, 0.0006255544722080231
2024-05-16 14:37:34 | TRACE   | query_time, 0.0004097186028957367
2024-05-16 14:37:34 | TRACE   | query_time, 0.0006352737545967102
2024-05-16 14:37:34 | TRACE   | query_time, 0.0005197040736675262
2024-05-16 14:37:34 | TRACE   | query_time, 0.0006199032068252563
2024-05-16 14:37:34 | TRACE   | query_time, 0.00014768540859222412
2024-05-16 14:37:34 | TRACE   | query_time, 8.438527584075928e-05
2024-05-16 14:37:34 | TRACE   | query_time, 8.144229650497437e-05
2024-05-16 14:37:34 | TRACE   | query_time, 0.00012885034084320068
2024-05-16 14:37:34 | TRACE   | query_time, 0.000622037798166275
2024-05-16 14:37:34 | TRACE   | query_time, 0.00045805424451828003
2024-05-16 14:37:34 | TRACE   | query_time, 0.0006132647395133972
