2024-05-16 14:37:28 | DEBUG   | {'input': PosixPath('data/sportstables/indices/runtime_benchmark/conversion.zst'), 'input_type': 'index', 'queries': PosixPath('data/sportstables/queries/runtime_benchmark.zst'), 'estimation_mode': None, 'index_mode': 'recall', 'hist_filter': PosixPath('data/sportstables/filters/01.zst'), 'output': None, 'workers': None, 'frequency_hists': False, 'suppress_results': False, 'log_level': 'INFO', 'log_file': PosixPath('logs/runtime_benchmark/low_selectivity/sportstables-collection-conversion-single-2.log')}
2024-05-16 14:37:28 | DEBUG   | Loading input data from data/sportstables/indices/runtime_benchmark/conversion.zst
2024-05-16 14:37:28 | DEBUG   | Loading queries from data/sportstables/queries/runtime_benchmark.zst
2024-05-16 14:37:28 | DEBUG   | Loading histogram filter from data/sportstables/filters/01.zst
2024-05-16 14:37:28 | TRACE   | bootstrap_time, 0.2351907417178154
2024-05-16 14:37:28 | DEBUG   | Starting execution
2024-05-16 14:37:28 | TRACE   | query_time, 0.0003525391221046448
2024-05-16 14:37:28 | TRACE   | query_time, 0.00022229552268981934
2024-05-16 14:37:28 | TRACE   | query_time, 0.0001977980136871338
2024-05-16 14:37:28 | TRACE   | query_time, 0.0001623295247554779
2024-05-16 14:37:28 | TRACE   | query_time, 0.00016188621520996094
2024-05-16 14:37:28 | TRACE   | query_time, 0.00012390315532684326
2024-05-16 14:37:28 | TRACE   | query_time, 0.00012121722102165222
2024-05-16 14:37:28 | TRACE   | query_time, 0.00021836161613464355
2024-05-16 14:37:28 | TRACE   | query_time, 0.00016717985272407532
2024-05-16 14:37:28 | TRACE   | query_time, 0.00015920773148536682
2024-05-16 14:37:28 | TRACE   | query_time, 0.0001895911991596222
2024-05-16 14:37:28 | TRACE   | query_time, 0.00018898770213127136
2024-05-16 14:37:28 | TRACE   | query_time, 0.00015225261449813843
2024-05-16 14:37:28 | TRACE   | query_time, 0.00012139230966567993
2024-05-16 14:37:28 | TRACE   | query_time, 0.0001893863081932068
2024-05-16 14:37:28 | TRACE   | query_time, 0.0002238638699054718
2024-05-16 14:37:28 | TRACE   | query_time, 0.00019065290689468384
2024-05-16 14:37:28 | TRACE   | query_time, 0.00016025826334953308
2024-05-16 14:37:28 | TRACE   | query_time, 0.0001883283257484436
2024-05-16 14:37:28 | TRACE   | query_time, 0.00018656253814697266
2024-05-16 14:37:28 | TRACE   | query_time, 0.00018697232007980347
2024-05-16 14:37:28 | TRACE   | query_time, 0.0001879483461380005
2024-05-16 14:37:28 | TRACE   | query_time, 0.00016259029507637024
2024-05-16 14:37:28 | TRACE   | query_time, 0.00012443587183952332
2024-05-16 14:37:28 | TRACE   | query_time, 0.00012271851301193237
2024-05-16 14:37:28 | TRACE   | query_time, 0.00015980005264282227
2024-05-16 14:37:28 | TRACE   | query_time, 0.0001951456069946289
2024-05-16 14:37:28 | TRACE   | query_time, 0.00018839910626411438
2024-05-16 14:37:28 | TRACE   | query_time, 0.0001891516149044037
2024-05-16 14:37:28 | TRACE   | query_time, 0.00018861889839172363
2024-05-16 14:37:28 | TRACE   | query_time, 0.00015962496399879456
2024-05-16 14:37:28 | TRACE   | query_time, 0.00018700584769248962
2024-05-16 14:37:28 | TRACE   | query_time, 0.00019890069961547852
2024-05-16 14:37:28 | TRACE   | query_time, 0.00018513202667236328
2024-05-16 14:37:28 | TRACE   | query_time, 0.0001876354217529297
2024-05-16 14:37:28 | TRACE   | query_time, 0.00019204244017601013
2024-05-16 14:37:28 | TRACE   | query_time, 0.00018926337361335754
2024-05-16 14:37:28 | TRACE   | query_time, 0.0001889243721961975
2024-05-16 14:37:28 | TRACE   | query_time, 0.00018652155995368958
2024-05-16 14:37:28 | TRACE   | query_time, 0.00015834346413612366
2024-05-16 14:37:28 | TRACE   | query_time, 0.0001515224575996399
2024-05-16 14:37:28 | TRACE   | query_time, 0.000119723379611969
2024-05-16 14:37:28 | TRACE   | query_time, 0.00012239068746566772
2024-05-16 14:37:28 | TRACE   | query_time, 0.0001198984682559967
2024-05-16 14:37:28 | TRACE   | query_time, 0.00021442770957946777
2024-05-16 14:37:28 | TRACE   | query_time, 0.00020779669284820557
2024-05-16 14:37:28 | TRACE   | query_time, 0.00018784776329994202
2024-05-16 14:37:28 | TRACE   | query_time, 0.0001632310450077057
2024-05-16 14:37:28 | TRACE   | query_time, 0.00020221620798110962
2024-05-16 14:37:28 | TRACE   | query_time, 0.00018953531980514526
2024-05-16 14:37:28 | TRACE   | query_time, 0.0001916848123073578
2024-05-16 14:37:28 | TRACE   | query_time, 0.00015985965728759766
2024-05-16 14:37:28 | TRACE   | query_time, 0.00019111484289169312
2024-05-16 14:37:28 | TRACE   | query_time, 0.00020593032240867615
2024-05-16 14:37:28 | TRACE   | query_time, 0.00018773600459098816
2024-05-16 14:37:28 | TRACE   | query_time, 0.00018668919801712036
2024-05-16 14:37:28 | TRACE   | query_time, 0.00015103816986083984
2024-05-16 14:37:28 | TRACE   | query_time, 0.00012151896953582764
2024-05-16 14:37:28 | TRACE   | query_time, 0.0001463964581489563
2024-05-16 14:37:28 | TRACE   | query_time, 0.00018695741891860962
2024-05-16 14:37:28 | TRACE   | query_time, 0.00015851110219955444
2024-05-16 14:37:28 | TRACE   | query_time, 0.00019779056310653687
2024-05-16 14:37:28 | TRACE   | query_time, 0.0002080760896205902
2024-05-16 14:37:28 | TRACE   | query_time, 0.00021736323833465576
2024-05-16 14:37:28 | TRACE   | query_time, 0.00018826499581336975
2024-05-16 14:37:28 | TRACE   | query_time, 0.00015759840607643127
2024-05-16 14:37:28 | TRACE   | query_time, 0.00018570572137832642
2024-05-16 14:37:28 | TRACE   | query_time, 0.00018507987260818481
2024-05-16 14:37:28 | TRACE   | query_time, 0.00018526986241340637
2024-05-16 14:37:28 | TRACE   | query_time, 0.00018594786524772644
2024-05-16 14:37:28 | TRACE   | query_time, 0.0001905187964439392
2024-05-16 14:37:28 | TRACE   | query_time, 0.00021642446517944336
2024-05-16 14:37:28 | TRACE   | query_time, 0.00019022449851036072
2024-05-16 14:37:28 | TRACE   | query_time, 0.00018597394227981567
2024-05-16 14:37:28 | TRACE   | query_time, 0.0001864396035671234
2024-05-16 14:37:28 | TRACE   | query_time, 0.00012503191828727722
2024-05-16 14:37:28 | TRACE   | query_time, 0.0001546815037727356
2024-05-16 14:37:28 | TRACE   | query_time, 0.00018724054098129272
2024-05-16 14:37:28 | TRACE   | query_time, 0.00017077848315238953
2024-05-16 14:37:28 | TRACE   | query_time, 0.00018370896577835083
2024-05-16 14:37:28 | TRACE   | query_time, 0.00020492076873779297
2024-05-16 14:37:28 | TRACE   | query_time, 0.0001851096749305725
2024-05-16 14:37:28 | TRACE   | query_time, 0.0001850612461566925
2024-05-16 14:37:28 | TRACE   | query_time, 0.0001848749816417694
2024-05-16 14:37:28 | TRACE   | query_time, 0.0001925043761730194
2024-05-16 14:37:28 | TRACE   | query_time, 0.0001875162124633789
2024-05-16 14:37:28 | TRACE   | query_time, 0.00018571317195892334
2024-05-16 14:37:28 | TRACE   | query_time, 0.00021421164274215698
2024-05-16 14:37:28 | TRACE   | query_time, 0.0001881532371044159
2024-05-16 14:37:28 | TRACE   | query_time, 0.0001866854727268219
2024-05-16 14:37:28 | TRACE   | query_time, 0.00011975318193435669
2024-05-16 14:37:28 | TRACE   | query_time, 0.00020753219723701477
2024-05-16 14:37:28 | TRACE   | query_time, 0.00020324811339378357
2024-05-16 14:37:28 | TRACE   | query_time, 0.00018395483493804932
2024-05-16 14:37:28 | TRACE   | query_time, 0.00020092353224754333
2024-05-16 14:37:28 | TRACE   | query_time, 0.00018567964434623718
2024-05-16 14:37:28 | TRACE   | query_time, 0.00019416958093643188
2024-05-16 14:37:28 | TRACE   | query_time, 0.00018682703375816345
2024-05-16 14:37:28 | TRACE   | query_time, 0.0001863725483417511
2024-05-16 14:37:28 | TRACE   | query_time, 0.0001863613724708557
2024-05-16 14:37:28 | TRACE   | query_time, 0.00018581002950668335
2024-05-16 14:37:28 | TRACE   | query_time, 0.000185355544090271
2024-05-16 14:37:28 | TRACE   | query_time, 0.00018696114420890808
2024-05-16 14:37:28 | TRACE   | query_time, 0.00018600746989250183
2024-05-16 14:37:28 | TRACE   | query_time, 0.0002198629081249237
2024-05-16 14:37:28 | TRACE   | query_time, 0.00018674880266189575
2024-05-16 14:37:28 | TRACE   | query_time, 0.0002238452434539795
2024-05-16 14:37:28 | TRACE   | query_time, 0.00018859654664993286
2024-05-16 14:37:28 | TRACE   | query_time, 0.00018463283777236938
2024-05-16 14:37:28 | TRACE   | query_time, 0.00018743425607681274
2024-05-16 14:37:28 | TRACE   | query_time, 0.00017350167036056519
2024-05-16 14:37:28 | TRACE   | query_time, 0.00018394365906715393
2024-05-16 14:37:28 | TRACE   | query_time, 0.00016171857714653015
2024-05-16 14:37:28 | TRACE   | query_time, 0.00018665194511413574
2024-05-16 14:37:28 | TRACE   | query_time, 0.00018601492047309875
2024-05-16 14:37:28 | TRACE   | query_time, 0.00018444284796714783
2024-05-16 14:37:28 | TRACE   | query_time, 0.00021428614854812622
2024-05-16 14:37:28 | TRACE   | query_time, 0.0001865774393081665
2024-05-16 14:37:28 | TRACE   | query_time, 0.0001908913254737854
2024-05-16 14:37:28 | TRACE   | query_time, 0.00013211369514465332
2024-05-16 14:37:28 | TRACE   | query_time, 0.00015639886260032654
2024-05-16 14:37:28 | TRACE   | query_time, 0.0001735687255859375
2024-05-16 14:37:28 | TRACE   | query_time, 0.00020316988229751587
2024-05-16 14:37:28 | TRACE   | query_time, 0.00018532201647758484
2024-05-16 14:37:28 | TRACE   | query_time, 0.00021550804376602173
2024-05-16 14:37:28 | TRACE   | query_time, 0.00021298229694366455
2024-05-16 14:37:28 | TRACE   | query_time, 0.000197678804397583
2024-05-16 14:37:28 | TRACE   | query_time, 0.00018479302525520325
2024-05-16 14:37:28 | TRACE   | query_time, 0.00015733018517494202
2024-05-16 14:37:28 | TRACE   | query_time, 0.0001877807080745697
2024-05-16 14:37:28 | TRACE   | query_time, 0.00021396949887275696
2024-05-16 14:37:28 | TRACE   | query_time, 0.0002132616937160492
2024-05-16 14:37:28 | TRACE   | query_time, 0.00018411129713058472
2024-05-16 14:37:28 | TRACE   | query_time, 0.00019382312893867493
2024-05-16 14:37:28 | TRACE   | query_time, 0.00018606707453727722
2024-05-16 14:37:28 | TRACE   | query_time, 0.00020057335495948792
2024-05-16 14:37:28 | TRACE   | query_time, 0.0002136044204235077
2024-05-16 14:37:28 | TRACE   | query_time, 0.00019404292106628418
2024-05-16 14:37:28 | TRACE   | query_time, 0.00018323957920074463
2024-05-16 14:37:28 | TRACE   | query_time, 0.00018484890460968018
2024-05-16 14:37:28 | TRACE   | query_time, 0.00018567219376564026
2024-05-16 14:37:28 | TRACE   | query_time, 0.00020072609186172485
2024-05-16 14:37:28 | TRACE   | query_time, 0.00012245029211044312
2024-05-16 14:37:28 | TRACE   | query_time, 0.00020756572484970093
2024-05-16 14:37:28 | TRACE   | query_time, 0.00021529942750930786
2024-05-16 14:37:28 | TRACE   | query_time, 0.0001847594976425171
2024-05-16 14:37:28 | TRACE   | query_time, 0.00016983970999717712
2024-05-16 14:37:28 | TRACE   | query_time, 0.0002132207155227661
2024-05-16 14:37:28 | TRACE   | query_time, 0.0002152062952518463
2024-05-16 14:37:28 | TRACE   | query_time, 0.00019869953393936157
2024-05-16 14:37:28 | TRACE   | query_time, 0.00018509477376937866
2024-05-16 14:37:28 | TRACE   | query_time, 0.00018449127674102783
2024-05-16 14:37:28 | TRACE   | query_time, 0.0002127625048160553
2024-05-16 14:37:28 | TRACE   | query_time, 0.000185403972864151
2024-05-16 14:37:28 | TRACE   | query_time, 0.0002170652151107788
2024-05-16 14:37:28 | TRACE   | query_time, 0.0001867152750492096
2024-05-16 14:37:28 | TRACE   | query_time, 0.00018552318215370178
2024-05-16 14:37:28 | TRACE   | query_time, 0.00021837279200553894
2024-05-16 14:37:28 | TRACE   | query_time, 0.00018895044922828674
2024-05-16 14:37:28 | TRACE   | query_time, 0.00018927082419395447
2024-05-16 14:37:28 | TRACE   | query_time, 0.00021244212985038757
2024-05-16 14:37:28 | TRACE   | query_time, 0.00022401660680770874
2024-05-16 14:37:28 | TRACE   | query_time, 0.0001858137547969818
2024-05-16 14:37:28 | TRACE   | query_time, 0.00021583214402198792
2024-05-16 14:37:28 | TRACE   | query_time, 0.00019780918955802917
2024-05-16 14:37:28 | TRACE   | query_time, 0.00012256205081939697
2024-05-16 14:37:28 | TRACE   | query_time, 0.00012091919779777527
2024-05-16 14:37:28 | TRACE   | query_time, 0.00020559877157211304
2024-05-16 14:37:28 | TRACE   | query_time, 0.0001571066677570343
2024-05-16 14:37:28 | TRACE   | query_time, 0.00018423423171043396
2024-05-16 14:37:28 | TRACE   | query_time, 0.00018641352653503418
2024-05-16 14:37:28 | TRACE   | query_time, 0.00016272440552711487
2024-05-16 14:37:28 | TRACE   | query_time, 0.00018671900033950806
2024-05-16 14:37:28 | TRACE   | query_time, 0.00021899491548538208
2024-05-16 14:37:28 | TRACE   | query_time, 0.0001875460147857666
2024-05-16 14:37:28 | TRACE   | query_time, 0.00018566474318504333
2024-05-16 14:37:28 | TRACE   | query_time, 0.0002218596637248993
2024-05-16 14:37:28 | TRACE   | query_time, 0.00018663331866264343
2024-05-16 14:37:28 | TRACE   | query_time, 0.00018747150897979736
2024-05-16 14:37:28 | TRACE   | query_time, 0.00018925592303276062
2024-05-16 14:37:28 | TRACE   | query_time, 0.00021472573280334473
2024-05-16 14:37:28 | TRACE   | query_time, 0.00015636160969734192
2024-05-16 14:37:28 | TRACE   | query_time, 0.000153224915266037
2024-05-16 14:37:28 | TRACE   | query_time, 0.0001215524971485138
2024-05-16 14:37:28 | TRACE   | query_time, 0.00021366775035858154
2024-05-16 14:37:28 | TRACE   | query_time, 0.00019946321845054626
2024-05-16 14:37:28 | TRACE   | query_time, 0.000155668705701828
2024-05-16 14:37:28 | TRACE   | query_time, 0.00018405169248580933
2024-05-16 14:37:28 | TRACE   | query_time, 0.00018977001309394836
2024-05-16 14:37:28 | TRACE   | query_time, 0.0001602359116077423
2024-05-16 14:37:28 | TRACE   | query_time, 0.00021392852067947388
2024-05-16 14:37:28 | TRACE   | query_time, 0.00018680468201637268
2024-05-16 14:37:28 | TRACE   | query_time, 0.0002154223620891571
2024-05-16 14:37:28 | TRACE   | query_time, 0.00018595531582832336
2024-05-16 14:37:28 | TRACE   | query_time, 0.0001853741705417633
2024-05-16 14:37:28 | TRACE   | query_time, 0.00018632784485816956
2024-05-16 14:37:28 | TRACE   | query_time, 0.00016195699572563171
2024-05-16 14:37:28 | TRACE   | query_time, 0.00012276321649551392
2024-05-16 14:37:28 | TRACE   | query_time, 0.0001842901110649109
2024-05-16 14:37:28 | TRACE   | query_time, 0.00018583983182907104
2024-05-16 14:37:28 | TRACE   | query_time, 0.0001565106213092804
2024-05-16 14:37:28 | TRACE   | query_time, 0.0001987740397453308
2024-05-16 14:37:28 | TRACE   | query_time, 0.0002115108072757721
2024-05-16 14:37:28 | TRACE   | query_time, 0.00018435344099998474
2024-05-16 14:37:28 | TRACE   | query_time, 0.00018939748406410217
2024-05-16 14:37:28 | TRACE   | query_time, 0.0002557002007961273
2024-05-16 14:37:28 | TRACE   | query_time, 0.00018714368343353271
2024-05-16 14:37:28 | TRACE   | query_time, 0.0001977384090423584
2024-05-16 14:37:28 | TRACE   | query_time, 0.00021268054842948914
2024-05-16 14:37:28 | TRACE   | query_time, 0.00021464377641677856
2024-05-16 14:37:28 | TRACE   | query_time, 0.00024422258138656616
2024-05-16 14:37:28 | TRACE   | query_time, 0.00018654391169548035
2024-05-16 14:37:28 | TRACE   | query_time, 0.00018521398305892944
2024-05-16 14:37:28 | TRACE   | query_time, 0.00024347379803657532
2024-05-16 14:37:28 | TRACE   | query_time, 0.0001574978232383728
2024-05-16 14:37:28 | TRACE   | query_time, 0.00011882185935974121
2024-05-16 14:37:28 | TRACE   | query_time, 0.00020171701908111572
2024-05-16 14:37:28 | TRACE   | query_time, 0.0001875273883342743
2024-05-16 14:37:28 | TRACE   | query_time, 0.00019848346710205078
2024-05-16 14:37:28 | TRACE   | query_time, 0.0001991167664527893
2024-05-16 14:37:28 | TRACE   | query_time, 0.0002164989709854126
2024-05-16 14:37:28 | TRACE   | query_time, 0.00021551549434661865
2024-05-16 14:37:28 | TRACE   | query_time, 0.00018481537699699402
2024-05-16 14:37:28 | TRACE   | query_time, 0.00019034743309020996
2024-05-16 14:37:28 | TRACE   | query_time, 0.00024106726050376892
2024-05-16 14:37:28 | TRACE   | query_time, 0.00018515810370445251
2024-05-16 14:37:28 | TRACE   | query_time, 0.00018489733338356018
2024-05-16 14:37:28 | TRACE   | query_time, 0.0002404041588306427
2024-05-16 14:37:28 | TRACE   | query_time, 0.0002141706645488739
2024-05-16 14:37:28 | TRACE   | query_time, 0.0001862160861492157
2024-05-16 14:37:28 | TRACE   | query_time, 0.00015137717127799988
2024-05-16 14:37:28 | TRACE   | query_time, 0.00012158975005149841
2024-05-16 14:37:28 | TRACE   | query_time, 0.00022188201546669006
2024-05-16 14:37:28 | TRACE   | query_time, 0.00016564875841140747
2024-05-16 14:37:28 | TRACE   | query_time, 0.0001566968858242035
2024-05-16 14:37:28 | TRACE   | query_time, 0.00018912926316261292
2024-05-16 14:37:28 | TRACE   | query_time, 0.00015660002827644348
2024-05-16 14:37:28 | TRACE   | query_time, 0.00025676190853118896
2024-05-16 14:37:28 | TRACE   | query_time, 0.00021168962121009827
2024-05-16 14:37:28 | TRACE   | query_time, 0.00021283328533172607
2024-05-16 14:37:28 | TRACE   | query_time, 0.00018996372818946838
2024-05-16 14:37:28 | TRACE   | query_time, 0.00018461421132087708
2024-05-16 14:37:28 | TRACE   | query_time, 0.0002127513289451599
2024-05-16 14:37:28 | TRACE   | query_time, 0.00018451735377311707
2024-05-16 14:37:28 | TRACE   | query_time, 0.00024036318063735962
2024-05-16 14:37:28 | TRACE   | query_time, 0.00018272176384925842
2024-05-16 14:37:28 | TRACE   | query_time, 0.00019963830709457397
2024-05-16 14:37:28 | TRACE   | query_time, 0.00015844032168388367
2024-05-16 14:37:28 | TRACE   | query_time, 0.00018644705414772034
2024-05-16 14:37:28 | TRACE   | query_time, 0.00016124919056892395
2024-05-16 14:37:28 | TRACE   | query_time, 0.00017103180289268494
2024-05-16 14:37:28 | TRACE   | query_time, 0.00021547451615333557
2024-05-16 14:37:28 | TRACE   | query_time, 0.00018484517931938171
2024-05-16 14:37:28 | TRACE   | query_time, 0.00018173828721046448
2024-05-16 14:37:28 | TRACE   | query_time, 0.00021399185061454773
2024-05-16 14:37:28 | TRACE   | query_time, 0.00018455460667610168
2024-05-16 14:37:28 | TRACE   | query_time, 0.00015798211097717285
2024-05-16 14:37:28 | TRACE   | query_time, 0.00027697905898094177
2024-05-16 14:37:28 | TRACE   | query_time, 0.00018478929996490479
2024-05-16 14:37:28 | TRACE   | query_time, 0.00018418952822685242
2024-05-16 14:37:28 | TRACE   | query_time, 0.00021467730402946472
2024-05-16 14:37:28 | TRACE   | query_time, 0.00019073113799095154
2024-05-16 14:37:28 | TRACE   | query_time, 0.00018446147441864014
2024-05-16 14:37:28 | TRACE   | query_time, 0.00018599256873130798
2024-05-16 14:37:28 | TRACE   | query_time, 0.00021782517433166504
2024-05-16 14:37:28 | TRACE   | query_time, 0.00012105703353881836
2024-05-16 14:37:28 | TRACE   | query_time, 0.00018531084060668945
2024-05-16 14:37:28 | TRACE   | query_time, 0.00015781819820404053
2024-05-16 14:37:28 | TRACE   | query_time, 0.00018591433763504028
2024-05-16 14:37:28 | TRACE   | query_time, 0.00017075985670089722
2024-05-16 14:37:28 | TRACE   | query_time, 0.0001847296953201294
2024-05-16 14:37:28 | TRACE   | query_time, 0.00018408149480819702
2024-05-16 14:37:28 | TRACE   | query_time, 0.00018389523029327393
2024-05-16 14:37:28 | TRACE   | query_time, 0.00018823891878128052
2024-05-16 14:37:28 | TRACE   | query_time, 0.0001842975616455078
2024-05-16 14:37:28 | TRACE   | query_time, 0.00021330267190933228
2024-05-16 14:37:28 | TRACE   | query_time, 0.00021900609135627747
2024-05-16 14:37:28 | TRACE   | query_time, 0.00021194666624069214
2024-05-16 14:37:28 | TRACE   | query_time, 0.0002129487693309784
2024-05-16 14:37:28 | TRACE   | query_time, 0.00018316879868507385
2024-05-16 14:37:28 | TRACE   | query_time, 0.00021256506443023682
2024-05-16 14:37:28 | TRACE   | query_time, 0.00014956295490264893
2024-05-16 14:37:28 | TRACE   | query_time, 0.0001874193549156189
2024-05-16 14:37:28 | TRACE   | query_time, 0.00022204965353012085
2024-05-16 14:37:28 | TRACE   | query_time, 0.00018790364265441895
2024-05-16 14:37:28 | TRACE   | query_time, 0.00018736720085144043
2024-05-16 14:37:28 | TRACE   | query_time, 0.0001842118799686432
2024-05-16 14:37:28 | TRACE   | query_time, 0.00018473714590072632
2024-05-16 14:37:28 | TRACE   | query_time, 0.00025641918182373047
2024-05-16 14:37:28 | TRACE   | query_time, 0.0001848265528678894
2024-05-16 14:37:28 | TRACE   | query_time, 0.00019009411334991455
2024-05-16 14:37:28 | TRACE   | query_time, 0.00018616393208503723
2024-05-16 14:37:28 | TRACE   | query_time, 0.00024051591753959656
2024-05-16 14:37:28 | TRACE   | query_time, 0.00018558651208877563
2024-05-16 14:37:28 | TRACE   | query_time, 0.00018570199608802795
2024-05-16 14:37:28 | TRACE   | query_time, 0.00019916146993637085
2024-05-16 14:37:28 | TRACE   | query_time, 0.00021238625049591064
2024-05-16 14:37:28 | TRACE   | query_time, 0.00021657347679138184
2024-05-16 14:37:28 | TRACE   | query_time, 0.00021695345640182495
2024-05-16 14:37:28 | TRACE   | query_time, 0.0002412647008895874
2024-05-16 14:37:28 | TRACE   | query_time, 0.0001860000193119049
2024-05-16 14:37:28 | TRACE   | query_time, 0.00021386519074440002
2024-05-16 14:37:28 | TRACE   | query_time, 0.00018470734357833862
2024-05-16 14:37:28 | TRACE   | query_time, 0.00021964311599731445
2024-05-16 14:37:28 | TRACE   | query_time, 0.0001988150179386139
2024-05-16 14:37:28 | TRACE   | query_time, 0.00025963783264160156
2024-05-16 14:37:28 | TRACE   | query_time, 0.0001572929322719574
2024-05-16 14:37:28 | TRACE   | query_time, 0.00012366101145744324
2024-05-16 14:37:28 | TRACE   | query_time, 0.00014865770936012268
2024-05-16 14:37:28 | TRACE   | query_time, 0.00018540769815444946
2024-05-16 14:37:28 | TRACE   | query_time, 0.00015481561422348022
2024-05-16 14:37:28 | TRACE   | query_time, 0.00018632039427757263
2024-05-16 14:37:28 | TRACE   | query_time, 0.000172298401594162
2024-05-16 14:37:28 | TRACE   | query_time, 0.0002130568027496338
2024-05-16 14:37:28 | TRACE   | query_time, 0.0002554096281528473
2024-05-16 14:37:28 | TRACE   | query_time, 0.00019242987036705017
2024-05-16 14:37:28 | TRACE   | query_time, 0.0002727918326854706
2024-05-16 14:37:28 | TRACE   | query_time, 0.00024700164794921875
2024-05-16 14:37:28 | TRACE   | query_time, 0.0001874864101409912
2024-05-16 14:37:28 | TRACE   | query_time, 0.00018416717648506165
2024-05-16 14:37:28 | TRACE   | query_time, 0.00021342933177947998
2024-05-16 14:37:28 | TRACE   | query_time, 0.0001980811357498169
2024-05-16 14:37:28 | TRACE   | query_time, 0.0002866871654987335
2024-05-16 14:37:28 | TRACE   | query_time, 0.00021680817008018494
2024-05-16 14:37:28 | TRACE   | query_time, 0.00024021416902542114
2024-05-16 14:37:28 | TRACE   | query_time, 0.00018513202667236328
2024-05-16 14:37:28 | TRACE   | query_time, 0.00018344447016716003
2024-05-16 14:37:28 | TRACE   | query_time, 0.0002124682068824768
2024-05-16 14:37:28 | TRACE   | query_time, 0.00021196156740188599
2024-05-16 14:37:28 | TRACE   | query_time, 0.00012358278036117554
2024-05-16 14:37:28 | TRACE   | query_time, 0.00012147799134254456
2024-05-16 14:37:28 | TRACE   | query_time, 0.00012633204460144043
2024-05-16 14:37:28 | TRACE   | query_time, 0.00020740553736686707
2024-05-16 14:37:28 | TRACE   | query_time, 0.00019277259707450867
2024-05-16 14:37:28 | TRACE   | query_time, 0.0007472559809684753
2024-05-16 14:37:28 | TRACE   | query_time, 0.00034066662192344666
2024-05-16 14:37:28 | TRACE   | query_time, 0.0002194717526435852
2024-05-16 14:37:28 | TRACE   | query_time, 0.00037211552262306213
2024-05-16 14:37:28 | TRACE   | query_time, 0.00018652155995368958
2024-05-16 14:37:28 | TRACE   | query_time, 0.0001885741949081421
2024-05-16 14:37:28 | TRACE   | query_time, 0.0001864023506641388
2024-05-16 14:37:28 | TRACE   | query_time, 0.00021340325474739075
2024-05-16 14:37:28 | TRACE   | query_time, 0.0001918114721775055
2024-05-16 14:37:28 | TRACE   | query_time, 0.00021310895681381226
2024-05-16 14:37:28 | TRACE   | query_time, 0.0002164021134376526
2024-05-16 14:37:28 | TRACE   | query_time, 0.000322684645652771
2024-05-16 14:37:28 | TRACE   | query_time, 0.0003028362989425659
2024-05-16 14:37:28 | TRACE   | query_time, 0.0001876838505268097
2024-05-16 14:37:28 | TRACE   | query_time, 0.0005966201424598694
2024-05-16 14:37:28 | TRACE   | query_time, 0.000715695321559906
2024-05-16 14:37:28 | TRACE   | query_time, 0.00043088942766189575
2024-05-16 14:37:28 | TRACE   | query_time, 0.0004386715590953827
2024-05-16 14:37:28 | TRACE   | query_time, 0.0006452947854995728
2024-05-16 14:37:28 | TRACE   | query_time, 0.0005014277994632721
2024-05-16 14:37:28 | TRACE   | query_time, 0.0002617165446281433
2024-05-16 14:37:28 | TRACE   | query_time, 0.00021927803754806519
2024-05-16 14:37:28 | TRACE   | query_time, 0.0005172602832317352
2024-05-16 14:37:28 | TRACE   | query_time, 0.00021506473422050476
2024-05-16 14:37:28 | TRACE   | query_time, 0.00021699443459510803
2024-05-16 14:37:28 | TRACE   | query_time, 0.00028916820883750916
2024-05-16 14:37:28 | TRACE   | query_time, 0.0002146996557712555
2024-05-16 14:37:28 | TRACE   | query_time, 0.00033552199602127075
2024-05-16 14:37:28 | TRACE   | query_time, 0.0002167150378227234
2024-05-16 14:37:28 | TRACE   | query_time, 0.00021483749151229858
2024-05-16 14:37:28 | TRACE   | query_time, 0.00021336227655410767
2024-05-16 14:37:28 | TRACE   | query_time, 0.0005807913839817047
2024-05-16 14:37:28 | TRACE   | query_time, 0.0004224218428134918
2024-05-16 14:37:28 | TRACE   | query_time, 0.0004100203514099121
2024-05-16 14:37:28 | TRACE   | query_time, 0.0003969557583332062
2024-05-16 14:37:28 | TRACE   | query_time, 0.0002682730555534363
2024-05-16 14:37:28 | TRACE   | query_time, 0.0002155005931854248
2024-05-16 14:37:28 | TRACE   | query_time, 0.00021561980247497559
2024-05-16 14:37:28 | TRACE   | query_time, 0.00021568313241004944
2024-05-16 14:37:28 | TRACE   | query_time, 0.0003521144390106201
2024-05-16 14:37:28 | TRACE   | query_time, 0.00030158087611198425
2024-05-16 14:37:28 | TRACE   | query_time, 0.00020292028784751892
2024-05-16 14:37:28 | TRACE   | query_time, 0.0005972310900688171
2024-05-16 14:37:28 | TRACE   | query_time, 0.0005627050995826721
2024-05-16 14:37:28 | TRACE   | query_time, 0.0006427690386772156
2024-05-16 14:37:28 | TRACE   | query_time, 0.00021745264530181885
2024-05-16 14:37:28 | TRACE   | query_time, 0.0002201385796070099
2024-05-16 14:37:28 | TRACE   | query_time, 0.0002166852355003357
2024-05-16 14:37:28 | TRACE   | query_time, 0.0003320947289466858
2024-05-16 14:37:28 | TRACE   | query_time, 0.0003313906490802765
2024-05-16 14:37:28 | TRACE   | query_time, 0.00030247122049331665
2024-05-16 14:37:28 | TRACE   | query_time, 0.0006169825792312622
2024-05-16 14:37:28 | TRACE   | query_time, 0.0004417337477207184
2024-05-16 14:37:28 | TRACE   | query_time, 0.00022409111261367798
2024-05-16 14:37:28 | TRACE   | query_time, 0.0005708038806915283
2024-05-16 14:37:28 | TRACE   | query_time, 0.00043147802352905273
2024-05-16 14:37:28 | TRACE   | query_time, 0.0005661323666572571
2024-05-16 14:37:28 | TRACE   | query_time, 0.0004930905997753143
2024-05-16 14:37:28 | TRACE   | query_time, 0.0006100758910179138
2024-05-16 14:37:28 | TRACE   | query_time, 0.0002690739929676056
2024-05-16 14:37:28 | TRACE   | query_time, 0.0004377029836177826
2024-05-16 14:37:28 | TRACE   | query_time, 0.0005205012857913971
2024-05-16 14:37:28 | TRACE   | query_time, 0.00029155611991882324
2024-05-16 14:37:28 | TRACE   | query_time, 0.0002138875424861908
2024-05-16 14:37:28 | TRACE   | query_time, 0.0003201141953468323
2024-05-16 14:37:28 | TRACE   | query_time, 0.0002164803445339203
2024-05-16 14:37:28 | TRACE   | query_time, 0.0002222098410129547
2024-05-16 14:37:28 | TRACE   | query_time, 0.0006386488676071167
2024-05-16 14:37:28 | TRACE   | query_time, 0.0004279091954231262
2024-05-16 14:37:28 | TRACE   | query_time, 0.0004954487085342407
2024-05-16 14:37:28 | TRACE   | query_time, 0.000377018004655838
2024-05-16 14:37:28 | TRACE   | query_time, 0.0002148561179637909
2024-05-16 14:37:28 | TRACE   | query_time, 0.00032836198806762695
2024-05-16 14:37:28 | TRACE   | query_time, 0.0002580881118774414
2024-05-16 14:37:28 | TRACE   | query_time, 0.0003544948995113373
2024-05-16 14:37:28 | TRACE   | query_time, 0.0003198795020580292
2024-05-16 14:37:28 | TRACE   | query_time, 0.00031683221459388733
2024-05-16 14:37:28 | TRACE   | query_time, 0.0002990923821926117
2024-05-16 14:37:28 | TRACE   | query_time, 0.0002631768584251404
2024-05-16 14:37:28 | TRACE   | query_time, 0.000447932630777359
2024-05-16 14:37:28 | TRACE   | query_time, 0.0007056109607219696
2024-05-16 14:37:28 | TRACE   | query_time, 0.00041386112570762634
2024-05-16 14:37:28 | TRACE   | query_time, 0.00042164698243141174
2024-05-16 14:37:28 | TRACE   | query_time, 0.00036691129207611084
2024-05-16 14:37:28 | TRACE   | query_time, 0.0003705359995365143
2024-05-16 14:37:28 | TRACE   | query_time, 0.0003882944583892822
2024-05-16 14:37:28 | TRACE   | query_time, 0.0005564391613006592
2024-05-16 14:37:28 | TRACE   | query_time, 0.0006345920264720917
2024-05-16 14:37:28 | TRACE   | query_time, 0.0005032606422901154
2024-05-16 14:37:28 | TRACE   | query_time, 0.0005263127386569977
2024-05-16 14:37:28 | TRACE   | query_time, 0.00021490082144737244
2024-05-16 14:37:28 | TRACE   | query_time, 0.00043712928891181946
2024-05-16 14:37:28 | TRACE   | query_time, 0.0003299899399280548
2024-05-16 14:37:28 | TRACE   | query_time, 0.00022218748927116394
2024-05-16 14:37:28 | TRACE   | query_time, 0.0006096288561820984
2024-05-16 14:37:28 | TRACE   | query_time, 0.0002874322235584259
2024-05-16 14:37:28 | TRACE   | query_time, 0.0003185160458087921
2024-05-16 14:37:28 | TRACE   | query_time, 0.0002414397895336151
2024-05-16 14:37:28 | TRACE   | query_time, 0.00021225586533546448
2024-05-16 14:37:28 | TRACE   | query_time, 0.00043445080518722534
2024-05-16 14:37:28 | TRACE   | query_time, 0.0006939209997653961
2024-05-16 14:37:28 | TRACE   | query_time, 0.00036944448947906494
2024-05-16 14:37:28 | TRACE   | query_time, 0.00041045621037483215
2024-05-16 14:37:28 | TRACE   | query_time, 0.000639941543340683
2024-05-16 14:37:28 | TRACE   | query_time, 0.00039505213499069214
2024-05-16 14:37:28 | TRACE   | query_time, 0.0003829263150691986
2024-05-16 14:37:28 | TRACE   | query_time, 0.0005265139043331146
2024-05-16 14:37:28 | TRACE   | query_time, 0.00021508708596229553
2024-05-16 14:37:28 | TRACE   | query_time, 0.0003445371985435486
2024-05-16 14:37:28 | TRACE   | query_time, 0.00025600194931030273
2024-05-16 14:37:28 | TRACE   | query_time, 0.000519484281539917
2024-05-16 14:37:28 | TRACE   | query_time, 0.000329773873090744
2024-05-16 14:37:28 | TRACE   | query_time, 0.00030011311173439026
2024-05-16 14:37:28 | TRACE   | query_time, 0.0006050430238246918
2024-05-16 14:37:28 | TRACE   | query_time, 0.0002844482660293579
2024-05-16 14:37:28 | TRACE   | query_time, 0.00021436810493469238
2024-05-16 14:37:28 | TRACE   | query_time, 0.00031881779432296753
2024-05-16 14:37:28 | TRACE   | query_time, 0.00021294131875038147
2024-05-16 14:37:28 | TRACE   | query_time, 0.0005797296762466431
2024-05-16 14:37:28 | TRACE   | query_time, 0.0005716830492019653
2024-05-16 14:37:28 | TRACE   | query_time, 0.00038817524909973145
2024-05-16 14:37:28 | TRACE   | query_time, 0.00034664198756217957
2024-05-16 14:37:28 | TRACE   | query_time, 0.0005225054919719696
2024-05-16 14:37:28 | TRACE   | query_time, 0.0002145729959011078
2024-05-16 14:37:28 | TRACE   | query_time, 0.0002587251365184784
2024-05-16 14:37:28 | TRACE   | query_time, 0.000426463782787323
2024-05-16 14:37:28 | TRACE   | query_time, 0.0003675520420074463
2024-05-16 14:37:28 | TRACE   | query_time, 0.0003233663737773895
2024-05-16 14:37:28 | TRACE   | query_time, 0.0006027482450008392
2024-05-16 14:37:28 | TRACE   | query_time, 0.0002152658998966217
2024-05-16 14:37:28 | TRACE   | query_time, 0.00031698495149612427
2024-05-16 14:37:28 | TRACE   | query_time, 0.0003054887056350708
2024-05-16 14:37:28 | TRACE   | query_time, 0.00028366222977638245
2024-05-16 14:37:28 | TRACE   | query_time, 0.0003487393260002136
2024-05-16 14:37:28 | TRACE   | query_time, 0.0003634914755821228
2024-05-16 14:37:28 | TRACE   | query_time, 0.00034544989466667175
2024-05-16 14:37:28 | TRACE   | query_time, 0.0005515962839126587
2024-05-16 14:37:28 | TRACE   | query_time, 0.0006347857415676117
2024-05-16 14:37:28 | TRACE   | query_time, 0.0003710351884365082
2024-05-16 14:37:28 | TRACE   | query_time, 0.0004176497459411621
2024-05-16 14:37:28 | TRACE   | query_time, 0.0004957839846611023
2024-05-16 14:37:28 | TRACE   | query_time, 0.00048735737800598145
2024-05-16 14:37:28 | TRACE   | query_time, 0.00036930665373802185
2024-05-16 14:37:28 | TRACE   | query_time, 0.0002660900354385376
2024-05-16 14:37:28 | TRACE   | query_time, 0.00034650787711143494
2024-05-16 14:37:28 | TRACE   | query_time, 0.00043371692299842834
2024-05-16 14:37:28 | TRACE   | query_time, 0.0003598704934120178
2024-05-16 14:37:28 | TRACE   | query_time, 0.000506959855556488
2024-05-16 14:37:28 | TRACE   | query_time, 0.0003006160259246826
2024-05-16 14:37:28 | TRACE   | query_time, 0.00042746588587760925
2024-05-16 14:37:28 | TRACE   | query_time, 0.0005801953375339508
2024-05-16 14:37:28 | TRACE   | query_time, 0.0003554783761501312
2024-05-16 14:37:28 | TRACE   | query_time, 0.0004046410322189331
2024-05-16 14:37:28 | TRACE   | query_time, 0.00048044323921203613
2024-05-16 14:37:28 | TRACE   | query_time, 0.0003686733543872833
2024-05-16 14:37:28 | TRACE   | query_time, 0.0002721920609474182
2024-05-16 14:37:28 | TRACE   | query_time, 0.0005216598510742188
2024-05-16 14:37:28 | TRACE   | query_time, 0.00031904876232147217
2024-05-16 14:37:28 | TRACE   | query_time, 0.00042683258652687073
2024-05-16 14:37:28 | TRACE   | query_time, 0.00026590004563331604
2024-05-16 14:37:28 | TRACE   | query_time, 0.0003516152501106262
2024-05-16 14:37:28 | TRACE   | query_time, 0.000407487154006958
2024-05-16 14:37:28 | TRACE   | query_time, 0.0004202499985694885
2024-05-16 14:37:28 | TRACE   | query_time, 0.00036103278398513794
2024-05-16 14:37:28 | TRACE   | query_time, 0.0005534403026103973
2024-05-16 14:37:28 | TRACE   | query_time, 0.0003916695713996887
2024-05-16 14:37:28 | TRACE   | query_time, 0.0005457364022731781
2024-05-16 14:37:28 | TRACE   | query_time, 0.0003418140113353729
2024-05-16 14:37:28 | TRACE   | query_time, 0.0003458261489868164
2024-05-16 14:37:28 | TRACE   | query_time, 0.00025955960154533386
2024-05-16 14:37:28 | TRACE   | query_time, 0.0002539902925491333
2024-05-16 14:37:28 | TRACE   | query_time, 0.0005233213305473328
2024-05-16 14:37:28 | TRACE   | query_time, 0.0003002770245075226
2024-05-16 14:37:28 | TRACE   | query_time, 0.0005035996437072754
2024-05-16 14:37:28 | TRACE   | query_time, 0.0003150179982185364
2024-05-16 14:37:28 | TRACE   | query_time, 0.0002983585000038147
2024-05-16 14:37:28 | TRACE   | query_time, 0.00026059895753860474
2024-05-16 14:37:28 | TRACE   | query_time, 0.00041028112173080444
2024-05-16 14:37:28 | TRACE   | query_time, 0.0003523528575897217
2024-05-16 14:37:28 | TRACE   | query_time, 0.0004883259534835815
2024-05-16 14:37:28 | TRACE   | query_time, 0.00033550336956977844
2024-05-16 14:37:28 | TRACE   | query_time, 0.0005445070564746857
2024-05-16 14:37:28 | TRACE   | query_time, 0.0003910176455974579
2024-05-16 14:37:28 | TRACE   | query_time, 0.0006268694996833801
2024-05-16 14:37:28 | TRACE   | query_time, 0.0003390461206436157
2024-05-16 14:37:28 | TRACE   | query_time, 0.0004905276000499725
2024-05-16 14:37:28 | TRACE   | query_time, 0.0006149597465991974
2024-05-16 14:37:28 | TRACE   | query_time, 0.0002567097544670105
2024-05-16 14:37:28 | TRACE   | query_time, 0.0003444105386734009
2024-05-16 14:37:28 | TRACE   | query_time, 0.0003621131181716919
2024-05-16 14:37:28 | TRACE   | query_time, 0.0003288760781288147
2024-05-16 14:37:28 | TRACE   | query_time, 0.00029936060309410095
2024-05-16 14:37:28 | TRACE   | query_time, 0.0005112253129482269
2024-05-16 14:37:28 | TRACE   | query_time, 0.0003184676170349121
2024-05-16 14:37:28 | TRACE   | query_time, 0.00030258670449256897
2024-05-16 14:37:28 | TRACE   | query_time, 0.0002400614321231842
2024-05-16 14:37:28 | TRACE   | query_time, 0.0002824515104293823
2024-05-16 14:37:28 | TRACE   | query_time, 0.00025516003370285034
2024-05-16 14:37:28 | TRACE   | query_time, 0.0003210827708244324
2024-05-16 14:37:28 | TRACE   | query_time, 0.0005598738789558411
2024-05-16 14:37:28 | TRACE   | query_time, 0.0003716312348842621
2024-05-16 14:37:28 | TRACE   | query_time, 0.0003159753978252411
2024-05-16 14:37:28 | TRACE   | query_time, 0.0003364384174346924
2024-05-16 14:37:28 | TRACE   | query_time, 0.0004904270172119141
2024-05-16 14:37:28 | TRACE   | query_time, 0.0003089495003223419
2024-05-16 14:37:28 | TRACE   | query_time, 0.00034828484058380127
2024-05-16 14:37:28 | TRACE   | query_time, 0.0003453940153121948
2024-05-16 14:37:28 | TRACE   | query_time, 0.0004292689263820648
2024-05-16 14:37:28 | TRACE   | query_time, 0.00036045536398887634
2024-05-16 14:37:28 | TRACE   | query_time, 0.0002820901572704315
2024-05-16 14:37:28 | TRACE   | query_time, 0.00028811395168304443
2024-05-16 14:37:28 | TRACE   | query_time, 0.00042500346899032593
2024-05-16 14:37:28 | TRACE   | query_time, 0.0002552345395088196
2024-05-16 14:37:28 | TRACE   | query_time, 0.0005710385739803314
2024-05-16 14:37:28 | TRACE   | query_time, 0.0005640313029289246
2024-05-16 14:37:28 | TRACE   | query_time, 0.0003116875886917114
2024-05-16 14:37:28 | TRACE   | query_time, 0.00030666589736938477
2024-05-16 14:37:28 | TRACE   | query_time, 0.00033820047974586487
2024-05-16 14:37:28 | TRACE   | query_time, 0.0005539581179618835
2024-05-16 14:37:28 | TRACE   | query_time, 0.0003098025918006897
2024-05-16 14:37:28 | TRACE   | query_time, 0.00048321858048439026
2024-05-16 14:37:28 | TRACE   | query_time, 0.0006047077476978302
2024-05-16 14:37:28 | TRACE   | query_time, 0.0003390386700630188
2024-05-16 14:37:28 | TRACE   | query_time, 0.0002965778112411499
2024-05-16 14:37:28 | TRACE   | query_time, 0.0005802549421787262
2024-05-16 14:37:28 | TRACE   | query_time, 0.0005660653114318848
2024-05-16 14:37:28 | TRACE   | query_time, 0.0003072470426559448
2024-05-16 14:37:28 | TRACE   | query_time, 0.0003651529550552368
2024-05-16 14:37:28 | TRACE   | query_time, 0.00030602142214775085
2024-05-16 14:37:28 | TRACE   | query_time, 0.00033347681164741516
2024-05-16 14:37:28 | TRACE   | query_time, 0.0003959387540817261
2024-05-16 14:37:28 | TRACE   | query_time, 0.0003075934946537018
2024-05-16 14:37:28 | TRACE   | query_time, 0.0003734678030014038
2024-05-16 14:37:28 | TRACE   | query_time, 0.0005181171000003815
2024-05-16 14:37:28 | TRACE   | query_time, 0.0003509111702442169
2024-05-16 14:37:28 | TRACE   | query_time, 0.0003297366201877594
2024-05-16 14:37:28 | TRACE   | query_time, 0.0003226734697818756
2024-05-16 14:37:28 | TRACE   | query_time, 0.0006020478904247284
2024-05-16 14:37:28 | TRACE   | query_time, 0.0003182142972946167
2024-05-16 14:37:28 | TRACE   | query_time, 0.00042816251516342163
2024-05-16 14:37:28 | TRACE   | query_time, 0.00031750649213790894
2024-05-16 14:37:28 | TRACE   | query_time, 0.0003475397825241089
2024-05-16 14:37:28 | TRACE   | query_time, 0.00033602863550186157
2024-05-16 14:37:28 | TRACE   | query_time, 0.0006313547492027283
2024-05-16 14:37:28 | TRACE   | query_time, 0.00031112879514694214
2024-05-16 14:37:28 | TRACE   | query_time, 0.0004893392324447632
2024-05-16 14:37:28 | TRACE   | query_time, 0.00034533441066741943
2024-05-16 14:37:28 | TRACE   | query_time, 0.00043025240302085876
2024-05-16 14:37:28 | TRACE   | query_time, 0.00029830262064933777
2024-05-16 14:37:28 | TRACE   | query_time, 0.00029859691858291626
2024-05-16 14:37:28 | TRACE   | query_time, 0.00041562318801879883
2024-05-16 14:37:28 | TRACE   | query_time, 0.000323709100484848
