2024-01-24 00:28:18 | DEBUG   | {'input': PosixPath('data/gittables/indices/scalability_benchmark/conversion-sf200.zst'), 'input_type': 'index', 'queries': PosixPath('data/gittables/queries/scalability_benchmark.zst'), 'estimation_mode': None, 'index_mode': 'recall', 'output': None, 'workers': None, 'frequency_hists': False, 'suppress_results': True, 'log_level': 'INFO', 'log_file': PosixPath('logs/scalability_benchmark/gittables-collection-conversion-single_suppressed-sf200-3.log')}
2024-01-24 00:28:18 | DEBUG   | Loading input data from data/gittables/indices/scalability_benchmark/conversion-sf200.zst
2024-01-24 00:28:48 | DEBUG   | Loading queries from data/gittables/queries/scalability_benchmark.zst
2024-01-24 00:28:48 | TRACE   | bootstrap_time, 29.766395030543208
2024-01-24 00:28:48 | DEBUG   | Starting execution
2024-01-24 00:28:48 | TRACE   | query_time, 0.0004024207592010498
2024-01-24 00:28:48 | TRACE   | query_time, 0.00020654872059822083
2024-01-24 00:28:48 | TRACE   | query_time, 0.00018225982785224915
2024-01-24 00:28:48 | TRACE   | query_time, 0.00015222840011119843
2024-01-24 00:28:48 | TRACE   | query_time, 0.00022124312818050385
2024-01-24 00:28:48 | TRACE   | query_time, 0.00020011141896247864
2024-01-24 00:28:48 | TRACE   | query_time, 0.00015176087617874146
2024-01-24 00:28:48 | TRACE   | query_time, 0.000171734020113945
2024-01-24 00:28:48 | TRACE   | query_time, 0.0001451876014471054
2024-01-24 00:28:48 | TRACE   | query_time, 0.00015001744031906128
2024-01-24 00:28:48 | TRACE   | query_time, 0.00016102567315101624
2024-01-24 00:28:48 | TRACE   | query_time, 0.0001487676054239273
2024-01-24 00:28:48 | TRACE   | query_time, 0.0002051573246717453
2024-01-24 00:28:48 | TRACE   | query_time, 0.00019722990691661835
2024-01-24 00:28:48 | TRACE   | query_time, 0.00015413574874401093
2024-01-24 00:28:48 | TRACE   | query_time, 0.00015022791922092438
2024-01-24 00:28:48 | TRACE   | query_time, 0.00017787516117095947
2024-01-24 00:28:48 | TRACE   | query_time, 0.00019587762653827667
2024-01-24 00:28:48 | TRACE   | query_time, 0.0001524500548839569
2024-01-24 00:28:48 | TRACE   | query_time, 0.00014967657625675201
2024-01-24 00:28:48 | TRACE   | query_time, 0.00014739111065864563
2024-01-24 00:28:48 | TRACE   | query_time, 0.00014902092516422272
2024-01-24 00:28:48 | TRACE   | query_time, 0.00015292316675186157
2024-01-24 00:28:48 | TRACE   | query_time, 0.0001995190978050232
2024-01-24 00:28:48 | TRACE   | query_time, 0.00020336918532848358
2024-01-24 00:28:48 | TRACE   | query_time, 0.00014955364167690277
2024-01-24 00:28:48 | TRACE   | query_time, 0.0001481231302022934
2024-01-24 00:28:48 | TRACE   | query_time, 0.00019439123570919037
2024-01-24 00:28:48 | TRACE   | query_time, 0.00017653591930866241
2024-01-24 00:28:48 | TRACE   | query_time, 0.00014548003673553467
2024-01-24 00:28:48 | TRACE   | query_time, 0.00020027905702590942
2024-01-24 00:28:48 | TRACE   | query_time, 0.000194670632481575
2024-01-24 00:28:48 | TRACE   | query_time, 0.00015006400644779205
2024-01-24 00:28:48 | TRACE   | query_time, 0.00014651380479335785
2024-01-24 00:28:48 | TRACE   | query_time, 0.00020834989845752716
2024-01-24 00:28:48 | TRACE   | query_time, 0.0001978594809770584
2024-01-24 00:28:48 | TRACE   | query_time, 0.0001470521092414856
2024-01-24 00:28:48 | TRACE   | query_time, 0.0001575164496898651
2024-01-24 00:28:48 | TRACE   | query_time, 0.00014530494809150696
2024-01-24 00:28:48 | TRACE   | query_time, 0.00019410811364650726
2024-01-24 00:28:48 | TRACE   | query_time, 0.00018809735774993896
2024-01-24 00:28:48 | TRACE   | query_time, 0.00014488957822322845
2024-01-24 00:28:48 | TRACE   | query_time, 0.00019858963787555695
2024-01-24 00:28:48 | TRACE   | query_time, 0.0001928173005580902
2024-01-24 00:28:48 | TRACE   | query_time, 0.00014969706535339355
2024-01-24 00:28:48 | TRACE   | query_time, 0.000143514946103096
2024-01-24 00:28:48 | TRACE   | query_time, 0.00014235824346542358
2024-01-24 00:28:48 | TRACE   | query_time, 0.00017248094081878662
2024-01-24 00:28:48 | TRACE   | query_time, 0.00014228373765945435
2024-01-24 00:28:48 | TRACE   | query_time, 0.0001439359039068222
2024-01-24 00:28:48 | TRACE   | query_time, 0.00014451704919338226
2024-01-24 00:28:48 | TRACE   | query_time, 0.00014257803559303284
2024-01-24 00:28:48 | TRACE   | query_time, 0.00018372386693954468
2024-01-24 00:28:48 | TRACE   | query_time, 0.00019108876585960388
2024-01-24 00:28:48 | TRACE   | query_time, 0.00019121356308460236
2024-01-24 00:28:48 | TRACE   | query_time, 0.0001434236764907837
2024-01-24 00:28:48 | TRACE   | query_time, 0.000147942453622818
2024-01-24 00:28:48 | TRACE   | query_time, 0.00017212331295013428
2024-01-24 00:28:48 | TRACE   | query_time, 0.00014313869178295135
2024-01-24 00:28:48 | TRACE   | query_time, 0.00019166618585586548
2024-01-24 00:28:48 | TRACE   | query_time, 0.00014452822506427765
2024-01-24 00:28:48 | TRACE   | query_time, 0.00021428614854812622
2024-01-24 00:28:48 | TRACE   | query_time, 0.00019020400941371918
2024-01-24 00:28:48 | TRACE   | query_time, 0.00014310330152511597
2024-01-24 00:28:48 | TRACE   | query_time, 0.00019466876983642578
2024-01-24 00:28:48 | TRACE   | query_time, 0.00014426931738853455
2024-01-24 00:28:48 | TRACE   | query_time, 0.00014283694326877594
2024-01-24 00:28:48 | TRACE   | query_time, 0.00014314427971839905
2024-01-24 00:28:48 | TRACE   | query_time, 0.00019382499158382416
2024-01-24 00:28:48 | TRACE   | query_time, 0.00015323981642723083
2024-01-24 00:28:48 | TRACE   | query_time, 0.00018609501421451569
2024-01-24 00:28:48 | TRACE   | query_time, 0.00014455802738666534
2024-01-24 00:28:48 | TRACE   | query_time, 0.00020180270075798035
2024-01-24 00:28:48 | TRACE   | query_time, 0.00019120797514915466
2024-01-24 00:28:48 | TRACE   | query_time, 0.00018962286412715912
2024-01-24 00:28:48 | TRACE   | query_time, 0.00014374032616615295
2024-01-24 00:28:48 | TRACE   | query_time, 0.00017288140952587128
2024-01-24 00:28:48 | TRACE   | query_time, 0.00018234364688396454
2024-01-24 00:28:48 | TRACE   | query_time, 0.0002060476690530777
2024-01-24 00:28:48 | TRACE   | query_time, 0.000142732635140419
2024-01-24 00:28:48 | TRACE   | query_time, 0.00014764443039894104
2024-01-24 00:28:48 | TRACE   | query_time, 0.0001443270593881607
2024-01-24 00:28:48 | TRACE   | query_time, 0.00014368630945682526
2024-01-24 00:28:48 | TRACE   | query_time, 0.0001716911792755127
2024-01-24 00:28:48 | TRACE   | query_time, 0.00014345161616802216
2024-01-24 00:28:48 | TRACE   | query_time, 0.00018975883722305298
2024-01-24 00:28:48 | TRACE   | query_time, 0.00017866306006908417
2024-01-24 00:28:48 | TRACE   | query_time, 0.0002075880765914917
2024-01-24 00:28:48 | TRACE   | query_time, 0.00019163265824317932
2024-01-24 00:28:48 | TRACE   | query_time, 0.00014428794384002686
2024-01-24 00:28:48 | TRACE   | query_time, 0.00017437897622585297
2024-01-24 00:28:48 | TRACE   | query_time, 0.00014402903616428375
2024-01-24 00:28:48 | TRACE   | query_time, 0.00019169040024280548
2024-01-24 00:28:48 | TRACE   | query_time, 0.00014433078467845917
2024-01-24 00:28:48 | TRACE   | query_time, 0.00019195303320884705
2024-01-24 00:28:48 | TRACE   | query_time, 0.00017389655113220215
2024-01-24 00:28:48 | TRACE   | query_time, 0.00014279410243034363
2024-01-24 00:28:48 | TRACE   | query_time, 0.00019296258687973022
2024-01-24 00:28:48 | TRACE   | query_time, 0.0001458190381526947
2024-01-24 00:28:48 | TRACE   | query_time, 0.00014438852667808533
2024-01-24 00:28:48 | TRACE   | query_time, 0.00019132159650325775
2024-01-24 00:28:48 | TRACE   | query_time, 0.00014263950288295746
2024-01-24 00:28:48 | TRACE   | query_time, 0.0001537799835205078
2024-01-24 00:28:48 | TRACE   | query_time, 0.0001537725329399109
2024-01-24 00:28:48 | TRACE   | query_time, 0.000180710107088089
2024-01-24 00:28:48 | TRACE   | query_time, 0.0001487918198108673
2024-01-24 00:28:48 | TRACE   | query_time, 0.00020219385623931885
2024-01-24 00:28:48 | TRACE   | query_time, 0.0001919195055961609
2024-01-24 00:28:48 | TRACE   | query_time, 0.00019004382193088531
2024-01-24 00:28:48 | TRACE   | query_time, 0.00014298409223556519
2024-01-24 00:28:48 | TRACE   | query_time, 0.0001710541546344757
2024-01-24 00:28:48 | TRACE   | query_time, 0.00014312565326690674
2024-01-24 00:28:48 | TRACE   | query_time, 0.00014196336269378662
2024-01-24 00:28:48 | TRACE   | query_time, 0.00014409609138965607
2024-01-24 00:28:48 | TRACE   | query_time, 0.0001715291291475296
2024-01-24 00:28:48 | TRACE   | query_time, 0.00014311820268630981
2024-01-24 00:28:48 | TRACE   | query_time, 0.00017284415662288666
2024-01-24 00:28:48 | TRACE   | query_time, 0.00014770030975341797
2024-01-24 00:28:48 | TRACE   | query_time, 0.0001914147287607193
2024-01-24 00:28:48 | TRACE   | query_time, 0.0001433044672012329
2024-01-24 00:28:48 | TRACE   | query_time, 0.00014273636043071747
2024-01-24 00:28:48 | TRACE   | query_time, 0.00017162784934043884
2024-01-24 00:28:48 | TRACE   | query_time, 0.00019049271941184998
2024-01-24 00:28:48 | TRACE   | query_time, 0.00014844350516796112
2024-01-24 00:28:48 | TRACE   | query_time, 0.00018981657922267914
2024-01-24 00:28:48 | TRACE   | query_time, 0.00017140619456768036
2024-01-24 00:28:48 | TRACE   | query_time, 0.00014329701662063599
2024-01-24 00:28:48 | TRACE   | query_time, 0.00021290220320224762
2024-01-24 00:28:48 | TRACE   | query_time, 0.00014301948249340057
2024-01-24 00:28:48 | TRACE   | query_time, 0.00014367513358592987
2024-01-24 00:28:48 | TRACE   | query_time, 0.00014255382120609283
2024-01-24 00:28:48 | TRACE   | query_time, 0.00019037537276744843
2024-01-24 00:28:48 | TRACE   | query_time, 0.00015269406139850616
2024-01-24 00:28:48 | TRACE   | query_time, 0.00014260411262512207
2024-01-24 00:28:48 | TRACE   | query_time, 0.0001903083175420761
2024-01-24 00:28:48 | TRACE   | query_time, 0.0001516547054052353
2024-01-24 00:28:48 | TRACE   | query_time, 0.00018033571541309357
2024-01-24 00:28:48 | TRACE   | query_time, 0.00014364905655384064
2024-01-24 00:28:48 | TRACE   | query_time, 0.00019058212637901306
2024-01-24 00:28:48 | TRACE   | query_time, 0.0001905597746372223
2024-01-24 00:28:48 | TRACE   | query_time, 0.0001430865377187729
2024-01-24 00:28:48 | TRACE   | query_time, 0.00014791637659072876
2024-01-24 00:28:48 | TRACE   | query_time, 0.00017181970179080963
2024-01-24 00:28:48 | TRACE   | query_time, 0.00017925165593624115
2024-01-24 00:28:48 | TRACE   | query_time, 0.00020384788513183594
2024-01-24 00:28:48 | TRACE   | query_time, 0.00014387257397174835
2024-01-24 00:28:48 | TRACE   | query_time, 0.00014339201152324677
2024-01-24 00:28:48 | TRACE   | query_time, 0.00014306046068668365
2024-01-24 00:28:48 | TRACE   | query_time, 0.0001426413655281067
2024-01-24 00:28:48 | TRACE   | query_time, 0.0001432318240404129
2024-01-24 00:28:48 | TRACE   | query_time, 0.00014359690248966217
2024-01-24 00:28:48 | TRACE   | query_time, 0.00017036311328411102
2024-01-24 00:28:48 | TRACE   | query_time, 0.0001419615000486374
2024-01-24 00:28:48 | TRACE   | query_time, 0.00017106719315052032
2024-01-24 00:28:48 | TRACE   | query_time, 0.0001433640718460083
2024-01-24 00:28:48 | TRACE   | query_time, 0.00019029155373573303
2024-01-24 00:28:48 | TRACE   | query_time, 0.00014303624629974365
2024-01-24 00:28:48 | TRACE   | query_time, 0.00014422088861465454
2024-01-24 00:28:48 | TRACE   | query_time, 0.00014383159577846527
2024-01-24 00:28:48 | TRACE   | query_time, 0.00020342320203781128
2024-01-24 00:28:48 | TRACE   | query_time, 0.0001435447484254837
2024-01-24 00:28:48 | TRACE   | query_time, 0.00021190010011196136
2024-01-24 00:28:48 | TRACE   | query_time, 0.00019190646708011627
2024-01-24 00:28:48 | TRACE   | query_time, 0.00014341622591018677
2024-01-24 00:28:48 | TRACE   | query_time, 0.00019044801592826843
2024-01-24 00:28:48 | TRACE   | query_time, 0.00016338564455509186
2024-01-24 00:28:48 | TRACE   | query_time, 0.0001445561647415161
2024-01-24 00:28:48 | TRACE   | query_time, 0.0001439899206161499
2024-01-24 00:28:48 | TRACE   | query_time, 0.00015235692262649536
2024-01-24 00:28:48 | TRACE   | query_time, 0.00015179067850112915
2024-01-24 00:28:48 | TRACE   | query_time, 0.0001436825841665268
2024-01-24 00:28:48 | TRACE   | query_time, 0.0002003069967031479
2024-01-24 00:28:48 | TRACE   | query_time, 0.00019164010882377625
2024-01-24 00:28:48 | TRACE   | query_time, 0.000144151970744133
2024-01-24 00:28:48 | TRACE   | query_time, 0.00014252029359340668
2024-01-24 00:28:48 | TRACE   | query_time, 0.000172516331076622
2024-01-24 00:28:48 | TRACE   | query_time, 0.0001441817730665207
2024-01-24 00:28:48 | TRACE   | query_time, 0.00014769472181797028
2024-01-24 00:28:48 | TRACE   | query_time, 0.00014452636241912842
2024-01-24 00:28:48 | TRACE   | query_time, 0.0001432131975889206
2024-01-24 00:28:48 | TRACE   | query_time, 0.00014379248023033142
2024-01-24 00:28:48 | TRACE   | query_time, 0.00017273053526878357
2024-01-24 00:28:48 | TRACE   | query_time, 0.00014435313642024994
2024-01-24 00:28:48 | TRACE   | query_time, 0.00019080750644207
2024-01-24 00:28:48 | TRACE   | query_time, 0.00017064809799194336
2024-01-24 00:28:48 | TRACE   | query_time, 0.00014487095177173615
2024-01-24 00:28:48 | TRACE   | query_time, 0.00014368444681167603
2024-01-24 00:28:48 | TRACE   | query_time, 0.00014483928680419922
2024-01-24 00:28:48 | TRACE   | query_time, 0.0001724380999803543
2024-01-24 00:28:48 | TRACE   | query_time, 0.00014485791325569153
2024-01-24 00:28:48 | TRACE   | query_time, 0.0001912936568260193
2024-01-24 00:28:48 | TRACE   | query_time, 0.0001430027186870575
2024-01-24 00:28:48 | TRACE   | query_time, 0.00019194930791854858
2024-01-24 00:28:48 | TRACE   | query_time, 0.00014535710215568542
2024-01-24 00:28:48 | TRACE   | query_time, 0.00021238438785076141
2024-01-24 00:28:48 | TRACE   | query_time, 0.00019510090351104736
2024-01-24 00:28:48 | TRACE   | query_time, 0.00019116327166557312
2024-01-24 00:28:48 | TRACE   | query_time, 0.00014352798461914062
2024-01-24 00:28:48 | TRACE   | query_time, 0.00016226433217525482
2024-01-24 00:28:48 | TRACE   | query_time, 0.000144248828291893
2024-01-24 00:28:48 | TRACE   | query_time, 0.00014283694326877594
2024-01-24 00:28:48 | TRACE   | query_time, 0.00015489384531974792
2024-01-24 00:28:48 | TRACE   | query_time, 0.0001438818871974945
2024-01-24 00:28:48 | TRACE   | query_time, 0.000180903822183609
2024-01-24 00:28:48 | TRACE   | query_time, 0.00014204904437065125
2024-01-24 00:28:48 | TRACE   | query_time, 0.00019994936883449554
2024-01-24 00:28:48 | TRACE   | query_time, 0.0001892540603876114
2024-01-24 00:28:48 | TRACE   | query_time, 0.00014291517436504364
2024-01-24 00:28:48 | TRACE   | query_time, 0.00014388002455234528
2024-01-24 00:28:48 | TRACE   | query_time, 0.0001436341553926468
2024-01-24 00:28:48 | TRACE   | query_time, 0.000143490731716156
2024-01-24 00:28:48 | TRACE   | query_time, 0.00017319805920124054
2024-01-24 00:28:48 | TRACE   | query_time, 0.00018154829740524292
2024-01-24 00:28:48 | TRACE   | query_time, 0.0002034548670053482
2024-01-24 00:28:48 | TRACE   | query_time, 0.00014379620552062988
2024-01-24 00:28:48 | TRACE   | query_time, 0.0001425333321094513
2024-01-24 00:28:48 | TRACE   | query_time, 0.0001438874751329422
2024-01-24 00:28:48 | TRACE   | query_time, 0.00014338642358779907
2024-01-24 00:28:48 | TRACE   | query_time, 0.00017176754772663116
2024-01-24 00:28:48 | TRACE   | query_time, 0.00014377757906913757
2024-01-24 00:28:48 | TRACE   | query_time, 0.00019074417650699615
2024-01-24 00:28:48 | TRACE   | query_time, 0.0001714695245027542
2024-01-24 00:28:48 | TRACE   | query_time, 0.0001428462564945221
2024-01-24 00:28:48 | TRACE   | query_time, 0.0001918412744998932
2024-01-24 00:28:48 | TRACE   | query_time, 0.00019084475934505463
2024-01-24 00:28:48 | TRACE   | query_time, 0.0001731589436531067
2024-01-24 00:28:48 | TRACE   | query_time, 0.00014342740178108215
2024-01-24 00:28:48 | TRACE   | query_time, 0.00019061565399169922
2024-01-24 00:28:48 | TRACE   | query_time, 0.00018999911844730377
2024-01-24 00:28:48 | TRACE   | query_time, 0.00014405138790607452
2024-01-24 00:28:48 | TRACE   | query_time, 0.000193912535905838
2024-01-24 00:28:48 | TRACE   | query_time, 0.0001508556306362152
2024-01-24 00:28:48 | TRACE   | query_time, 0.00014572031795978546
2024-01-24 00:28:48 | TRACE   | query_time, 0.00019327178597450256
2024-01-24 00:28:48 | TRACE   | query_time, 0.00016625598073005676
2024-01-24 00:28:48 | TRACE   | query_time, 0.00014422647655010223
2024-01-24 00:28:48 | TRACE   | query_time, 0.00014431588351726532
2024-01-24 00:28:48 | TRACE   | query_time, 0.00015288963913917542
2024-01-24 00:28:48 | TRACE   | query_time, 0.00018117763102054596
2024-01-24 00:28:48 | TRACE   | query_time, 0.00014412030577659607
2024-01-24 00:28:48 | TRACE   | query_time, 0.00020051933825016022
2024-01-24 00:28:48 | TRACE   | query_time, 0.00019139237701892853
2024-01-24 00:28:48 | TRACE   | query_time, 0.00014252029359340668
2024-01-24 00:28:48 | TRACE   | query_time, 0.000141901895403862
2024-01-24 00:28:48 | TRACE   | query_time, 0.00014231353998184204
2024-01-24 00:28:48 | TRACE   | query_time, 0.00017018988728523254
2024-01-24 00:28:48 | TRACE   | query_time, 0.00018194504082202911
2024-01-24 00:28:48 | TRACE   | query_time, 0.00020029209554195404
2024-01-24 00:28:48 | TRACE   | query_time, 0.00014355964958667755
2024-01-24 00:28:48 | TRACE   | query_time, 0.00014714710414409637
2024-01-24 00:28:48 | TRACE   | query_time, 0.00014398619532585144
2024-01-24 00:28:48 | TRACE   | query_time, 0.0001721605658531189
2024-01-24 00:28:48 | TRACE   | query_time, 0.00014166533946990967
2024-01-24 00:28:48 | TRACE   | query_time, 0.0001908130943775177
2024-01-24 00:28:48 | TRACE   | query_time, 0.00017258524894714355
2024-01-24 00:28:48 | TRACE   | query_time, 0.00018987618386745453
2024-01-24 00:28:48 | TRACE   | query_time, 0.00014392472803592682
2024-01-24 00:28:48 | TRACE   | query_time, 0.00017197802662849426
2024-01-24 00:28:48 | TRACE   | query_time, 0.00014418922364711761
2024-01-24 00:28:48 | TRACE   | query_time, 0.00019113533198833466
2024-01-24 00:28:48 | TRACE   | query_time, 0.00019090808928012848
2024-01-24 00:28:48 | TRACE   | query_time, 0.00017199665307998657
2024-01-24 00:28:48 | TRACE   | query_time, 0.00014369934797286987
2024-01-24 00:28:48 | TRACE   | query_time, 0.00020953454077243805
2024-01-24 00:28:48 | TRACE   | query_time, 0.000190000981092453
2024-01-24 00:28:48 | TRACE   | query_time, 0.00019239820539951324
2024-01-24 00:28:48 | TRACE   | query_time, 0.00014377012848854065
2024-01-24 00:28:48 | TRACE   | query_time, 0.00014468468725681305
2024-01-24 00:28:48 | TRACE   | query_time, 0.00014499016106128693
2024-01-24 00:28:48 | TRACE   | query_time, 0.00016303732991218567
2024-01-24 00:28:48 | TRACE   | query_time, 0.00014422275125980377
2024-01-24 00:28:48 | TRACE   | query_time, 0.00014393404126167297
2024-01-24 00:28:48 | TRACE   | query_time, 0.00015307962894439697
2024-01-24 00:28:48 | TRACE   | query_time, 0.00014323368668556213
2024-01-24 00:28:48 | TRACE   | query_time, 0.00019043870270252228
2024-01-24 00:28:48 | TRACE   | query_time, 0.00015168264508247375
2024-01-24 00:28:48 | TRACE   | query_time, 0.0002001747488975525
2024-01-24 00:28:48 | TRACE   | query_time, 0.00019152462482452393
2024-01-24 00:28:48 | TRACE   | query_time, 0.00019183941185474396
2024-01-24 00:28:48 | TRACE   | query_time, 0.00014395639300346375
2024-01-24 00:28:48 | TRACE   | query_time, 0.0001440737396478653
2024-01-24 00:28:48 | TRACE   | query_time, 0.0001435745507478714
2024-01-24 00:28:48 | TRACE   | query_time, 0.00017181597650051117
2024-01-24 00:28:48 | TRACE   | query_time, 0.00018274225294589996
2024-01-24 00:28:48 | TRACE   | query_time, 0.00020013563334941864
2024-01-24 00:28:48 | TRACE   | query_time, 0.00014413334429264069
2024-01-24 00:28:48 | TRACE   | query_time, 0.0001426655799150467
2024-01-24 00:28:48 | TRACE   | query_time, 0.00014224275946617126
2024-01-24 00:28:48 | TRACE   | query_time, 0.0001424849033355713
2024-01-24 00:28:48 | TRACE   | query_time, 0.00014250539243221283
2024-01-24 00:28:48 | TRACE   | query_time, 0.0001722928136587143
2024-01-24 00:28:48 | TRACE   | query_time, 0.00019061192870140076
2024-01-24 00:28:48 | TRACE   | query_time, 0.00014310330152511597
2024-01-24 00:28:48 | TRACE   | query_time, 0.000191420316696167
2024-01-24 00:28:48 | TRACE   | query_time, 0.00014379620552062988
2024-01-24 00:28:48 | TRACE   | query_time, 0.00014397315680980682
2024-01-24 00:28:48 | TRACE   | query_time, 0.00019056163728237152
2024-01-24 00:28:48 | TRACE   | query_time, 0.00017209909856319427
2024-01-24 00:28:48 | TRACE   | query_time, 0.00014379248023033142
2024-01-24 00:28:48 | TRACE   | query_time, 0.00014312006533145905
2024-01-24 00:28:48 | TRACE   | query_time, 0.00019026920199394226
2024-01-24 00:28:48 | TRACE   | query_time, 0.0001630149781703949
2024-01-24 00:28:48 | TRACE   | query_time, 0.00019271858036518097
2024-01-24 00:28:48 | TRACE   | query_time, 0.0001493152230978012
2024-01-24 00:28:48 | TRACE   | query_time, 0.00014424510300159454
2024-01-24 00:28:48 | TRACE   | query_time, 0.00015397556126117706
2024-01-24 00:28:48 | TRACE   | query_time, 0.00014280527830123901
2024-01-24 00:28:48 | TRACE   | query_time, 0.00015318207442760468
2024-01-24 00:28:48 | TRACE   | query_time, 0.0001822877675294876
2024-01-24 00:28:48 | TRACE   | query_time, 0.00014305859804153442
2024-01-24 00:28:48 | TRACE   | query_time, 0.00019938312470912933
2024-01-24 00:28:48 | TRACE   | query_time, 0.00019030272960662842
2024-01-24 00:28:48 | TRACE   | query_time, 0.00018980354070663452
2024-01-24 00:28:48 | TRACE   | query_time, 0.0001427382230758667
2024-01-24 00:28:48 | TRACE   | query_time, 0.00014344044029712677
2024-01-24 00:28:48 | TRACE   | query_time, 0.00014496035873889923
2024-01-24 00:28:48 | TRACE   | query_time, 0.00014325976371765137
2024-01-24 00:28:48 | TRACE   | query_time, 0.0001821555197238922
2024-01-24 00:28:48 | TRACE   | query_time, 0.00020221620798110962
2024-01-24 00:28:48 | TRACE   | query_time, 0.0001439172774553299
2024-01-24 00:28:48 | TRACE   | query_time, 0.00014385581016540527
2024-01-24 00:28:48 | TRACE   | query_time, 0.0001462213695049286
2024-01-24 00:28:48 | TRACE   | query_time, 0.00014325417578220367
2024-01-24 00:28:48 | TRACE   | query_time, 0.00014201365411281586
2024-01-24 00:28:48 | TRACE   | query_time, 0.0001427866518497467
2024-01-24 00:28:48 | TRACE   | query_time, 0.00017099827527999878
2024-01-24 00:28:48 | TRACE   | query_time, 0.00014434382319450378
2024-01-24 00:28:48 | TRACE   | query_time, 0.0001896992325782776
2024-01-24 00:28:48 | TRACE   | query_time, 0.00017147324979305267
2024-01-24 00:28:48 | TRACE   | query_time, 0.00018983334302902222
2024-01-24 00:28:48 | TRACE   | query_time, 0.00019073858857154846
2024-01-24 00:28:48 | TRACE   | query_time, 0.0001438278704881668
2024-01-24 00:28:48 | TRACE   | query_time, 0.00014379248023033142
2024-01-24 00:28:48 | TRACE   | query_time, 0.00035982392728328705
2024-01-24 00:28:48 | TRACE   | query_time, 0.00033344514667987823
2024-01-24 00:28:48 | TRACE   | query_time, 0.00039221160113811493
2024-01-24 00:28:48 | TRACE   | query_time, 0.0003289729356765747
2024-01-24 00:28:48 | TRACE   | query_time, 0.00037328898906707764
2024-01-24 00:28:48 | TRACE   | query_time, 0.0004014894366264343
2024-01-24 00:28:48 | TRACE   | query_time, 0.0003599338233470917
2024-01-24 00:28:48 | TRACE   | query_time, 0.00033002719283103943
2024-01-24 00:28:48 | TRACE   | query_time, 0.00036425329744815826
2024-01-24 00:28:48 | TRACE   | query_time, 0.0003701578825712204
2024-01-24 00:28:48 | TRACE   | query_time, 0.0003296937793493271
2024-01-24 00:28:48 | TRACE   | query_time, 0.0003177933394908905
2024-01-24 00:28:48 | TRACE   | query_time, 0.0003764387220144272
2024-01-24 00:28:48 | TRACE   | query_time, 0.0003638993948698044
2024-01-24 00:28:48 | TRACE   | query_time, 0.00036545656621456146
2024-01-24 00:28:48 | TRACE   | query_time, 0.00032851286232471466
2024-01-24 00:28:48 | TRACE   | query_time, 0.00036136433482170105
2024-01-24 00:28:48 | TRACE   | query_time, 0.0003306027501821518
2024-01-24 00:28:48 | TRACE   | query_time, 0.00036068446934223175
2024-01-24 00:28:48 | TRACE   | query_time, 0.0003913789987564087
2024-01-24 00:28:48 | TRACE   | query_time, 0.00031999126076698303
2024-01-24 00:28:48 | TRACE   | query_time, 0.00036519579589366913
2024-01-24 00:28:48 | TRACE   | query_time, 0.0003223363310098648
2024-01-24 00:28:48 | TRACE   | query_time, 0.0003508254885673523
2024-01-24 00:28:48 | TRACE   | query_time, 0.0003320537507534027
2024-01-24 00:28:48 | TRACE   | query_time, 0.0003430880606174469
2024-01-24 00:28:48 | TRACE   | query_time, 0.0003277398645877838
2024-01-24 00:28:48 | TRACE   | query_time, 0.00037123262882232666
2024-01-24 00:28:48 | TRACE   | query_time, 0.000327330082654953
2024-01-24 00:28:48 | TRACE   | query_time, 0.00035507045686244965
2024-01-24 00:28:48 | TRACE   | query_time, 0.00032484158873558044
2024-01-24 00:28:48 | TRACE   | query_time, 0.00035739317536354065
2024-01-24 00:28:48 | TRACE   | query_time, 0.0003324635326862335
2024-01-24 00:28:48 | TRACE   | query_time, 0.00037096254527568817
2024-01-24 00:28:48 | TRACE   | query_time, 0.0003264322876930237
2024-01-24 00:28:48 | TRACE   | query_time, 0.00035842880606651306
2024-01-24 00:28:48 | TRACE   | query_time, 0.0003172159194946289
2024-01-24 00:28:48 | TRACE   | query_time, 0.00035156309604644775
2024-01-24 00:28:48 | TRACE   | query_time, 0.0003997497260570526
2024-01-24 00:28:48 | TRACE   | query_time, 0.0003225337713956833
2024-01-24 00:28:48 | TRACE   | query_time, 0.0003229081630706787
2024-01-24 00:28:48 | TRACE   | query_time, 0.00036273524165153503
2024-01-24 00:28:48 | TRACE   | query_time, 0.00032627955079078674
2024-01-24 00:28:48 | TRACE   | query_time, 0.000354250892996788
2024-01-24 00:28:48 | TRACE   | query_time, 0.0003528911620378494
2024-01-24 00:28:48 | TRACE   | query_time, 0.00032390840351581573
2024-01-24 00:28:48 | TRACE   | query_time, 0.00036102719604969025
2024-01-24 00:28:48 | TRACE   | query_time, 0.0003269743174314499
2024-01-24 00:28:48 | TRACE   | query_time, 0.00037964247167110443
2024-01-24 00:28:48 | TRACE   | query_time, 0.00032549910247325897
2024-01-24 00:28:48 | TRACE   | query_time, 0.0003151446580886841
2024-01-24 00:28:48 | TRACE   | query_time, 0.00031419098377227783
2024-01-24 00:28:48 | TRACE   | query_time, 0.00032912008464336395
2024-01-24 00:28:48 | TRACE   | query_time, 0.0003557242453098297
2024-01-24 00:28:48 | TRACE   | query_time, 0.00039566680788993835
2024-01-24 00:28:48 | TRACE   | query_time, 0.00032432377338409424
2024-01-24 00:28:48 | TRACE   | query_time, 0.0003445316106081009
2024-01-24 00:28:48 | TRACE   | query_time, 0.00032543204724788666
2024-01-24 00:28:48 | TRACE   | query_time, 0.00036147236824035645
2024-01-24 00:28:48 | TRACE   | query_time, 0.0003158990293741226
2024-01-24 00:28:48 | TRACE   | query_time, 0.0003535710275173187
2024-01-24 00:28:48 | TRACE   | query_time, 0.00032176636159420013
2024-01-24 00:28:48 | TRACE   | query_time, 0.0003572162240743637
2024-01-24 00:28:48 | TRACE   | query_time, 0.0003660731017589569
2024-01-24 00:28:48 | TRACE   | query_time, 0.0003737267106771469
2024-01-24 00:28:48 | TRACE   | query_time, 0.00032968632876873016
2024-01-24 00:28:48 | TRACE   | query_time, 0.0003249365836381912
2024-01-24 00:28:48 | TRACE   | query_time, 0.0003236178308725357
2024-01-24 00:28:48 | TRACE   | query_time, 0.00032629072666168213
2024-01-24 00:28:48 | TRACE   | query_time, 0.0003245547413825989
2024-01-24 00:28:48 | TRACE   | query_time, 0.0003249756991863251
2024-01-24 00:28:48 | TRACE   | query_time, 0.0003539174795150757
2024-01-24 00:28:48 | TRACE   | query_time, 0.00034686923027038574
2024-01-24 00:28:48 | TRACE   | query_time, 0.00035341642796993256
2024-01-24 00:28:48 | TRACE   | query_time, 0.0003543924540281296
2024-01-24 00:28:48 | TRACE   | query_time, 0.000362347811460495
2024-01-24 00:28:48 | TRACE   | query_time, 0.0004267822951078415
2024-01-24 00:28:48 | TRACE   | query_time, 0.00032215937972068787
2024-01-24 00:28:48 | TRACE   | query_time, 0.0003609172999858856
2024-01-24 00:28:48 | TRACE   | query_time, 0.0003524553030729294
2024-01-24 00:28:48 | TRACE   | query_time, 0.00035204924643039703
2024-01-24 00:28:48 | TRACE   | query_time, 0.00032350607216358185
2024-01-24 00:28:48 | TRACE   | query_time, 0.0003569275140762329
2024-01-24 00:28:48 | TRACE   | query_time, 0.00032385438680648804
2024-01-24 00:28:48 | TRACE   | query_time, 0.0003521256148815155
2024-01-24 00:28:48 | TRACE   | query_time, 0.000317595899105072
2024-01-24 00:28:48 | TRACE   | query_time, 0.000355694442987442
2024-01-24 00:28:48 | TRACE   | query_time, 0.00034300051629543304
2024-01-24 00:28:48 | TRACE   | query_time, 0.0003934986889362335
2024-01-24 00:28:48 | TRACE   | query_time, 0.0003252420574426651
2024-01-24 00:28:48 | TRACE   | query_time, 0.0003150850534439087
2024-01-24 00:28:48 | TRACE   | query_time, 0.00032964907586574554
2024-01-24 00:28:48 | TRACE   | query_time, 0.00032790377736091614
2024-01-24 00:28:48 | TRACE   | query_time, 0.00036270543932914734
2024-01-24 00:28:48 | TRACE   | query_time, 0.0003544408828020096
2024-01-24 00:28:48 | TRACE   | query_time, 0.0003538355231285095
2024-01-24 00:28:48 | TRACE   | query_time, 0.00032545439898967743
2024-01-24 00:28:48 | TRACE   | query_time, 0.0003241579979658127
2024-01-24 00:28:48 | TRACE   | query_time, 0.00032192468643188477
2024-01-24 00:28:48 | TRACE   | query_time, 0.0003538690507411957
2024-01-24 00:28:48 | TRACE   | query_time, 0.00036167725920677185
2024-01-24 00:28:48 | TRACE   | query_time, 0.00032037869095802307
2024-01-24 00:28:48 | TRACE   | query_time, 0.0003468077629804611
2024-01-24 00:28:48 | TRACE   | query_time, 0.00035346299409866333
2024-01-24 00:28:48 | TRACE   | query_time, 0.0003918744623661041
2024-01-24 00:28:48 | TRACE   | query_time, 0.000321192666888237
2024-01-24 00:28:48 | TRACE   | query_time, 0.0003244373947381973
2024-01-24 00:28:48 | TRACE   | query_time, 0.0003210306167602539
2024-01-24 00:28:48 | TRACE   | query_time, 0.00041297823190689087
2024-01-24 00:28:48 | TRACE   | query_time, 0.0003231316804885864
2024-01-24 00:28:48 | TRACE   | query_time, 0.00035238079726696014
2024-01-24 00:28:48 | TRACE   | query_time, 0.00035129114985466003
2024-01-24 00:28:48 | TRACE   | query_time, 0.00036602094769477844
2024-01-24 00:28:48 | TRACE   | query_time, 0.00036377832293510437
2024-01-24 00:28:48 | TRACE   | query_time, 0.0003246404230594635
2024-01-24 00:28:48 | TRACE   | query_time, 0.0003227684646844864
2024-01-24 00:28:48 | TRACE   | query_time, 0.00035503506660461426
2024-01-24 00:28:48 | TRACE   | query_time, 0.00032348185777664185
2024-01-24 00:28:48 | TRACE   | query_time, 0.00035581551492214203
2024-01-24 00:28:48 | TRACE   | query_time, 0.000340459868311882
2024-01-24 00:28:48 | TRACE   | query_time, 0.0003528110682964325
2024-01-24 00:28:48 | TRACE   | query_time, 0.0003456268459558487
2024-01-24 00:28:48 | TRACE   | query_time, 0.00032421573996543884
2024-01-24 00:28:48 | TRACE   | query_time, 0.00031753070652484894
2024-01-24 00:28:48 | TRACE   | query_time, 0.00035520270466804504
2024-01-24 00:28:48 | TRACE   | query_time, 0.0003234781324863434
2024-01-24 00:28:48 | TRACE   | query_time, 0.0003616753965616226
2024-01-24 00:28:48 | TRACE   | query_time, 0.0003538951277732849
2024-01-24 00:28:48 | TRACE   | query_time, 0.0003255438059568405
2024-01-24 00:28:48 | TRACE   | query_time, 0.00031487084925174713
2024-01-24 00:28:48 | TRACE   | query_time, 0.00035404227674007416
2024-01-24 00:28:48 | TRACE   | query_time, 0.00035081058740615845
2024-01-24 00:28:48 | TRACE   | query_time, 0.00034397654235363007
2024-01-24 00:28:48 | TRACE   | query_time, 0.00035322830080986023
2024-01-24 00:28:48 | TRACE   | query_time, 0.0003414861857891083
2024-01-24 00:28:48 | TRACE   | query_time, 0.0003508813679218292
2024-01-24 00:28:48 | TRACE   | query_time, 0.0004108808934688568
2024-01-24 00:28:48 | TRACE   | query_time, 0.000324128195643425
2024-01-24 00:28:48 | TRACE   | query_time, 0.0003544911742210388
2024-01-24 00:28:48 | TRACE   | query_time, 0.00036426447331905365
2024-01-24 00:28:48 | TRACE   | query_time, 0.00035366974771022797
2024-01-24 00:28:48 | TRACE   | query_time, 0.000378195196390152
2024-01-24 00:28:48 | TRACE   | query_time, 0.0003259759396314621
2024-01-24 00:28:48 | TRACE   | query_time, 0.0003615245223045349
2024-01-24 00:28:48 | TRACE   | query_time, 0.000323491171002388
2024-01-24 00:28:48 | TRACE   | query_time, 0.00038614682853221893
2024-01-24 00:28:48 | TRACE   | query_time, 0.0003147553652524948
2024-01-24 00:28:48 | TRACE   | query_time, 0.00037431344389915466
2024-01-24 00:28:48 | TRACE   | query_time, 0.000357992947101593
2024-01-24 00:28:48 | TRACE   | query_time, 0.0004143770784139633
2024-01-24 00:28:48 | TRACE   | query_time, 0.0003574248403310776
2024-01-24 00:28:48 | TRACE   | query_time, 0.0003631655126810074
2024-01-24 00:28:48 | TRACE   | query_time, 0.0003562048077583313
2024-01-24 00:28:48 | TRACE   | query_time, 0.00032412633299827576
2024-01-24 00:28:48 | TRACE   | query_time, 0.0003612115979194641
2024-01-24 00:28:48 | TRACE   | query_time, 0.00032568536698818207
2024-01-24 00:28:48 | TRACE   | query_time, 0.000324886292219162
2024-01-24 00:28:48 | TRACE   | query_time, 0.0003540273755788803
2024-01-24 00:28:48 | TRACE   | query_time, 0.00041448138654232025
2024-01-24 00:28:48 | TRACE   | query_time, 0.00039534829556941986
2024-01-24 00:28:48 | TRACE   | query_time, 0.00039462000131607056
2024-01-24 00:28:48 | TRACE   | query_time, 0.00042840465903282166
2024-01-24 00:28:48 | TRACE   | query_time, 0.00039061717689037323
2024-01-24 00:28:48 | TRACE   | query_time, 0.000425850972533226
2024-01-24 00:28:48 | TRACE   | query_time, 0.0004007238894701004
2024-01-24 00:28:48 | TRACE   | query_time, 0.00042967870831489563
2024-01-24 00:28:48 | TRACE   | query_time, 0.00041968002915382385
2024-01-24 00:28:48 | TRACE   | query_time, 0.0004417598247528076
2024-01-24 00:28:48 | TRACE   | query_time, 0.000425020232796669
2024-01-24 00:28:48 | TRACE   | query_time, 0.00041201338171958923
2024-01-24 00:28:48 | TRACE   | query_time, 0.0004254225641489029
2024-01-24 00:28:48 | TRACE   | query_time, 0.00041530467569828033
2024-01-24 00:28:48 | TRACE   | query_time, 0.000387800857424736
2024-01-24 00:28:48 | TRACE   | query_time, 0.0003902912139892578
2024-01-24 00:28:48 | TRACE   | query_time, 0.0004122592508792877
2024-01-24 00:28:48 | TRACE   | query_time, 0.000409640371799469
2024-01-24 00:28:48 | TRACE   | query_time, 0.00041443854570388794
2024-01-24 00:28:48 | TRACE   | query_time, 0.0003852918744087219
2024-01-24 00:28:48 | TRACE   | query_time, 0.00039236806333065033
2024-01-24 00:28:48 | TRACE   | query_time, 0.0004192907363176346
2024-01-24 00:28:48 | TRACE   | query_time, 0.0004159212112426758
2024-01-24 00:28:48 | TRACE   | query_time, 0.0004742611199617386
2024-01-24 00:28:48 | TRACE   | query_time, 0.00038689933717250824
2024-01-24 00:28:48 | TRACE   | query_time, 0.00037999823689460754
2024-01-24 00:28:48 | TRACE   | query_time, 0.0004127044230699539
2024-01-24 00:28:48 | TRACE   | query_time, 0.0004094727337360382
2024-01-24 00:28:48 | TRACE   | query_time, 0.0004169046878814697
2024-01-24 00:28:48 | TRACE   | query_time, 0.0003918800503015518
2024-01-24 00:28:48 | TRACE   | query_time, 0.00039150379598140717
2024-01-24 00:28:48 | TRACE   | query_time, 0.00038763508200645447
2024-01-24 00:28:48 | TRACE   | query_time, 0.0004170220345258713
2024-01-24 00:28:48 | TRACE   | query_time, 0.0004118364304304123
2024-01-24 00:28:48 | TRACE   | query_time, 0.00040860846638679504
2024-01-24 00:28:48 | TRACE   | query_time, 0.0004085712134838104
2024-01-24 00:28:48 | TRACE   | query_time, 0.00041238218545913696
2024-01-24 00:28:48 | TRACE   | query_time, 0.0004088636487722397
2024-01-24 00:28:48 | TRACE   | query_time, 0.00039104558527469635
2024-01-24 00:28:48 | TRACE   | query_time, 0.0003848467022180557
2024-01-24 00:28:48 | TRACE   | query_time, 0.0004591159522533417
2024-01-24 00:28:48 | TRACE   | query_time, 0.00039226189255714417
2024-01-24 00:28:48 | TRACE   | query_time, 0.00041098520159721375
2024-01-24 00:28:48 | TRACE   | query_time, 0.00041016004979610443
2024-01-24 00:28:48 | TRACE   | query_time, 0.0004186555743217468
2024-01-24 00:28:48 | TRACE   | query_time, 0.0003889482468366623
2024-01-24 00:28:48 | TRACE   | query_time, 0.00038420967757701874
2024-01-24 00:28:48 | TRACE   | query_time, 0.0003878120332956314
2024-01-24 00:28:48 | TRACE   | query_time, 0.00039387308061122894
2024-01-24 00:28:48 | TRACE   | query_time, 0.0004192367196083069
2024-01-24 00:28:48 | TRACE   | query_time, 0.0004415065050125122
2024-01-24 00:28:48 | TRACE   | query_time, 0.00038209371268749237
2024-01-24 00:28:48 | TRACE   | query_time, 0.0004132259637117386
2024-01-24 00:28:48 | TRACE   | query_time, 0.0003814529627561569
2024-01-24 00:28:48 | TRACE   | query_time, 0.0004067644476890564
2024-01-24 00:28:48 | TRACE   | query_time, 0.00041074492037296295
2024-01-24 00:28:48 | TRACE   | query_time, 0.0004088468849658966
2024-01-24 00:28:48 | TRACE   | query_time, 0.00038465671241283417
2024-01-24 00:28:48 | TRACE   | query_time, 0.0004140399396419525
2024-01-24 00:28:48 | TRACE   | query_time, 0.000388098880648613
2024-01-24 00:28:48 | TRACE   | query_time, 0.00042054615914821625
2024-01-24 00:28:48 | TRACE   | query_time, 0.0004106089472770691
2024-01-24 00:28:48 | TRACE   | query_time, 0.00043248385190963745
2024-01-24 00:28:48 | TRACE   | query_time, 0.0004104599356651306
2024-01-24 00:28:48 | TRACE   | query_time, 0.00041100382804870605
2024-01-24 00:28:48 | TRACE   | query_time, 0.00039419904351234436
2024-01-24 00:28:48 | TRACE   | query_time, 0.00038545019924640656
2024-01-24 00:28:48 | TRACE   | query_time, 0.00042640790343284607
2024-01-24 00:28:48 | TRACE   | query_time, 0.0003871079534292221
2024-01-24 00:28:48 | TRACE   | query_time, 0.0003865305334329605
2024-01-24 00:28:48 | TRACE   | query_time, 0.00038635171949863434
2024-01-24 00:28:48 | TRACE   | query_time, 0.00039063580334186554
2024-01-24 00:28:48 | TRACE   | query_time, 0.0004022344946861267
2024-01-24 00:28:48 | TRACE   | query_time, 0.00041129253804683685
2024-01-24 00:28:48 | TRACE   | query_time, 0.0004113800823688507
2024-01-24 00:28:48 | TRACE   | query_time, 0.00041002966463565826
2024-01-24 00:28:48 | TRACE   | query_time, 0.00041974522173404694
2024-01-24 00:28:48 | TRACE   | query_time, 0.00038737617433071136
2024-01-24 00:28:48 | TRACE   | query_time, 0.0004188753664493561
2024-01-24 00:28:48 | TRACE   | query_time, 0.00041443295776844025
2024-01-24 00:28:48 | TRACE   | query_time, 0.00038838014006614685
2024-01-24 00:28:48 | TRACE   | query_time, 0.00041980668902397156
2024-01-24 00:28:48 | TRACE   | query_time, 0.0004376247525215149
2024-01-24 00:28:48 | TRACE   | query_time, 0.00040910206735134125
2024-01-24 00:28:48 | TRACE   | query_time, 0.00040283240377902985
2024-01-24 00:28:48 | TRACE   | query_time, 0.00041232071816921234
2024-01-24 00:28:48 | TRACE   | query_time, 0.0004510916769504547
2024-01-24 00:28:48 | TRACE   | query_time, 0.0004089716821908951
2024-01-24 00:28:48 | TRACE   | query_time, 0.0003839116543531418
2024-01-24 00:28:48 | TRACE   | query_time, 0.00038674473762512207
2024-01-24 00:28:48 | TRACE   | query_time, 0.000388074666261673
2024-01-24 00:28:48 | TRACE   | query_time, 0.0004193522036075592
2024-01-24 00:28:48 | TRACE   | query_time, 0.0004130955785512924
2024-01-24 00:28:48 | TRACE   | query_time, 0.0004633665084838867
2024-01-24 00:28:48 | TRACE   | query_time, 0.0004192385822534561
2024-01-24 00:28:48 | TRACE   | query_time, 0.0004185102880001068
2024-01-24 00:28:48 | TRACE   | query_time, 0.00039257854223251343
