2024-01-18 08:38:32 | DEBUG   | {'input': PosixPath('data/open_data_usa/indices/runtime_benchmark/rebinning.zst'), 'input_type': 'index', 'queries': PosixPath('data/open_data_usa/queries/runtime_benchmark.zst'), 'estimation_mode': None, 'index_mode': 'recall', 'output': None, 'workers': None, 'frequency_hists': False, 'suppress_results': True, 'log_level': 'INFO', 'log_file': PosixPath('logs/runtime_benchmark/execution/open_data_usa-collection-rebinning-single_suppressed-4.log')}
2024-01-18 08:38:32 | DEBUG   | Loading input data from data/open_data_usa/indices/runtime_benchmark/rebinning.zst
2024-01-18 08:38:33 | DEBUG   | Loading queries from data/open_data_usa/queries/runtime_benchmark.zst
2024-01-18 08:38:33 | DEBUG   | Starting execution
2024-01-18 08:38:33 | TRACE   | query_time, 0.00041848979890346527
2024-01-18 08:38:33 | TRACE   | query_time, 0.00023652240633964539
2024-01-18 08:38:33 | TRACE   | query_time, 0.00024686194956302643
2024-01-18 08:38:33 | TRACE   | query_time, 0.00024304352700710297
2024-01-18 08:38:33 | TRACE   | query_time, 0.0002300255000591278
2024-01-18 08:38:33 | TRACE   | query_time, 0.0002711322158575058
2024-01-18 08:38:33 | TRACE   | query_time, 0.00024231895804405212
2024-01-18 08:38:33 | TRACE   | query_time, 0.00028703920543193817
2024-01-18 08:38:33 | TRACE   | query_time, 0.00024077482521533966
2024-01-18 08:38:33 | TRACE   | query_time, 0.0002273842692375183
2024-01-18 08:38:33 | TRACE   | query_time, 0.0002424623817205429
2024-01-18 08:38:33 | TRACE   | query_time, 0.0002720411866903305
2024-01-18 08:38:33 | TRACE   | query_time, 0.00024240091443061829
2024-01-18 08:38:33 | TRACE   | query_time, 0.0002442263066768646
2024-01-18 08:38:33 | TRACE   | query_time, 0.00023995153605937958
2024-01-18 08:38:33 | TRACE   | query_time, 0.00024016574025154114
2024-01-18 08:38:33 | TRACE   | query_time, 0.00024534575641155243
2024-01-18 08:38:33 | TRACE   | query_time, 0.0002493858337402344
2024-01-18 08:38:33 | TRACE   | query_time, 0.000240325927734375
2024-01-18 08:38:33 | TRACE   | query_time, 0.0002675093710422516
2024-01-18 08:38:33 | TRACE   | query_time, 0.0002835765480995178
2024-01-18 08:38:33 | TRACE   | query_time, 0.00023995526134967804
2024-01-18 08:38:33 | TRACE   | query_time, 0.0002829264849424362
2024-01-18 08:38:33 | TRACE   | query_time, 0.0002405960112810135
2024-01-18 08:38:33 | TRACE   | query_time, 0.0002398137003183365
2024-01-18 08:38:33 | TRACE   | query_time, 0.00023992545902729034
2024-01-18 08:38:33 | TRACE   | query_time, 0.0002413485199213028
2024-01-18 08:38:33 | TRACE   | query_time, 0.00023981928825378418
2024-01-18 08:38:33 | TRACE   | query_time, 0.00024187564849853516
2024-01-18 08:38:33 | TRACE   | query_time, 0.00029741227626800537
2024-01-18 08:38:33 | TRACE   | query_time, 0.0002417881041765213
2024-01-18 08:38:33 | TRACE   | query_time, 0.00024057552218437195
2024-01-18 08:38:33 | TRACE   | query_time, 0.00024093128740787506
2024-01-18 08:38:33 | TRACE   | query_time, 0.00024214759469032288
2024-01-18 08:38:33 | TRACE   | query_time, 0.0002685375511646271
2024-01-18 08:38:33 | TRACE   | query_time, 0.00026653707027435303
2024-01-18 08:38:33 | TRACE   | query_time, 0.00026849471032619476
2024-01-18 08:38:33 | TRACE   | query_time, 0.00023915991187095642
2024-01-18 08:38:33 | TRACE   | query_time, 0.00024096667766571045
2024-01-18 08:38:33 | TRACE   | query_time, 0.0002256873995065689
2024-01-18 08:38:33 | TRACE   | query_time, 0.0002844911068677902
2024-01-18 08:38:33 | TRACE   | query_time, 0.00023636966943740845
2024-01-18 08:38:33 | TRACE   | query_time, 0.0002407357096672058
2024-01-18 08:38:33 | TRACE   | query_time, 0.00023979134857654572
2024-01-18 08:38:33 | TRACE   | query_time, 0.00028561800718307495
2024-01-18 08:38:33 | TRACE   | query_time, 0.0002849716693162918
2024-01-18 08:38:33 | TRACE   | query_time, 0.00025560706853866577
2024-01-18 08:38:33 | TRACE   | query_time, 0.0002426672726869583
2024-01-18 08:38:33 | TRACE   | query_time, 0.0002432800829410553
2024-01-18 08:38:33 | TRACE   | query_time, 0.00026857852935791016
2024-01-18 08:38:33 | TRACE   | query_time, 0.0002397485077381134
2024-01-18 08:38:33 | TRACE   | query_time, 0.0002283770591020584
2024-01-18 08:38:33 | TRACE   | query_time, 0.00024057738482952118
2024-01-18 08:38:33 | TRACE   | query_time, 0.00024701841175556183
2024-01-18 08:38:33 | TRACE   | query_time, 0.00024191290140151978
2024-01-18 08:38:33 | TRACE   | query_time, 0.0002677924931049347
2024-01-18 08:38:33 | TRACE   | query_time, 0.00022649019956588745
2024-01-18 08:38:33 | TRACE   | query_time, 0.00028037652373313904
2024-01-18 08:38:33 | TRACE   | query_time, 0.0002406742423772812
2024-01-18 08:38:33 | TRACE   | query_time, 0.0002805739641189575
2024-01-18 08:38:33 | TRACE   | query_time, 0.00023914501070976257
2024-01-18 08:38:33 | TRACE   | query_time, 0.00024128146469593048
2024-01-18 08:38:33 | TRACE   | query_time, 0.00023955665528774261
2024-01-18 08:38:33 | TRACE   | query_time, 0.00023945607244968414
2024-01-18 08:38:33 | TRACE   | query_time, 0.0002527795732021332
2024-01-18 08:38:33 | TRACE   | query_time, 0.00023916922509670258
2024-01-18 08:38:33 | TRACE   | query_time, 0.00022632256150245667
2024-01-18 08:38:33 | TRACE   | query_time, 0.00023942813277244568
2024-01-18 08:38:33 | TRACE   | query_time, 0.00025537610054016113
2024-01-18 08:38:33 | TRACE   | query_time, 0.00022922828793525696
2024-01-18 08:38:33 | TRACE   | query_time, 0.00024061091244220734
2024-01-18 08:38:33 | TRACE   | query_time, 0.0002685878425836563
2024-01-18 08:38:33 | TRACE   | query_time, 0.00024168938398361206
2024-01-18 08:38:33 | TRACE   | query_time, 0.000239688903093338
2024-01-18 08:38:33 | TRACE   | query_time, 0.00024112313985824585
2024-01-18 08:38:33 | TRACE   | query_time, 0.00024075619876384735
2024-01-18 08:38:33 | TRACE   | query_time, 0.0002502892166376114
2024-01-18 08:38:33 | TRACE   | query_time, 0.0002693347632884979
2024-01-18 08:38:33 | TRACE   | query_time, 0.0002384427934885025
2024-01-18 08:38:33 | TRACE   | query_time, 0.0002682246267795563
2024-01-18 08:38:33 | TRACE   | query_time, 0.00023810751736164093
2024-01-18 08:38:33 | TRACE   | query_time, 0.0002398807555437088
2024-01-18 08:38:33 | TRACE   | query_time, 0.0002522151917219162
2024-01-18 08:38:33 | TRACE   | query_time, 0.00023905374109745026
2024-01-18 08:38:33 | TRACE   | query_time, 0.00024043582379817963
2024-01-18 08:38:33 | TRACE   | query_time, 0.0002406202256679535
2024-01-18 08:38:33 | TRACE   | query_time, 0.0002263840287923813
2024-01-18 08:38:33 | TRACE   | query_time, 0.00026843883097171783
2024-01-18 08:38:33 | TRACE   | query_time, 0.00024685077369213104
2024-01-18 08:38:33 | TRACE   | query_time, 0.00024232640862464905
2024-01-18 08:38:33 | TRACE   | query_time, 0.0002371016889810562
2024-01-18 08:38:33 | TRACE   | query_time, 0.0002392977476119995
2024-01-18 08:38:33 | TRACE   | query_time, 0.00026831217110157013
2024-01-18 08:38:33 | TRACE   | query_time, 0.00023804791271686554
2024-01-18 08:38:33 | TRACE   | query_time, 0.00026705302298069
2024-01-18 08:38:33 | TRACE   | query_time, 0.00023920834064483643
2024-01-18 08:38:33 | TRACE   | query_time, 0.00026714056730270386
2024-01-18 08:38:33 | TRACE   | query_time, 0.00022411532700061798
2024-01-18 08:38:33 | TRACE   | query_time, 0.00024023838341236115
2024-01-18 08:38:33 | TRACE   | query_time, 0.0002820957452058792
2024-01-18 08:38:33 | TRACE   | query_time, 0.0002628695219755173
2024-01-18 08:38:33 | TRACE   | query_time, 0.000281360000371933
2024-01-18 08:38:33 | TRACE   | query_time, 0.0002408977597951889
2024-01-18 08:38:33 | TRACE   | query_time, 0.00022827833890914917
2024-01-18 08:38:33 | TRACE   | query_time, 0.0002826191484928131
2024-01-18 08:38:33 | TRACE   | query_time, 0.00023998506367206573
2024-01-18 08:38:33 | TRACE   | query_time, 0.000241817906498909
2024-01-18 08:38:33 | TRACE   | query_time, 0.0002281293272972107
2024-01-18 08:38:33 | TRACE   | query_time, 0.00024060532450675964
2024-01-18 08:38:33 | TRACE   | query_time, 0.0002272389829158783
2024-01-18 08:38:33 | TRACE   | query_time, 0.00023891404271125793
2024-01-18 08:38:33 | TRACE   | query_time, 0.00024010054767131805
2024-01-18 08:38:33 | TRACE   | query_time, 0.00025020353496074677
2024-01-18 08:38:33 | TRACE   | query_time, 0.00024291127920150757
2024-01-18 08:38:33 | TRACE   | query_time, 0.00023925118148326874
2024-01-18 08:38:33 | TRACE   | query_time, 0.00024027563631534576
2024-01-18 08:38:33 | TRACE   | query_time, 0.00024171732366085052
2024-01-18 08:38:33 | TRACE   | query_time, 0.00024034827947616577
2024-01-18 08:38:33 | TRACE   | query_time, 0.00023899786174297333
2024-01-18 08:38:33 | TRACE   | query_time, 0.0002810228615999222
2024-01-18 08:38:33 | TRACE   | query_time, 0.00023813173174858093
2024-01-18 08:38:33 | TRACE   | query_time, 0.000239470973610878
2024-01-18 08:38:33 | TRACE   | query_time, 0.00024143792688846588
2024-01-18 08:38:33 | TRACE   | query_time, 0.0002381354570388794
2024-01-18 08:38:33 | TRACE   | query_time, 0.0002464260905981064
2024-01-18 08:38:33 | TRACE   | query_time, 0.00023919716477394104
2024-01-18 08:38:33 | TRACE   | query_time, 0.00023798272013664246
2024-01-18 08:38:33 | TRACE   | query_time, 0.00025325268507003784
2024-01-18 08:38:33 | TRACE   | query_time, 0.0002409759908914566
2024-01-18 08:38:33 | TRACE   | query_time, 0.00024058297276496887
2024-01-18 08:38:33 | TRACE   | query_time, 0.0002253912389278412
2024-01-18 08:38:33 | TRACE   | query_time, 0.00023984163999557495
2024-01-18 08:38:33 | TRACE   | query_time, 0.0002394057810306549
2024-01-18 08:38:33 | TRACE   | query_time, 0.00026598013937473297
2024-01-18 08:38:33 | TRACE   | query_time, 0.00023839063942432404
2024-01-18 08:38:33 | TRACE   | query_time, 0.00024120695888996124
2024-01-18 08:38:33 | TRACE   | query_time, 0.0002889130264520645
2024-01-18 08:38:33 | TRACE   | query_time, 0.00023776106536388397
2024-01-18 08:38:33 | TRACE   | query_time, 0.00023992732167243958
2024-01-18 08:38:33 | TRACE   | query_time, 0.0002398751676082611
2024-01-18 08:38:33 | TRACE   | query_time, 0.00024113617837429047
2024-01-18 08:38:33 | TRACE   | query_time, 0.00024057179689407349
2024-01-18 08:38:33 | TRACE   | query_time, 0.00024089030921459198
2024-01-18 08:38:33 | TRACE   | query_time, 0.0002262108027935028
2024-01-18 08:38:33 | TRACE   | query_time, 0.00026976875960826874
2024-01-18 08:38:33 | TRACE   | query_time, 0.0002681650221347809
2024-01-18 08:38:33 | TRACE   | query_time, 0.00024111196398735046
2024-01-18 08:38:33 | TRACE   | query_time, 0.00024052336812019348
2024-01-18 08:38:33 | TRACE   | query_time, 0.0002747606486082077
2024-01-18 08:38:33 | TRACE   | query_time, 0.00024099089205265045
2024-01-18 08:38:33 | TRACE   | query_time, 0.00027014315128326416
2024-01-18 08:38:33 | TRACE   | query_time, 0.00023918785154819489
2024-01-18 08:38:33 | TRACE   | query_time, 0.0002263188362121582
2024-01-18 08:38:33 | TRACE   | query_time, 0.00022657401859760284
2024-01-18 08:38:33 | TRACE   | query_time, 0.00024091079831123352
2024-01-18 08:38:33 | TRACE   | query_time, 0.0002814829349517822
2024-01-18 08:38:33 | TRACE   | query_time, 0.00025440752506256104
2024-01-18 08:38:33 | TRACE   | query_time, 0.0002391822636127472
2024-01-18 08:38:33 | TRACE   | query_time, 0.0002535860985517502
2024-01-18 08:38:33 | TRACE   | query_time, 0.00024067983031272888
2024-01-18 08:38:33 | TRACE   | query_time, 0.00024268031120300293
2024-01-18 08:38:33 | TRACE   | query_time, 0.00023979321122169495
2024-01-18 08:38:33 | TRACE   | query_time, 0.0002678167074918747
2024-01-18 08:38:33 | TRACE   | query_time, 0.00024065189063549042
2024-01-18 08:38:33 | TRACE   | query_time, 0.0002406332641839981
2024-01-18 08:38:33 | TRACE   | query_time, 0.00024145469069480896
2024-01-18 08:38:33 | TRACE   | query_time, 0.0002685915678739548
2024-01-18 08:38:33 | TRACE   | query_time, 0.00024172291159629822
2024-01-18 08:38:33 | TRACE   | query_time, 0.0002414938062429428
2024-01-18 08:38:33 | TRACE   | query_time, 0.00028098002076148987
2024-01-18 08:38:33 | TRACE   | query_time, 0.0002530757337808609
2024-01-18 08:38:33 | TRACE   | query_time, 0.00023634359240531921
2024-01-18 08:38:33 | TRACE   | query_time, 0.00024032220244407654
2024-01-18 08:38:33 | TRACE   | query_time, 0.00024046190083026886
2024-01-18 08:38:33 | TRACE   | query_time, 0.000267883762717247
2024-01-18 08:38:33 | TRACE   | query_time, 0.00024053268134593964
2024-01-18 08:38:33 | TRACE   | query_time, 0.0002689044922590256
2024-01-18 08:38:33 | TRACE   | query_time, 0.0002404395490884781
2024-01-18 08:38:33 | TRACE   | query_time, 0.00024083629250526428
2024-01-18 08:38:33 | TRACE   | query_time, 0.0002262350171804428
2024-01-18 08:38:33 | TRACE   | query_time, 0.00023942627012729645
2024-01-18 08:38:33 | TRACE   | query_time, 0.00024035386741161346
2024-01-18 08:38:33 | TRACE   | query_time, 0.00028165243566036224
2024-01-18 08:38:33 | TRACE   | query_time, 0.0002591237425804138
2024-01-18 08:38:33 | TRACE   | query_time, 0.000241914764046669
2024-01-18 08:38:33 | TRACE   | query_time, 0.000240325927734375
2024-01-18 08:38:33 | TRACE   | query_time, 0.00024083629250526428
2024-01-18 08:38:33 | TRACE   | query_time, 0.00023905746638774872
2024-01-18 08:38:33 | TRACE   | query_time, 0.00024113990366458893
2024-01-18 08:38:33 | TRACE   | query_time, 0.0002390146255493164
2024-01-18 08:38:33 | TRACE   | query_time, 0.00022745877504348755
2024-01-18 08:38:33 | TRACE   | query_time, 0.00022824853658676147
2024-01-18 08:38:33 | TRACE   | query_time, 0.00026857107877731323
2024-01-18 08:38:33 | TRACE   | query_time, 0.00023906491696834564
2024-01-18 08:38:33 | TRACE   | query_time, 0.000240398570895195
2024-01-18 08:38:33 | TRACE   | query_time, 0.00027319230139255524
2024-01-18 08:38:33 | TRACE   | query_time, 0.00023823417723178864
2024-01-18 08:38:33 | TRACE   | query_time, 0.00022628530859947205
2024-01-18 08:38:33 | TRACE   | query_time, 0.00024046935141086578
2024-01-18 08:38:33 | TRACE   | query_time, 0.0002390798181295395
2024-01-18 08:38:33 | TRACE   | query_time, 0.000241914764046669
2024-01-18 08:38:33 | TRACE   | query_time, 0.00024049915373325348
2024-01-18 08:38:33 | TRACE   | query_time, 0.00024132616817951202
2024-01-18 08:38:33 | TRACE   | query_time, 0.00028326548635959625
2024-01-18 08:38:33 | TRACE   | query_time, 0.000253802165389061
2024-01-18 08:38:33 | TRACE   | query_time, 0.00022523291409015656
2024-01-18 08:38:33 | TRACE   | query_time, 0.00024118833243846893
2024-01-18 08:38:33 | TRACE   | query_time, 0.00024642981588840485
2024-01-18 08:38:33 | TRACE   | query_time, 0.00024011358618736267
2024-01-18 08:38:33 | TRACE   | query_time, 0.0002409704029560089
2024-01-18 08:38:33 | TRACE   | query_time, 0.0002680998295545578
2024-01-18 08:38:33 | TRACE   | query_time, 0.00023855268955230713
2024-01-18 08:38:33 | TRACE   | query_time, 0.00024165399372577667
2024-01-18 08:38:33 | TRACE   | query_time, 0.00024144165217876434
2024-01-18 08:38:33 | TRACE   | query_time, 0.00023988261818885803
2024-01-18 08:38:33 | TRACE   | query_time, 0.0002639070153236389
2024-01-18 08:38:33 | TRACE   | query_time, 0.00023978203535079956
2024-01-18 08:38:33 | TRACE   | query_time, 0.00024146027863025665
2024-01-18 08:38:33 | TRACE   | query_time, 0.00022728554904460907
2024-01-18 08:38:33 | TRACE   | query_time, 0.0002344772219657898
2024-01-18 08:38:33 | TRACE   | query_time, 0.00024009309709072113
2024-01-18 08:38:33 | TRACE   | query_time, 0.0002389233559370041
2024-01-18 08:38:33 | TRACE   | query_time, 0.00024012476205825806
2024-01-18 08:38:33 | TRACE   | query_time, 0.0002249293029308319
2024-01-18 08:38:33 | TRACE   | query_time, 0.00022516772150993347
2024-01-18 08:38:33 | TRACE   | query_time, 0.0002393033355474472
2024-01-18 08:38:33 | TRACE   | query_time, 0.00028315745294094086
2024-01-18 08:38:33 | TRACE   | query_time, 0.0002535153180360794
2024-01-18 08:38:33 | TRACE   | query_time, 0.000240229070186615
2024-01-18 08:38:33 | TRACE   | query_time, 0.00024073012173175812
2024-01-18 08:38:33 | TRACE   | query_time, 0.00023037195205688477
2024-01-18 08:38:33 | TRACE   | query_time, 0.00024920515716075897
2024-01-18 08:38:33 | TRACE   | query_time, 0.00022833049297332764
2024-01-18 08:38:33 | TRACE   | query_time, 0.0002472102642059326
2024-01-18 08:38:33 | TRACE   | query_time, 0.0002489909529685974
2024-01-18 08:38:33 | TRACE   | query_time, 0.0002721007913351059
2024-01-18 08:38:33 | TRACE   | query_time, 0.0002721082419157028
2024-01-18 08:38:33 | TRACE   | query_time, 0.00023925676941871643
2024-01-18 08:38:33 | TRACE   | query_time, 0.00026786699891090393
2024-01-18 08:38:33 | TRACE   | query_time, 0.0002673119306564331
2024-01-18 08:38:33 | TRACE   | query_time, 0.00023960135877132416
2024-01-18 08:38:33 | TRACE   | query_time, 0.0002240743488073349
2024-01-18 08:38:33 | TRACE   | query_time, 0.00023796595633029938
2024-01-18 08:38:33 | TRACE   | query_time, 0.0002897791564464569
2024-01-18 08:38:33 | TRACE   | query_time, 0.0002400130033493042
2024-01-18 08:38:33 | TRACE   | query_time, 0.0002834666520357132
2024-01-18 08:38:33 | TRACE   | query_time, 0.00023929961025714874
2024-01-18 08:38:33 | TRACE   | query_time, 0.00025461427867412567
2024-01-18 08:38:33 | TRACE   | query_time, 0.0002425406128168106
2024-01-18 08:38:33 | TRACE   | query_time, 0.00023785606026649475
2024-01-18 08:38:33 | TRACE   | query_time, 0.00024157017469406128
2024-01-18 08:38:33 | TRACE   | query_time, 0.00023869425058364868
2024-01-18 08:38:33 | TRACE   | query_time, 0.00024140067398548126
2024-01-18 08:38:33 | TRACE   | query_time, 0.00023929588496685028
2024-01-18 08:38:33 | TRACE   | query_time, 0.00024033337831497192
2024-01-18 08:38:33 | TRACE   | query_time, 0.0002462472766637802
2024-01-18 08:38:33 | TRACE   | query_time, 0.0002686884254217148
2024-01-18 08:38:33 | TRACE   | query_time, 0.00023974478244781494
2024-01-18 08:38:33 | TRACE   | query_time, 0.00022426433861255646
2024-01-18 08:38:33 | TRACE   | query_time, 0.00023966282606124878
2024-01-18 08:38:33 | TRACE   | query_time, 0.000241842120885849
2024-01-18 08:38:33 | TRACE   | query_time, 0.00023758411407470703
2024-01-18 08:38:33 | TRACE   | query_time, 0.00024049356579780579
2024-01-18 08:38:33 | TRACE   | query_time, 0.00022686272859573364
2024-01-18 08:38:33 | TRACE   | query_time, 0.0002376418560743332
2024-01-18 08:38:33 | TRACE   | query_time, 0.00022713467478752136
2024-01-18 08:38:33 | TRACE   | query_time, 0.0002690013498067856
2024-01-18 08:38:33 | TRACE   | query_time, 0.0002493523061275482
2024-01-18 08:38:33 | TRACE   | query_time, 0.00027043744921684265
2024-01-18 08:38:33 | TRACE   | query_time, 0.00023741275072097778
2024-01-18 08:38:33 | TRACE   | query_time, 0.00026634708046913147
2024-01-18 08:38:33 | TRACE   | query_time, 0.0002807006239891052
2024-01-18 08:38:33 | TRACE   | query_time, 0.0002269800752401352
2024-01-18 08:38:33 | TRACE   | query_time, 0.0002801530063152313
2024-01-18 08:38:33 | TRACE   | query_time, 0.00025285594165325165
2024-01-18 08:38:33 | TRACE   | query_time, 0.00024122372269630432
2024-01-18 08:38:33 | TRACE   | query_time, 0.0002413243055343628
2024-01-18 08:38:33 | TRACE   | query_time, 0.00022451020777225494
2024-01-18 08:38:33 | TRACE   | query_time, 0.0002674199640750885
2024-01-18 08:38:33 | TRACE   | query_time, 0.00024076178669929504
2024-01-18 08:38:33 | TRACE   | query_time, 0.00023927167057991028
2024-01-18 08:38:33 | TRACE   | query_time, 0.00023891031742095947
2024-01-18 08:38:33 | TRACE   | query_time, 0.00023964792490005493
2024-01-18 08:38:33 | TRACE   | query_time, 0.00023933500051498413
2024-01-18 08:38:33 | TRACE   | query_time, 0.00024067051708698273
2024-01-18 08:38:33 | TRACE   | query_time, 0.00023956410586833954
2024-01-18 08:38:33 | TRACE   | query_time, 0.0002411622554063797
2024-01-18 08:38:33 | TRACE   | query_time, 0.0002379007637500763
2024-01-18 08:38:33 | TRACE   | query_time, 0.00023870542645454407
2024-01-18 08:38:33 | TRACE   | query_time, 0.00026665255427360535
2024-01-18 08:38:33 | TRACE   | query_time, 0.00023930706083774567
2024-01-18 08:38:33 | TRACE   | query_time, 0.00027052685618400574
2024-01-18 08:38:33 | TRACE   | query_time, 0.00023946166038513184
2024-01-18 08:38:33 | TRACE   | query_time, 0.000240962952375412
2024-01-18 08:38:33 | TRACE   | query_time, 0.00023867562413215637
2024-01-18 08:38:33 | TRACE   | query_time, 0.00023777782917022705
2024-01-18 08:38:33 | TRACE   | query_time, 0.00028129667043685913
2024-01-18 08:38:33 | TRACE   | query_time, 0.00025659240782260895
2024-01-18 08:38:33 | TRACE   | query_time, 0.00024237483739852905
2024-01-18 08:38:33 | TRACE   | query_time, 0.00024059973657131195
2024-01-18 08:38:33 | TRACE   | query_time, 0.0002376902848482132
2024-01-18 08:38:33 | TRACE   | query_time, 0.00024140439927577972
2024-01-18 08:38:33 | TRACE   | query_time, 0.0002406090497970581
2024-01-18 08:38:33 | TRACE   | query_time, 0.0002391710877418518
2024-01-18 08:38:33 | TRACE   | query_time, 0.0002408847212791443
2024-01-18 08:38:33 | TRACE   | query_time, 0.00023760274052619934
2024-01-18 08:38:33 | TRACE   | query_time, 0.00022581592202186584
2024-01-18 08:38:33 | TRACE   | query_time, 0.0002409275621175766
2024-01-18 08:38:33 | TRACE   | query_time, 0.00026778876781463623
2024-01-18 08:38:33 | TRACE   | query_time, 0.0002664923667907715
2024-01-18 08:38:33 | TRACE   | query_time, 0.0002516079694032669
2024-01-18 08:38:33 | TRACE   | query_time, 0.0002379138022661209
2024-01-18 08:38:33 | TRACE   | query_time, 0.0002404525876045227
2024-01-18 08:38:33 | TRACE   | query_time, 0.00022771954536437988
2024-01-18 08:38:33 | TRACE   | query_time, 0.000253826379776001
2024-01-18 08:38:33 | TRACE   | query_time, 0.00024188123643398285
2024-01-18 08:38:33 | TRACE   | query_time, 0.00024147704243659973
2024-01-18 08:38:33 | TRACE   | query_time, 0.00023923814296722412
2024-01-18 08:38:33 | TRACE   | query_time, 0.0002371612936258316
2024-01-18 08:38:33 | TRACE   | query_time, 0.0002678651362657547
2024-01-18 08:38:33 | TRACE   | query_time, 0.00024181418120861053
2024-01-18 08:38:33 | TRACE   | query_time, 0.0002403315156698227
2024-01-18 08:38:33 | TRACE   | query_time, 0.00027068331837654114
2024-01-18 08:38:33 | TRACE   | query_time, 0.00024010054767131805
2024-01-18 08:38:33 | TRACE   | query_time, 0.00024203211069107056
2024-01-18 08:38:33 | TRACE   | query_time, 0.000240987166762352
2024-01-18 08:38:33 | TRACE   | query_time, 0.00024064816534519196
2024-01-18 08:38:33 | TRACE   | query_time, 0.0002703666687011719
2024-01-18 08:38:33 | TRACE   | query_time, 0.00024245679378509521
2024-01-18 08:38:33 | TRACE   | query_time, 0.0002260170876979828
2024-01-18 08:38:33 | TRACE   | query_time, 0.00024195201694965363
2024-01-18 08:38:33 | TRACE   | query_time, 0.00022791698575019836
2024-01-18 08:38:33 | TRACE   | query_time, 0.00024300813674926758
2024-01-18 08:38:33 | TRACE   | query_time, 0.0009009167551994324
2024-01-18 08:38:33 | TRACE   | query_time, 0.000972408801317215
2024-01-18 08:38:33 | TRACE   | query_time, 0.000966368243098259
2024-01-18 08:38:33 | TRACE   | query_time, 0.0009834878146648407
2024-01-18 08:38:33 | TRACE   | query_time, 0.0011098124086856842
2024-01-18 08:38:33 | TRACE   | query_time, 0.0009356345981359482
2024-01-18 08:38:33 | TRACE   | query_time, 0.000981450080871582
2024-01-18 08:38:33 | TRACE   | query_time, 0.0009830668568611145
2024-01-18 08:38:33 | TRACE   | query_time, 0.0009314976632595062
2024-01-18 08:38:33 | TRACE   | query_time, 0.0009436383843421936
2024-01-18 08:38:33 | TRACE   | query_time, 0.0008794013410806656
2024-01-18 08:38:33 | TRACE   | query_time, 0.000897526741027832
2024-01-18 08:38:33 | TRACE   | query_time, 0.0008928366005420685
2024-01-18 08:38:33 | TRACE   | query_time, 0.000964554026722908
2024-01-18 08:38:33 | TRACE   | query_time, 0.0009239055216312408
2024-01-18 08:38:33 | TRACE   | query_time, 0.0008523669093847275
2024-01-18 08:38:33 | TRACE   | query_time, 0.0009294021874666214
2024-01-18 08:38:33 | TRACE   | query_time, 0.0009239781647920609
2024-01-18 08:38:33 | TRACE   | query_time, 0.0009543988853693008
2024-01-18 08:38:33 | TRACE   | query_time, 0.000960521399974823
2024-01-18 08:38:33 | TRACE   | query_time, 0.0009263455867767334
2024-01-18 08:38:33 | TRACE   | query_time, 0.0011085942387580872
2024-01-18 08:38:33 | TRACE   | query_time, 0.0009592566639184952
2024-01-18 08:38:33 | TRACE   | query_time, 0.0010805577039718628
2024-01-18 08:38:33 | TRACE   | query_time, 0.0011224281042814255
2024-01-18 08:38:33 | TRACE   | query_time, 0.0009570345282554626
2024-01-18 08:38:33 | TRACE   | query_time, 0.0009227748960256577
2024-01-18 08:38:33 | TRACE   | query_time, 0.0009423047304153442
2024-01-18 08:38:33 | TRACE   | query_time, 0.0009305104613304138
2024-01-18 08:38:33 | TRACE   | query_time, 0.0008945800364017487
2024-01-18 08:38:33 | TRACE   | query_time, 0.000916728749871254
2024-01-18 08:38:33 | TRACE   | query_time, 0.0010692179203033447
2024-01-18 08:38:33 | TRACE   | query_time, 0.0010903887450695038
2024-01-18 08:38:33 | TRACE   | query_time, 0.0010938681662082672
2024-01-18 08:38:33 | TRACE   | query_time, 0.0013934988528490067
2024-01-18 08:38:33 | TRACE   | query_time, 0.0009071603417396545
2024-01-18 08:38:33 | TRACE   | query_time, 0.0009024720638990402
2024-01-18 08:38:33 | TRACE   | query_time, 0.0008883923292160034
2024-01-18 08:38:33 | TRACE   | query_time, 0.0009239837527275085
2024-01-18 08:38:33 | TRACE   | query_time, 0.0009035468101501465
2024-01-18 08:38:33 | TRACE   | query_time, 0.0010753422975540161
2024-01-18 08:38:33 | TRACE   | query_time, 0.0009323544800281525
2024-01-18 08:38:33 | TRACE   | query_time, 0.0009847898036241531
2024-01-18 08:38:33 | TRACE   | query_time, 0.0009828787297010422
2024-01-18 08:38:33 | TRACE   | query_time, 0.0009524598717689514
2024-01-18 08:38:33 | TRACE   | query_time, 0.0010549649596214294
2024-01-18 08:38:33 | TRACE   | query_time, 0.0010793600231409073
2024-01-18 08:38:33 | TRACE   | query_time, 0.0009034145623445511
2024-01-18 08:38:33 | TRACE   | query_time, 0.0009515769779682159
2024-01-18 08:38:33 | TRACE   | query_time, 0.0009796880185604095
2024-01-18 08:38:33 | TRACE   | query_time, 0.0009164884686470032
2024-01-18 08:38:33 | TRACE   | query_time, 0.0009100902825593948
2024-01-18 08:38:33 | TRACE   | query_time, 0.0008944272994995117
2024-01-18 08:38:33 | TRACE   | query_time, 0.0009756088256835938
2024-01-18 08:38:33 | TRACE   | query_time, 0.0009024981409311295
2024-01-18 08:38:33 | TRACE   | query_time, 0.0008990708738565445
2024-01-18 08:38:33 | TRACE   | query_time, 0.0008945725858211517
2024-01-18 08:38:33 | TRACE   | query_time, 0.0008691083639860153
2024-01-18 08:38:33 | TRACE   | query_time, 0.0009551029652357101
2024-01-18 08:38:33 | TRACE   | query_time, 0.0009190477430820465
2024-01-18 08:38:33 | TRACE   | query_time, 0.0010890252888202667
2024-01-18 08:38:33 | TRACE   | query_time, 0.0008625946938991547
2024-01-18 08:38:33 | TRACE   | query_time, 0.0009540058672428131
2024-01-18 08:38:33 | TRACE   | query_time, 0.000878388062119484
2024-01-18 08:38:33 | TRACE   | query_time, 0.0009182635694742203
2024-01-18 08:38:33 | TRACE   | query_time, 0.0008937586098909378
2024-01-18 08:38:33 | TRACE   | query_time, 0.0009437482804059982
2024-01-18 08:38:33 | TRACE   | query_time, 0.0009107794612646103
2024-01-18 08:38:33 | TRACE   | query_time, 0.0009240675717592239
2024-01-18 08:38:33 | TRACE   | query_time, 0.0009620171040296555
2024-01-18 08:38:33 | TRACE   | query_time, 0.000894397497177124
2024-01-18 08:38:33 | TRACE   | query_time, 0.0009524375200271606
2024-01-18 08:38:33 | TRACE   | query_time, 0.0009486470371484756
2024-01-18 08:38:33 | TRACE   | query_time, 0.0009075906127691269
2024-01-18 08:38:33 | TRACE   | query_time, 0.0009720586240291595
2024-01-18 08:38:33 | TRACE   | query_time, 0.0010950937867164612
2024-01-18 08:38:33 | TRACE   | query_time, 0.0008687786757946014
2024-01-18 08:38:33 | TRACE   | query_time, 0.0009195078164339066
2024-01-18 08:38:33 | TRACE   | query_time, 0.0009874925017356873
2024-01-18 08:38:33 | TRACE   | query_time, 0.0009547676891088486
2024-01-18 08:38:33 | TRACE   | query_time, 0.0009169131517410278
2024-01-18 08:38:33 | TRACE   | query_time, 0.0009605810046195984
2024-01-18 08:38:33 | TRACE   | query_time, 0.0010669063776731491
2024-01-18 08:38:33 | TRACE   | query_time, 0.0008996613323688507
2024-01-18 08:38:33 | TRACE   | query_time, 0.000910930335521698
2024-01-18 08:38:33 | TRACE   | query_time, 0.000871783122420311
2024-01-18 08:38:33 | TRACE   | query_time, 0.0008977949619293213
2024-01-18 08:38:33 | TRACE   | query_time, 0.0009558405727148056
2024-01-18 08:38:33 | TRACE   | query_time, 0.0009251050651073456
2024-01-18 08:38:33 | TRACE   | query_time, 0.0009568445384502411
2024-01-18 08:38:33 | TRACE   | query_time, 0.0009546950459480286
2024-01-18 08:38:33 | TRACE   | query_time, 0.0009019076824188232
2024-01-18 08:38:33 | TRACE   | query_time, 0.0009834039956331253
2024-01-18 08:38:33 | TRACE   | query_time, 0.0011005550622940063
2024-01-18 08:38:33 | TRACE   | query_time, 0.001369597390294075
2024-01-18 08:38:33 | TRACE   | query_time, 0.0009083617478609085
2024-01-18 08:38:33 | TRACE   | query_time, 0.000954674556851387
2024-01-18 08:38:33 | TRACE   | query_time, 0.0009853430092334747
2024-01-18 08:38:33 | TRACE   | query_time, 0.0009213928133249283
2024-01-18 08:38:33 | TRACE   | query_time, 0.0009857099503278732
2024-01-18 08:38:33 | TRACE   | query_time, 0.0009001549333333969
2024-01-18 08:38:33 | TRACE   | query_time, 0.0009490456432104111
2024-01-18 08:38:33 | TRACE   | query_time, 0.0009176656603813171
2024-01-18 08:38:33 | TRACE   | query_time, 0.0009442884474992752
2024-01-18 08:38:33 | TRACE   | query_time, 0.0009235423058271408
2024-01-18 08:38:33 | TRACE   | query_time, 0.0009831897914409637
2024-01-18 08:38:33 | TRACE   | query_time, 0.000890582799911499
2024-01-18 08:38:33 | TRACE   | query_time, 0.0008967071771621704
2024-01-18 08:38:33 | TRACE   | query_time, 0.0008955355733633041
2024-01-18 08:38:33 | TRACE   | query_time, 0.0009465403854846954
2024-01-18 08:38:33 | TRACE   | query_time, 0.0009035896509885788
2024-01-18 08:38:33 | TRACE   | query_time, 0.0008917618542909622
2024-01-18 08:38:33 | TRACE   | query_time, 0.000985812395811081
2024-01-18 08:38:33 | TRACE   | query_time, 0.0008648671209812164
2024-01-18 08:38:33 | TRACE   | query_time, 0.0009466633200645447
2024-01-18 08:38:33 | TRACE   | query_time, 0.0009775497019290924
2024-01-18 08:38:33 | TRACE   | query_time, 0.0009128227829933167
2024-01-18 08:38:33 | TRACE   | query_time, 0.0009628012776374817
2024-01-18 08:38:33 | TRACE   | query_time, 0.0013778898864984512
2024-01-18 08:38:33 | TRACE   | query_time, 0.0009430889040231705
2024-01-18 08:38:33 | TRACE   | query_time, 0.0008894223719835281
2024-01-18 08:38:33 | TRACE   | query_time, 0.000890703871846199
2024-01-18 08:38:33 | TRACE   | query_time, 0.0008924268186092377
2024-01-18 08:38:33 | TRACE   | query_time, 0.0009304843842983246
2024-01-18 08:38:33 | TRACE   | query_time, 0.0009472295641899109
2024-01-18 08:38:33 | TRACE   | query_time, 0.0010664872825145721
2024-01-18 08:38:33 | TRACE   | query_time, 0.0009166635572910309
2024-01-18 08:38:33 | TRACE   | query_time, 0.0009062308818101883
2024-01-18 08:38:33 | TRACE   | query_time, 0.0008987188339233398
2024-01-18 08:38:33 | TRACE   | query_time, 0.0009747445583343506
2024-01-18 08:38:33 | TRACE   | query_time, 0.0009113047271966934
2024-01-18 08:38:33 | TRACE   | query_time, 0.0009166263043880463
2024-01-18 08:38:33 | TRACE   | query_time, 0.0009057037532329559
2024-01-18 08:38:33 | TRACE   | query_time, 0.001101681962609291
2024-01-18 08:38:33 | TRACE   | query_time, 0.0009071547538042068
2024-01-18 08:38:33 | TRACE   | query_time, 0.0009492672979831696
2024-01-18 08:38:33 | TRACE   | query_time, 0.0009779874235391617
2024-01-18 08:38:33 | TRACE   | query_time, 0.0008913334459066391
2024-01-18 08:38:33 | TRACE   | query_time, 0.0008927043527364731
2024-01-18 08:38:33 | TRACE   | query_time, 0.0009525623172521591
2024-01-18 08:38:33 | TRACE   | query_time, 0.0008590519428253174
2024-01-18 08:38:33 | TRACE   | query_time, 0.0009145252406597137
2024-01-18 08:38:33 | TRACE   | query_time, 0.0009631607681512833
2024-01-18 08:38:33 | TRACE   | query_time, 0.0009080041199922562
2024-01-18 08:38:33 | TRACE   | query_time, 0.0009668190032243729
2024-01-18 08:38:33 | TRACE   | query_time, 0.0013804864138364792
2024-01-18 08:38:33 | TRACE   | query_time, 0.0009565353393554688
2024-01-18 08:38:33 | TRACE   | query_time, 0.0009500905871391296
2024-01-18 08:38:33 | TRACE   | query_time, 0.0008724313229322433
2024-01-18 08:38:33 | TRACE   | query_time, 0.0008662622421979904
2024-01-18 08:38:33 | TRACE   | query_time, 0.0009579546749591827
2024-01-18 08:38:33 | TRACE   | query_time, 0.0009235423058271408
2024-01-18 08:38:33 | TRACE   | query_time, 0.001076236367225647
2024-01-18 08:38:33 | TRACE   | query_time, 0.0009133294224739075
2024-01-18 08:38:33 | TRACE   | query_time, 0.0009340215474367142
2024-01-18 08:38:33 | TRACE   | query_time, 0.001118980348110199
2024-01-18 08:38:33 | TRACE   | query_time, 0.0009677782654762268
2024-01-18 08:38:33 | TRACE   | query_time, 0.0009751785546541214
2024-01-18 08:38:33 | TRACE   | query_time, 0.001031782478094101
2024-01-18 08:38:33 | TRACE   | query_time, 0.00106746144592762
2024-01-18 08:38:33 | TRACE   | query_time, 0.0009560100734233856
2024-01-18 08:38:33 | TRACE   | query_time, 0.0010033119469881058
2024-01-18 08:38:33 | TRACE   | query_time, 0.0009529963135719299
2024-01-18 08:38:33 | TRACE   | query_time, 0.0009748507291078568
2024-01-18 08:38:33 | TRACE   | query_time, 0.0010636616498231888
2024-01-18 08:38:33 | TRACE   | query_time, 0.0009619910269975662
2024-01-18 08:38:33 | TRACE   | query_time, 0.0009609479457139969
2024-01-18 08:38:33 | TRACE   | query_time, 0.00101393461227417
2024-01-18 08:38:33 | TRACE   | query_time, 0.0009780395776033401
2024-01-18 08:38:33 | TRACE   | query_time, 0.0011407453566789627
2024-01-18 08:38:33 | TRACE   | query_time, 0.0009921006858348846
2024-01-18 08:38:33 | TRACE   | query_time, 0.000994402915239334
2024-01-18 08:38:33 | TRACE   | query_time, 0.0009758565574884415
2024-01-18 08:38:33 | TRACE   | query_time, 0.0010365713387727737
2024-01-18 08:38:33 | TRACE   | query_time, 0.0009500496089458466
2024-01-18 08:38:33 | TRACE   | query_time, 0.0009977538138628006
2024-01-18 08:38:33 | TRACE   | query_time, 0.0010086838155984879
2024-01-18 08:38:33 | TRACE   | query_time, 0.0009658727794885635
2024-01-18 08:38:33 | TRACE   | query_time, 0.001028444617986679
2024-01-18 08:38:33 | TRACE   | query_time, 0.0010182596743106842
2024-01-18 08:38:33 | TRACE   | query_time, 0.0009468477219343185
2024-01-18 08:38:33 | TRACE   | query_time, 0.0009693000465631485
2024-01-18 08:38:33 | TRACE   | query_time, 0.0011389758437871933
2024-01-18 08:38:33 | TRACE   | query_time, 0.0009894222021102905
2024-01-18 08:38:33 | TRACE   | query_time, 0.001135246828198433
2024-01-18 08:38:33 | TRACE   | query_time, 0.0009900089353322983
2024-01-18 08:38:33 | TRACE   | query_time, 0.0009969808161258698
2024-01-18 08:38:33 | TRACE   | query_time, 0.0009777788072824478
2024-01-18 08:38:33 | TRACE   | query_time, 0.0010113902390003204
2024-01-18 08:38:33 | TRACE   | query_time, 0.0010233893990516663
2024-01-18 08:38:33 | TRACE   | query_time, 0.0010141953825950623
2024-01-18 08:38:33 | TRACE   | query_time, 0.0010363012552261353
2024-01-18 08:38:33 | TRACE   | query_time, 0.0010464489459991455
2024-01-18 08:38:33 | TRACE   | query_time, 0.0010263081640005112
2024-01-18 08:38:33 | TRACE   | query_time, 0.0009482335299253464
2024-01-18 08:38:33 | TRACE   | query_time, 0.0010439194738864899
2024-01-18 08:38:33 | TRACE   | query_time, 0.0010483842343091965
2024-01-18 08:38:33 | TRACE   | query_time, 0.0009535234421491623
2024-01-18 08:38:33 | TRACE   | query_time, 0.0009893998503684998
2024-01-18 08:38:33 | TRACE   | query_time, 0.0009554214775562286
2024-01-18 08:38:33 | TRACE   | query_time, 0.0009784940630197525
2024-01-18 08:38:33 | TRACE   | query_time, 0.0013340990990400314
2024-01-18 08:38:33 | TRACE   | query_time, 0.0009974800050258636
2024-01-18 08:38:33 | TRACE   | query_time, 0.0009987931698560715
2024-01-18 08:38:33 | TRACE   | query_time, 0.0009715128690004349
2024-01-18 08:38:33 | TRACE   | query_time, 0.000985482707619667
2024-01-18 08:38:33 | TRACE   | query_time, 0.0010009389370679855
2024-01-18 08:38:33 | TRACE   | query_time, 0.0010270792990922928
2024-01-18 08:38:33 | TRACE   | query_time, 0.0009968876838684082
2024-01-18 08:38:33 | TRACE   | query_time, 0.000976337119936943
2024-01-18 08:38:33 | TRACE   | query_time, 0.0010418035089969635
2024-01-18 08:38:33 | TRACE   | query_time, 0.0011384878307580948
2024-01-18 08:38:33 | TRACE   | query_time, 0.0009903330355882645
2024-01-18 08:38:33 | TRACE   | query_time, 0.0010289829224348068
2024-01-18 08:38:33 | TRACE   | query_time, 0.0010300371795892715
2024-01-18 08:38:33 | TRACE   | query_time, 0.0009795986115932465
2024-01-18 08:38:33 | TRACE   | query_time, 0.0010296143591403961
2024-01-18 08:38:33 | TRACE   | query_time, 0.0010219812393188477
2024-01-18 08:38:33 | TRACE   | query_time, 0.0010251272469758987
2024-01-18 08:38:33 | TRACE   | query_time, 0.0010264869779348373
2024-01-18 08:38:33 | TRACE   | query_time, 0.0010298099368810654
2024-01-18 08:38:33 | TRACE   | query_time, 0.00103033147752285
2024-01-18 08:38:33 | TRACE   | query_time, 0.000977344810962677
2024-01-18 08:38:33 | TRACE   | query_time, 0.0010250527411699295
2024-01-18 08:38:33 | TRACE   | query_time, 0.0010209232568740845
2024-01-18 08:38:33 | TRACE   | query_time, 0.0010293126106262207
2024-01-18 08:38:33 | TRACE   | query_time, 0.00101424939930439
2024-01-18 08:38:33 | TRACE   | query_time, 0.000971425324678421
2024-01-18 08:38:33 | TRACE   | query_time, 0.0009688343852758408
2024-01-18 08:38:33 | TRACE   | query_time, 0.0009689424186944962
2024-01-18 08:38:33 | TRACE   | query_time, 0.0011377856135368347
2024-01-18 08:38:33 | TRACE   | query_time, 0.0009672436863183975
2024-01-18 08:38:33 | TRACE   | query_time, 0.0009737405925989151
2024-01-18 08:38:33 | TRACE   | query_time, 0.0010182801634073257
2024-01-18 08:38:33 | TRACE   | query_time, 0.0010098405182361603
2024-01-18 08:38:33 | TRACE   | query_time, 0.001022161915898323
2024-01-18 08:38:33 | TRACE   | query_time, 0.0009668879210948944
2024-01-18 08:38:33 | TRACE   | query_time, 0.000993330031633377
2024-01-18 08:38:33 | TRACE   | query_time, 0.0010254345834255219
2024-01-18 08:38:33 | TRACE   | query_time, 0.0010166820138692856
2024-01-18 08:38:33 | TRACE   | query_time, 0.0009489674121141434
2024-01-18 08:38:33 | TRACE   | query_time, 0.0010464116930961609
2024-01-18 08:38:33 | TRACE   | query_time, 0.0009531453251838684
2024-01-18 08:38:33 | TRACE   | query_time, 0.000972723588347435
2024-01-18 08:38:33 | TRACE   | query_time, 0.0009561646729707718
2024-01-18 08:38:33 | TRACE   | query_time, 0.0010315347462892532
2024-01-18 08:38:33 | TRACE   | query_time, 0.0010290127247571945
2024-01-18 08:38:33 | TRACE   | query_time, 0.0010185446590185165
2024-01-18 08:38:33 | TRACE   | query_time, 0.0013023857027292252
2024-01-18 08:38:33 | TRACE   | query_time, 0.0009526479989290237
2024-01-18 08:38:33 | TRACE   | query_time, 0.0010492801666259766
2024-01-18 08:38:33 | TRACE   | query_time, 0.0009762626141309738
2024-01-18 08:38:33 | TRACE   | query_time, 0.0009768921881914139
2024-01-18 08:38:33 | TRACE   | query_time, 0.0010245833545923233
2024-01-18 08:38:33 | TRACE   | query_time, 0.001000402495265007
2024-01-18 08:38:33 | TRACE   | query_time, 0.0009772330522537231
2024-01-18 08:38:33 | TRACE   | query_time, 0.0011334065347909927
2024-01-18 08:38:33 | TRACE   | query_time, 0.0010441131889820099
2024-01-18 08:38:33 | TRACE   | query_time, 0.0011325906962156296
