2024-01-18 11:55:15 | DEBUG   | {'input': PosixPath('data/sportstables/indices/runtime_benchmark/rebinning.zst'), 'input_type': 'index', 'queries': PosixPath('data/sportstables/queries/runtime_benchmark.zst'), 'estimation_mode': None, 'index_mode': 'recall', 'output': None, 'workers': None, 'frequency_hists': False, 'suppress_results': False, 'log_level': 'INFO', 'log_file': PosixPath('logs/runtime_benchmark/execution/sportstables-collection-rebinning-single-3.log')}
2024-01-18 11:55:15 | DEBUG   | Loading input data from data/sportstables/indices/runtime_benchmark/rebinning.zst
2024-01-18 11:55:15 | DEBUG   | Loading queries from data/sportstables/queries/runtime_benchmark.zst
2024-01-18 11:55:15 | DEBUG   | Starting execution
2024-01-18 11:55:15 | TRACE   | query_time, 0.000643489882349968
2024-01-18 11:55:15 | TRACE   | query_time, 0.0004570167511701584
2024-01-18 11:55:15 | TRACE   | query_time, 0.00044145435094833374
2024-01-18 11:55:15 | TRACE   | query_time, 0.00039508938789367676
2024-01-18 11:55:15 | TRACE   | query_time, 0.00018319115042686462
2024-01-18 11:55:15 | TRACE   | query_time, 0.0001360587775707245
2024-01-18 11:55:15 | TRACE   | query_time, 0.00013854354619979858
2024-01-18 11:55:15 | TRACE   | query_time, 0.00043485313653945923
2024-01-18 11:55:15 | TRACE   | query_time, 0.00038894079625606537
2024-01-18 11:55:15 | TRACE   | query_time, 0.0003944188356399536
2024-01-18 11:55:15 | TRACE   | query_time, 0.000435899943113327
2024-01-18 11:55:15 | TRACE   | query_time, 0.00042269937694072723
2024-01-18 11:55:15 | TRACE   | query_time, 0.00017518922686576843
2024-01-18 11:55:15 | TRACE   | query_time, 0.00013370253145694733
2024-01-18 11:55:15 | TRACE   | query_time, 0.0004181601107120514
2024-01-18 11:55:15 | TRACE   | query_time, 0.00045859068632125854
2024-01-18 11:55:15 | TRACE   | query_time, 0.0004411283880472183
2024-01-18 11:55:15 | TRACE   | query_time, 0.00040565989911556244
2024-01-18 11:55:15 | TRACE   | query_time, 0.00048037804663181305
2024-01-18 11:55:15 | TRACE   | query_time, 0.0004729367792606354
2024-01-18 11:55:15 | TRACE   | query_time, 0.0004489365965127945
2024-01-18 11:55:15 | TRACE   | query_time, 0.0004686787724494934
2024-01-18 11:55:15 | TRACE   | query_time, 0.00041487254202365875
2024-01-18 11:55:15 | TRACE   | query_time, 0.00013887323439121246
2024-01-18 11:55:15 | TRACE   | query_time, 0.00013157911598682404
2024-01-18 11:55:15 | TRACE   | query_time, 0.00041259825229644775
2024-01-18 11:55:15 | TRACE   | query_time, 0.0004478283226490021
2024-01-18 11:55:15 | TRACE   | query_time, 0.00046586617827415466
2024-01-18 11:55:15 | TRACE   | query_time, 0.0004632938653230667
2024-01-18 11:55:15 | TRACE   | query_time, 0.00046170130372047424
2024-01-18 11:55:15 | TRACE   | query_time, 0.0004188716411590576
2024-01-18 11:55:15 | TRACE   | query_time, 0.00047438405454158783
2024-01-18 11:55:15 | TRACE   | query_time, 0.00045312196016311646
2024-01-18 11:55:15 | TRACE   | query_time, 0.0004627592861652374
2024-01-18 11:55:15 | TRACE   | query_time, 0.000456126406788826
2024-01-18 11:55:15 | TRACE   | query_time, 0.00047535263001918793
2024-01-18 11:55:15 | TRACE   | query_time, 0.0004320237785577774
2024-01-18 11:55:15 | TRACE   | query_time, 0.000471675768494606
2024-01-18 11:55:15 | TRACE   | query_time, 0.0004727523773908615
2024-01-18 11:55:15 | TRACE   | query_time, 0.0004246514290571213
2024-01-18 11:55:15 | TRACE   | query_time, 0.0001803264021873474
2024-01-18 11:55:15 | TRACE   | query_time, 0.00013412348926067352
2024-01-18 11:55:15 | TRACE   | query_time, 0.00013078562915325165
2024-01-18 11:55:15 | TRACE   | query_time, 0.00013707764446735382
2024-01-18 11:55:15 | TRACE   | query_time, 0.00030912645161151886
2024-01-18 11:55:15 | TRACE   | query_time, 0.0002874080091714859
2024-01-18 11:55:15 | TRACE   | query_time, 0.00043679773807525635
2024-01-18 11:55:15 | TRACE   | query_time, 0.0004201028496026993
2024-01-18 11:55:15 | TRACE   | query_time, 0.0004918146878480911
2024-01-18 11:55:15 | TRACE   | query_time, 0.00047592073678970337
2024-01-18 11:55:15 | TRACE   | query_time, 0.00043751858174800873
2024-01-18 11:55:15 | TRACE   | query_time, 0.00042542070150375366
2024-01-18 11:55:15 | TRACE   | query_time, 0.0004619639366865158
2024-01-18 11:55:15 | TRACE   | query_time, 0.0004886407405138016
2024-01-18 11:55:15 | TRACE   | query_time, 0.0004574693739414215
2024-01-18 11:55:15 | TRACE   | query_time, 0.00046964921057224274
2024-01-18 11:55:15 | TRACE   | query_time, 0.00017008185386657715
2024-01-18 11:55:15 | TRACE   | query_time, 0.00012687407433986664
2024-01-18 11:55:15 | TRACE   | query_time, 0.00016800500452518463
2024-01-18 11:55:15 | TRACE   | query_time, 0.0004498567432165146
2024-01-18 11:55:15 | TRACE   | query_time, 0.0003969166427850723
2024-01-18 11:55:15 | TRACE   | query_time, 0.000454142689704895
2024-01-18 11:55:15 | TRACE   | query_time, 0.0004846584051847458
2024-01-18 11:55:15 | TRACE   | query_time, 0.0004913304001092911
2024-01-18 11:55:15 | TRACE   | query_time, 0.00044840574264526367
2024-01-18 11:55:15 | TRACE   | query_time, 0.00043336860835552216
2024-01-18 11:55:15 | TRACE   | query_time, 0.00045649148523807526
2024-01-18 11:55:15 | TRACE   | query_time, 0.000446883961558342
2024-01-18 11:55:15 | TRACE   | query_time, 0.0004470478743314743
2024-01-18 11:55:15 | TRACE   | query_time, 0.0004608631134033203
2024-01-18 11:55:15 | TRACE   | query_time, 0.00045054033398628235
2024-01-18 11:55:15 | TRACE   | query_time, 0.0005057472735643387
2024-01-18 11:55:15 | TRACE   | query_time, 0.0004672165960073471
2024-01-18 11:55:15 | TRACE   | query_time, 0.0004488527774810791
2024-01-18 11:55:15 | TRACE   | query_time, 0.0004313550889492035
2024-01-18 11:55:15 | TRACE   | query_time, 0.0001350361853837967
2024-01-18 11:55:15 | TRACE   | query_time, 0.00016742385923862457
2024-01-18 11:55:15 | TRACE   | query_time, 0.00043917447328567505
2024-01-18 11:55:15 | TRACE   | query_time, 0.0004308931529521942
2024-01-18 11:55:15 | TRACE   | query_time, 0.00042876042425632477
2024-01-18 11:55:15 | TRACE   | query_time, 0.0004890300333499908
2024-01-18 11:55:15 | TRACE   | query_time, 0.00046208687126636505
2024-01-18 11:55:15 | TRACE   | query_time, 0.00044174864888191223
2024-01-18 11:55:15 | TRACE   | query_time, 0.0004558209329843521
2024-01-18 11:55:15 | TRACE   | query_time, 0.00044263899326324463
2024-01-18 11:55:15 | TRACE   | query_time, 0.0004450436681509018
2024-01-18 11:55:15 | TRACE   | query_time, 0.00043541938066482544
2024-01-18 11:55:15 | TRACE   | query_time, 0.0005147159099578857
2024-01-18 11:55:15 | TRACE   | query_time, 0.00044756941497325897
2024-01-18 11:55:15 | TRACE   | query_time, 0.00043333321809768677
2024-01-18 11:55:15 | TRACE   | query_time, 0.0001337546855211258
2024-01-18 11:55:15 | TRACE   | query_time, 0.0002735629677772522
2024-01-18 11:55:15 | TRACE   | query_time, 0.0004979074001312256
2024-01-18 11:55:15 | TRACE   | query_time, 0.000437246635556221
2024-01-18 11:55:15 | TRACE   | query_time, 0.0004655085504055023
2024-01-18 11:55:15 | TRACE   | query_time, 0.00045143067836761475
2024-01-18 11:55:15 | TRACE   | query_time, 0.0004514642059803009
2024-01-18 11:55:15 | TRACE   | query_time, 0.00044519826769828796
2024-01-18 11:55:15 | TRACE   | query_time, 0.0004153922200202942
2024-01-18 11:55:15 | TRACE   | query_time, 0.00045556575059890747
2024-01-18 11:55:15 | TRACE   | query_time, 0.0004464574158191681
2024-01-18 11:55:15 | TRACE   | query_time, 0.00043494440615177155
2024-01-18 11:55:15 | TRACE   | query_time, 0.0004412531852722168
2024-01-18 11:55:15 | TRACE   | query_time, 0.0004444438964128494
2024-01-18 11:55:15 | TRACE   | query_time, 0.0004912670701742172
2024-01-18 11:55:15 | TRACE   | query_time, 0.0004312898963689804
2024-01-18 11:55:15 | TRACE   | query_time, 0.0004949253052473068
2024-01-18 11:55:15 | TRACE   | query_time, 0.00044789165258407593
2024-01-18 11:55:15 | TRACE   | query_time, 0.0004174690693616867
2024-01-18 11:55:15 | TRACE   | query_time, 0.00044075213372707367
2024-01-18 11:55:15 | TRACE   | query_time, 0.00031977519392967224
2024-01-18 11:55:15 | TRACE   | query_time, 0.00046043284237384796
2024-01-18 11:55:15 | TRACE   | query_time, 0.0002995859831571579
2024-01-18 11:55:15 | TRACE   | query_time, 0.00047944486141204834
2024-01-18 11:55:15 | TRACE   | query_time, 0.0004328973591327667
2024-01-18 11:55:15 | TRACE   | query_time, 0.0004219319671392441
2024-01-18 11:55:15 | TRACE   | query_time, 0.0005045793950557709
2024-01-18 11:55:15 | TRACE   | query_time, 0.000452166423201561
2024-01-18 11:55:15 | TRACE   | query_time, 0.0004403460770845413
2024-01-18 11:55:15 | TRACE   | query_time, 0.00013447552919387817
2024-01-18 11:55:15 | TRACE   | query_time, 0.0001573115587234497
2024-01-18 11:55:15 | TRACE   | query_time, 0.00031596049666404724
2024-01-18 11:55:15 | TRACE   | query_time, 0.0004811864346265793
2024-01-18 11:55:15 | TRACE   | query_time, 0.000440061092376709
2024-01-18 11:55:15 | TRACE   | query_time, 0.0005058106034994125
2024-01-18 11:55:15 | TRACE   | query_time, 0.0004961937665939331
2024-01-18 11:55:15 | TRACE   | query_time, 0.00045598484575748444
2024-01-18 11:55:15 | TRACE   | query_time, 0.0004463847726583481
2024-01-18 11:55:15 | TRACE   | query_time, 0.00028516724705696106
2024-01-18 11:55:15 | TRACE   | query_time, 0.0003396179527044296
2024-01-18 11:55:15 | TRACE   | query_time, 0.0005110111087560654
2024-01-18 11:55:15 | TRACE   | query_time, 0.0004938337951898575
2024-01-18 11:55:15 | TRACE   | query_time, 0.00043823011219501495
2024-01-18 11:55:15 | TRACE   | query_time, 0.00042549893260002136
2024-01-18 11:55:15 | TRACE   | query_time, 0.00045614875853061676
2024-01-18 11:55:15 | TRACE   | query_time, 0.00047812797129154205
2024-01-18 11:55:15 | TRACE   | query_time, 0.0005044620484113693
2024-01-18 11:55:15 | TRACE   | query_time, 0.0004319380968809128
2024-01-18 11:55:15 | TRACE   | query_time, 0.00044455938041210175
2024-01-18 11:55:15 | TRACE   | query_time, 0.00044510141015052795
2024-01-18 11:55:15 | TRACE   | query_time, 0.00044625625014305115
2024-01-18 11:55:15 | TRACE   | query_time, 0.00046648643910884857
2024-01-18 11:55:15 | TRACE   | query_time, 0.00013444386422634125
2024-01-18 11:55:15 | TRACE   | query_time, 0.0002625230699777603
2024-01-18 11:55:15 | TRACE   | query_time, 0.000507773831486702
2024-01-18 11:55:15 | TRACE   | query_time, 0.00032224878668785095
2024-01-18 11:55:15 | TRACE   | query_time, 0.0003035031259059906
2024-01-18 11:55:15 | TRACE   | query_time, 0.0005151107907295227
2024-01-18 11:55:15 | TRACE   | query_time, 0.0005058329552412033
2024-01-18 11:55:15 | TRACE   | query_time, 0.0004501696676015854
2024-01-18 11:55:15 | TRACE   | query_time, 0.000432334840297699
2024-01-18 11:55:15 | TRACE   | query_time, 0.0004343576729297638
2024-01-18 11:55:15 | TRACE   | query_time, 0.0004911329597234726
2024-01-18 11:55:15 | TRACE   | query_time, 0.00042241252958774567
2024-01-18 11:55:15 | TRACE   | query_time, 0.00048389844596385956
2024-01-18 11:55:15 | TRACE   | query_time, 0.0004599764943122864
2024-01-18 11:55:15 | TRACE   | query_time, 0.0004271324723958969
2024-01-18 11:55:15 | TRACE   | query_time, 0.0004984810948371887
2024-01-18 11:55:15 | TRACE   | query_time, 0.00046099722385406494
2024-01-18 11:55:15 | TRACE   | query_time, 0.000424237921833992
2024-01-18 11:55:15 | TRACE   | query_time, 0.0004964582622051239
2024-01-18 11:55:15 | TRACE   | query_time, 0.0004893727600574493
2024-01-18 11:55:15 | TRACE   | query_time, 0.00045553408563137054
2024-01-18 11:55:15 | TRACE   | query_time, 0.0004763565957546234
2024-01-18 11:55:15 | TRACE   | query_time, 0.0004646945744752884
2024-01-18 11:55:15 | TRACE   | query_time, 0.00013341382145881653
2024-01-18 11:55:15 | TRACE   | query_time, 0.00012461841106414795
2024-01-18 11:55:15 | TRACE   | query_time, 0.0002348814159631729
2024-01-18 11:55:15 | TRACE   | query_time, 0.00028565898537635803
2024-01-18 11:55:15 | TRACE   | query_time, 0.0004661083221435547
2024-01-18 11:55:15 | TRACE   | query_time, 0.0004335753619670868
2024-01-18 11:55:15 | TRACE   | query_time, 0.00027978792786598206
2024-01-18 11:55:15 | TRACE   | query_time, 0.00033298879861831665
2024-01-18 11:55:15 | TRACE   | query_time, 0.000513121485710144
2024-01-18 11:55:15 | TRACE   | query_time, 0.000434165820479393
2024-01-18 11:55:15 | TRACE   | query_time, 0.0004354417324066162
2024-01-18 11:55:15 | TRACE   | query_time, 0.0004847683012485504
2024-01-18 11:55:15 | TRACE   | query_time, 0.00031636469066143036
2024-01-18 11:55:15 | TRACE   | query_time, 0.000472094863653183
2024-01-18 11:55:15 | TRACE   | query_time, 0.0004538949579000473
2024-01-18 11:55:15 | TRACE   | query_time, 0.0004751160740852356
2024-01-18 11:55:15 | TRACE   | query_time, 0.00028038211166858673
2024-01-18 11:55:15 | TRACE   | query_time, 0.00016278401017189026
2024-01-18 11:55:15 | TRACE   | query_time, 0.00012628920376300812
2024-01-18 11:55:15 | TRACE   | query_time, 0.0005031786859035492
2024-01-18 11:55:15 | TRACE   | query_time, 0.00047683902084827423
2024-01-18 11:55:15 | TRACE   | query_time, 0.0002774316817522049
2024-01-18 11:55:15 | TRACE   | query_time, 0.0004662182182073593
2024-01-18 11:55:15 | TRACE   | query_time, 0.00044341757893562317
2024-01-18 11:55:15 | TRACE   | query_time, 0.00028007663786411285
2024-01-18 11:55:15 | TRACE   | query_time, 0.0004961732774972916
2024-01-18 11:55:15 | TRACE   | query_time, 0.00042661838233470917
2024-01-18 11:55:15 | TRACE   | query_time, 0.0004830658435821533
2024-01-18 11:55:15 | TRACE   | query_time, 0.00043552927672863007
2024-01-18 11:55:15 | TRACE   | query_time, 0.0003160238265991211
2024-01-18 11:55:15 | TRACE   | query_time, 0.00046752020716667175
2024-01-18 11:55:15 | TRACE   | query_time, 0.00028057023882865906
2024-01-18 11:55:15 | TRACE   | query_time, 0.0001322440803050995
2024-01-18 11:55:15 | TRACE   | query_time, 0.0003361701965332031
2024-01-18 11:55:15 | TRACE   | query_time, 0.00032869912683963776
2024-01-18 11:55:15 | TRACE   | query_time, 0.00031230971217155457
2024-01-18 11:55:15 | TRACE   | query_time, 0.0004656277596950531
2024-01-18 11:55:15 | TRACE   | query_time, 0.00048446282744407654
2024-01-18 11:55:15 | TRACE   | query_time, 0.0004412475973367691
2024-01-18 11:55:15 | TRACE   | query_time, 0.0003258194774389267
2024-01-18 11:55:15 | TRACE   | query_time, 0.0005480293184518814
2024-01-18 11:55:15 | TRACE   | query_time, 0.0003158692270517349
2024-01-18 11:55:15 | TRACE   | query_time, 0.0004866626113653183
2024-01-18 11:55:15 | TRACE   | query_time, 0.00046180374920368195
2024-01-18 11:55:15 | TRACE   | query_time, 0.00048694387078285217
2024-01-18 11:55:15 | TRACE   | query_time, 0.0005278587341308594
2024-01-18 11:55:15 | TRACE   | query_time, 0.0004629194736480713
2024-01-18 11:55:15 | TRACE   | query_time, 0.0004212651401758194
2024-01-18 11:55:15 | TRACE   | query_time, 0.0005105882883071899
2024-01-18 11:55:15 | TRACE   | query_time, 0.00028248317539691925
2024-01-18 11:55:15 | TRACE   | query_time, 0.0001303013414144516
2024-01-18 11:55:15 | TRACE   | query_time, 0.00022676214575767517
2024-01-18 11:55:15 | TRACE   | query_time, 0.0003380998969078064
2024-01-18 11:55:15 | TRACE   | query_time, 0.0004845913499593735
2024-01-18 11:55:15 | TRACE   | query_time, 0.00031661055982112885
2024-01-18 11:55:15 | TRACE   | query_time, 0.0005169045180082321
2024-01-18 11:55:15 | TRACE   | query_time, 0.0004787035286426544
2024-01-18 11:55:15 | TRACE   | query_time, 0.0003134850412607193
2024-01-18 11:55:15 | TRACE   | query_time, 0.00045704469084739685
2024-01-18 11:55:15 | TRACE   | query_time, 0.0005202293395996094
2024-01-18 11:55:15 | TRACE   | query_time, 0.0003137271851301193
2024-01-18 11:55:15 | TRACE   | query_time, 0.00046419911086559296
2024-01-18 11:55:15 | TRACE   | query_time, 0.0005085747689008713
2024-01-18 11:55:15 | TRACE   | query_time, 0.00048005208373069763
2024-01-18 11:55:15 | TRACE   | query_time, 0.0004382319748401642
2024-01-18 11:55:15 | TRACE   | query_time, 0.0001658964902162552
2024-01-18 11:55:15 | TRACE   | query_time, 0.00012851879000663757
2024-01-18 11:55:15 | TRACE   | query_time, 0.00046986155211925507
2024-01-18 11:55:15 | TRACE   | query_time, 0.00027494318783283234
2024-01-18 11:55:15 | TRACE   | query_time, 0.0003149770200252533
2024-01-18 11:55:15 | TRACE   | query_time, 0.0003286898136138916
2024-01-18 11:55:15 | TRACE   | query_time, 0.0003042668104171753
2024-01-18 11:55:15 | TRACE   | query_time, 0.0005664471536874771
2024-01-18 11:55:15 | TRACE   | query_time, 0.0004716385155916214
2024-01-18 11:55:15 | TRACE   | query_time, 0.0004686005413532257
2024-01-18 11:55:15 | TRACE   | query_time, 0.0004222393035888672
2024-01-18 11:55:15 | TRACE   | query_time, 0.0004399530589580536
2024-01-18 11:55:15 | TRACE   | query_time, 0.0004639849066734314
2024-01-18 11:55:15 | TRACE   | query_time, 0.000435851514339447
2024-01-18 11:55:15 | TRACE   | query_time, 0.0005020629614591599
2024-01-18 11:55:15 | TRACE   | query_time, 0.00031116604804992676
2024-01-18 11:55:15 | TRACE   | query_time, 0.00048389099538326263
2024-01-18 11:55:15 | TRACE   | query_time, 0.00016080960631370544
2024-01-18 11:55:15 | TRACE   | query_time, 0.00043724849820137024
2024-01-18 11:55:15 | TRACE   | query_time, 0.00027646683156490326
2024-01-18 11:55:15 | TRACE   | query_time, 0.0003148019313812256
2024-01-18 11:55:15 | TRACE   | query_time, 0.0005024578422307968
2024-01-18 11:55:15 | TRACE   | query_time, 0.00031204894185066223
2024-01-18 11:55:15 | TRACE   | query_time, 0.000330144539475441
2024-01-18 11:55:15 | TRACE   | query_time, 0.0004966389387845993
2024-01-18 11:55:15 | TRACE   | query_time, 0.0003108382225036621
2024-01-18 11:55:15 | TRACE   | query_time, 0.00031084567308425903
2024-01-18 11:55:15 | TRACE   | query_time, 0.0005675554275512695
2024-01-18 11:55:15 | TRACE   | query_time, 0.00032866187393665314
2024-01-18 11:55:15 | TRACE   | query_time, 0.000436907634139061
2024-01-18 11:55:15 | TRACE   | query_time, 0.0004813671112060547
2024-01-18 11:55:15 | TRACE   | query_time, 0.0004500430077314377
2024-01-18 11:55:15 | TRACE   | query_time, 0.0004181619733572006
2024-01-18 11:55:15 | TRACE   | query_time, 0.0003246944397687912
2024-01-18 11:55:15 | TRACE   | query_time, 0.0004737190902233124
2024-01-18 11:55:15 | TRACE   | query_time, 0.00012939982116222382
2024-01-18 11:55:15 | TRACE   | query_time, 0.00043486058712005615
2024-01-18 11:55:15 | TRACE   | query_time, 0.0002764761447906494
2024-01-18 11:55:15 | TRACE   | query_time, 0.0003452673554420471
2024-01-18 11:55:15 | TRACE   | query_time, 0.00032721832394599915
2024-01-18 11:55:15 | TRACE   | query_time, 0.0003270227462053299
2024-01-18 11:55:15 | TRACE   | query_time, 0.0003267750144004822
2024-01-18 11:55:15 | TRACE   | query_time, 0.00034923478960990906
2024-01-18 11:55:15 | TRACE   | query_time, 0.0004399474710226059
2024-01-18 11:55:15 | TRACE   | query_time, 0.0004292801022529602
2024-01-18 11:55:15 | TRACE   | query_time, 0.0004718117415904999
2024-01-18 11:55:15 | TRACE   | query_time, 0.0004629138857126236
2024-01-18 11:55:15 | TRACE   | query_time, 0.00047488510608673096
2024-01-18 11:55:15 | TRACE   | query_time, 0.0004665069282054901
2024-01-18 11:55:15 | TRACE   | query_time, 0.00030698440968990326
2024-01-18 11:55:15 | TRACE   | query_time, 0.0004900898784399033
2024-01-18 11:55:15 | TRACE   | query_time, 0.00016046874225139618
2024-01-18 11:55:15 | TRACE   | query_time, 0.0003150608390569687
2024-01-18 11:55:15 | TRACE   | query_time, 0.0004888474941253662
2024-01-18 11:55:15 | TRACE   | query_time, 0.0003094412386417389
2024-01-18 11:55:15 | TRACE   | query_time, 0.00032982416450977325
2024-01-18 11:55:15 | TRACE   | query_time, 0.0003279689699411392
2024-01-18 11:55:15 | TRACE   | query_time, 0.0003396328538656235
2024-01-18 11:55:15 | TRACE   | query_time, 0.0005504731088876724
2024-01-18 11:55:15 | TRACE   | query_time, 0.0003093928098678589
2024-01-18 11:55:15 | TRACE   | query_time, 0.00032840482890605927
2024-01-18 11:55:15 | TRACE   | query_time, 0.00032244622707366943
2024-01-18 11:55:15 | TRACE   | query_time, 0.0005170479416847229
2024-01-18 11:55:15 | TRACE   | query_time, 0.00043890438973903656
2024-01-18 11:55:15 | TRACE   | query_time, 0.00030928850173950195
2024-01-18 11:55:15 | TRACE   | query_time, 0.00047411955893039703
2024-01-18 11:55:15 | TRACE   | query_time, 0.00045375898480415344
2024-01-18 11:55:15 | TRACE   | query_time, 0.00046566687524318695
2024-01-18 11:55:15 | TRACE   | query_time, 0.000469893217086792
2024-01-18 11:55:15 | TRACE   | query_time, 0.00048130378127098083
2024-01-18 11:55:15 | TRACE   | query_time, 0.0003406647592782974
2024-01-18 11:55:15 | TRACE   | query_time, 0.00046610645949840546
2024-01-18 11:55:15 | TRACE   | query_time, 0.0003267992287874222
2024-01-18 11:55:15 | TRACE   | query_time, 0.0004668012261390686
2024-01-18 11:55:15 | TRACE   | query_time, 0.0004468560218811035
2024-01-18 11:55:15 | TRACE   | query_time, 0.0005104951560497284
2024-01-18 11:55:15 | TRACE   | query_time, 0.00027767010033130646
2024-01-18 11:55:15 | TRACE   | query_time, 0.00012874417006969452
2024-01-18 11:55:15 | TRACE   | query_time, 0.00015582703053951263
2024-01-18 11:55:15 | TRACE   | query_time, 0.0003431197255849838
2024-01-18 11:55:15 | TRACE   | query_time, 0.0002928879112005234
2024-01-18 11:55:15 | TRACE   | query_time, 0.00033934973180294037
2024-01-18 11:55:15 | TRACE   | query_time, 0.00030460767447948456
2024-01-18 11:55:15 | TRACE   | query_time, 0.0004868805408477783
2024-01-18 11:55:15 | TRACE   | query_time, 0.0005237162113189697
2024-01-18 11:55:15 | TRACE   | query_time, 0.0003177281469106674
2024-01-18 11:55:15 | TRACE   | query_time, 0.000551203265786171
2024-01-18 11:55:15 | TRACE   | query_time, 0.0004893913865089417
2024-01-18 11:55:15 | TRACE   | query_time, 0.0003086887300014496
2024-01-18 11:55:15 | TRACE   | query_time, 0.0003403127193450928
2024-01-18 11:55:15 | TRACE   | query_time, 0.00046264752745628357
2024-01-18 11:55:15 | TRACE   | query_time, 0.0004450324922800064
2024-01-18 11:55:15 | TRACE   | query_time, 0.0005632173269987106
2024-01-18 11:55:15 | TRACE   | query_time, 0.00045972689986228943
2024-01-18 11:55:15 | TRACE   | query_time, 0.0004896558821201324
2024-01-18 11:55:15 | TRACE   | query_time, 0.0003109145909547806
2024-01-18 11:55:15 | TRACE   | query_time, 0.0003450978547334671
2024-01-18 11:55:15 | TRACE   | query_time, 0.00048745982348918915
2024-01-18 11:55:15 | TRACE   | query_time, 0.0004496891051530838
2024-01-18 11:55:15 | TRACE   | query_time, 0.00012970343232154846
2024-01-18 11:55:15 | TRACE   | query_time, 0.00012702681124210358
2024-01-18 11:55:15 | TRACE   | query_time, 0.00012429803609848022
2024-01-18 11:55:15 | TRACE   | query_time, 0.00022386200726032257
2024-01-18 11:55:15 | TRACE   | query_time, 0.0005000997334718704
2024-01-18 11:55:15 | TRACE   | query_time, 0.0025525521486997604
2024-01-18 11:55:15 | TRACE   | query_time, 0.0007334426045417786
2024-01-18 11:55:15 | TRACE   | query_time, 0.0005603525787591934
2024-01-18 11:55:15 | TRACE   | query_time, 0.0008879397064447403
2024-01-18 11:55:15 | TRACE   | query_time, 0.0004879981279373169
2024-01-18 11:55:15 | TRACE   | query_time, 0.0004984606057405472
2024-01-18 11:55:15 | TRACE   | query_time, 0.00048053450882434845
2024-01-18 11:55:15 | TRACE   | query_time, 0.0005562659353017807
2024-01-18 11:55:15 | TRACE   | query_time, 0.000500459223985672
2024-01-18 11:55:15 | TRACE   | query_time, 0.0005555450916290283
2024-01-18 11:55:15 | TRACE   | query_time, 0.0005704127252101898
2024-01-18 11:55:15 | TRACE   | query_time, 0.0007912702858448029
2024-01-18 11:55:15 | TRACE   | query_time, 0.0007248762995004654
2024-01-18 11:55:15 | TRACE   | query_time, 0.00047103315591812134
2024-01-18 11:55:15 | TRACE   | query_time, 0.001942632719874382
2024-01-18 11:55:15 | TRACE   | query_time, 0.002172362059354782
2024-01-18 11:55:15 | TRACE   | query_time, 0.002129398286342621
2024-01-18 11:55:15 | TRACE   | query_time, 0.002162754535675049
2024-01-18 11:55:15 | TRACE   | query_time, 0.0022574644535779953
2024-01-18 11:55:15 | TRACE   | query_time, 0.0021532047539949417
2024-01-18 11:55:15 | TRACE   | query_time, 0.0005605611950159073
2024-01-18 11:55:15 | TRACE   | query_time, 0.0005257967859506607
2024-01-18 11:55:16 | TRACE   | query_time, 0.001667739823460579
2024-01-18 11:55:16 | TRACE   | query_time, 0.0004763267934322357
2024-01-18 11:55:16 | TRACE   | query_time, 0.0005370303988456726
2024-01-18 11:55:16 | TRACE   | query_time, 0.0006901472806930542
2024-01-18 11:55:16 | TRACE   | query_time, 0.0005582775920629501
2024-01-18 11:55:16 | TRACE   | query_time, 0.0008094962686300278
2024-01-18 11:55:16 | TRACE   | query_time, 0.0005290433764457703
2024-01-18 11:55:16 | TRACE   | query_time, 0.0005413740873336792
2024-01-18 11:55:16 | TRACE   | query_time, 0.0005528386682271957
2024-01-18 11:55:16 | TRACE   | query_time, 0.0023399945348501205
2024-01-18 11:55:16 | TRACE   | query_time, 0.002157345414161682
2024-01-18 11:55:16 | TRACE   | query_time, 0.002103004604578018
2024-01-18 11:55:16 | TRACE   | query_time, 0.0020379014313220978
2024-01-18 11:55:16 | TRACE   | query_time, 0.0005735922604799271
2024-01-18 11:55:16 | TRACE   | query_time, 0.000531662255525589
2024-01-18 11:55:16 | TRACE   | query_time, 0.0005098991096019745
2024-01-18 11:55:16 | TRACE   | query_time, 0.0005372855812311172
2024-01-18 11:55:16 | TRACE   | query_time, 0.0007727984338998795
2024-01-18 11:55:16 | TRACE   | query_time, 0.0006955564022064209
2024-01-18 11:55:16 | TRACE   | query_time, 0.0005057714879512787
2024-01-18 11:55:16 | TRACE   | query_time, 0.0018265694379806519
2024-01-18 11:55:16 | TRACE   | query_time, 0.0022930502891540527
2024-01-18 11:55:16 | TRACE   | query_time, 0.0022812560200691223
2024-01-18 11:55:16 | TRACE   | query_time, 0.0004897154867649078
2024-01-18 11:55:16 | TRACE   | query_time, 0.0005092080682516098
2024-01-18 11:55:16 | TRACE   | query_time, 0.0005349107086658478
2024-01-18 11:55:16 | TRACE   | query_time, 0.0007572583854198456
2024-01-18 11:55:16 | TRACE   | query_time, 0.000752544030547142
2024-01-18 11:55:16 | TRACE   | query_time, 0.000695742666721344
2024-01-18 11:55:16 | TRACE   | query_time, 0.0019368119537830353
2024-01-18 11:55:16 | TRACE   | query_time, 0.001372033730149269
2024-01-18 11:55:16 | TRACE   | query_time, 0.0004813633859157562
2024-01-18 11:55:16 | TRACE   | query_time, 0.0023075900971889496
2024-01-18 11:55:16 | TRACE   | query_time, 0.002158625051379204
2024-01-18 11:55:16 | TRACE   | query_time, 0.0021987296640872955
2024-01-18 11:55:16 | TRACE   | query_time, 0.002177121117711067
2024-01-18 11:55:16 | TRACE   | query_time, 0.002224460244178772
2024-01-18 11:55:16 | TRACE   | query_time, 0.0005465522408485413
2024-01-18 11:55:16 | TRACE   | query_time, 0.001001611351966858
2024-01-18 11:55:16 | TRACE   | query_time, 0.0015929993242025375
2024-01-18 11:55:16 | TRACE   | query_time, 0.0005789734423160553
2024-01-18 11:55:16 | TRACE   | query_time, 0.0005106385797262192
2024-01-18 11:55:16 | TRACE   | query_time, 0.0007433481514453888
2024-01-18 11:55:16 | TRACE   | query_time, 0.0005070958286523819
2024-01-18 11:55:16 | TRACE   | query_time, 0.0005162116140127182
2024-01-18 11:55:16 | TRACE   | query_time, 0.002273792400956154
2024-01-18 11:55:16 | TRACE   | query_time, 0.002149464562535286
2024-01-18 11:55:16 | TRACE   | query_time, 0.002141812816262245
2024-01-18 11:55:16 | TRACE   | query_time, 0.0021726973354816437
2024-01-18 11:55:16 | TRACE   | query_time, 0.0004413258284330368
2024-01-18 11:55:16 | TRACE   | query_time, 0.0007438343018293381
2024-01-18 11:55:16 | TRACE   | query_time, 0.0006078779697418213
2024-01-18 11:55:16 | TRACE   | query_time, 0.0007959213107824326
2024-01-18 11:55:16 | TRACE   | query_time, 0.0007620267570018768
2024-01-18 11:55:16 | TRACE   | query_time, 0.0007370207458734512
2024-01-18 11:55:16 | TRACE   | query_time, 0.0006723664700984955
2024-01-18 11:55:16 | TRACE   | query_time, 0.0004942342638969421
2024-01-18 11:55:16 | TRACE   | query_time, 0.0009430628269910812
2024-01-18 11:55:16 | TRACE   | query_time, 0.0020096413791179657
2024-01-18 11:55:16 | TRACE   | query_time, 0.002133866772055626
2024-01-18 11:55:16 | TRACE   | query_time, 0.0020796675235033035
2024-01-18 11:55:16 | TRACE   | query_time, 0.0020977184176445007
2024-01-18 11:55:16 | TRACE   | query_time, 0.0021179839968681335
2024-01-18 11:55:16 | TRACE   | query_time, 0.0020968224853277206
2024-01-18 11:55:16 | TRACE   | query_time, 0.002170126885175705
2024-01-18 11:55:16 | TRACE   | query_time, 0.002171214669942856
2024-01-18 11:55:16 | TRACE   | query_time, 0.002128198742866516
2024-01-18 11:55:16 | TRACE   | query_time, 0.001552460715174675
2024-01-18 11:55:16 | TRACE   | query_time, 0.000424778088927269
2024-01-18 11:55:16 | TRACE   | query_time, 0.000958763062953949
2024-01-18 11:55:16 | TRACE   | query_time, 0.000749414786696434
2024-01-18 11:55:16 | TRACE   | query_time, 0.0005119461566209793
2024-01-18 11:55:16 | TRACE   | query_time, 0.0018215756863355637
2024-01-18 11:55:16 | TRACE   | query_time, 0.0005942471325397491
2024-01-18 11:55:16 | TRACE   | query_time, 0.0007249470800161362
2024-01-18 11:55:16 | TRACE   | query_time, 0.00055667944252491
2024-01-18 11:55:16 | TRACE   | query_time, 0.0004884358495473862
2024-01-18 11:55:16 | TRACE   | query_time, 0.0009786225855350494
2024-01-18 11:55:16 | TRACE   | query_time, 0.0020088180899620056
2024-01-18 11:55:16 | TRACE   | query_time, 0.002124665305018425
2024-01-18 11:55:16 | TRACE   | query_time, 0.0020961109548807144
2024-01-18 11:55:16 | TRACE   | query_time, 0.0021751541644334793
2024-01-18 11:55:16 | TRACE   | query_time, 0.002043943852186203
2024-01-18 11:55:16 | TRACE   | query_time, 0.0021573156118392944
2024-01-18 11:55:16 | TRACE   | query_time, 0.001517774537205696
2024-01-18 11:55:16 | TRACE   | query_time, 0.000441819429397583
2024-01-18 11:55:16 | TRACE   | query_time, 0.0007745083421468735
2024-01-18 11:55:16 | TRACE   | query_time, 0.0005634333938360214
2024-01-18 11:55:16 | TRACE   | query_time, 0.0016011577099561691
2024-01-18 11:55:16 | TRACE   | query_time, 0.0006448216736316681
2024-01-18 11:55:16 | TRACE   | query_time, 0.0006758794188499451
2024-01-18 11:55:16 | TRACE   | query_time, 0.0018148161470890045
2024-01-18 11:55:16 | TRACE   | query_time, 0.0005645398050546646
2024-01-18 11:55:16 | TRACE   | query_time, 0.0005029141902923584
2024-01-18 11:55:16 | TRACE   | query_time, 0.0007129982113838196
2024-01-18 11:55:16 | TRACE   | query_time, 0.0005066115409135818
2024-01-18 11:55:16 | TRACE   | query_time, 0.0017176717519760132
2024-01-18 11:55:16 | TRACE   | query_time, 0.002145100384950638
2024-01-18 11:55:16 | TRACE   | query_time, 0.002097954973578453
2024-01-18 11:55:16 | TRACE   | query_time, 0.0021035708487033844
2024-01-18 11:55:16 | TRACE   | query_time, 0.0015246514230966568
2024-01-18 11:55:16 | TRACE   | query_time, 0.0005089081823825836
2024-01-18 11:55:16 | TRACE   | query_time, 0.000578390434384346
2024-01-18 11:55:16 | TRACE   | query_time, 0.0009338390082120895
2024-01-18 11:55:16 | TRACE   | query_time, 0.0007797833532094955
2024-01-18 11:55:16 | TRACE   | query_time, 0.0007348675280809402
2024-01-18 11:55:16 | TRACE   | query_time, 0.001822119578719139
2024-01-18 11:55:16 | TRACE   | query_time, 0.0004290640354156494
2024-01-18 11:55:16 | TRACE   | query_time, 0.0007060021162033081
2024-01-18 11:55:16 | TRACE   | query_time, 0.0006522368639707565
2024-01-18 11:55:16 | TRACE   | query_time, 0.000623013824224472
2024-01-18 11:55:16 | TRACE   | query_time, 0.002183312550187111
2024-01-18 11:55:16 | TRACE   | query_time, 0.0021575000137090683
2024-01-18 11:55:16 | TRACE   | query_time, 0.002137197181582451
2024-01-18 11:55:16 | TRACE   | query_time, 0.002177748829126358
2024-01-18 11:55:16 | TRACE   | query_time, 0.0021493416279554367
2024-01-18 11:55:16 | TRACE   | query_time, 0.002095244824886322
2024-01-18 11:55:16 | TRACE   | query_time, 0.002159053459763527
2024-01-18 11:55:16 | TRACE   | query_time, 0.002095267176628113
2024-01-18 11:55:16 | TRACE   | query_time, 0.002141730859875679
2024-01-18 11:55:16 | TRACE   | query_time, 0.002133488655090332
2024-01-18 11:55:16 | TRACE   | query_time, 0.0004966817796230316
2024-01-18 11:55:16 | TRACE   | query_time, 0.0007623415440320969
2024-01-18 11:55:16 | TRACE   | query_time, 0.0010117068886756897
2024-01-18 11:55:16 | TRACE   | query_time, 0.0007776394486427307
2024-01-18 11:55:16 | TRACE   | query_time, 0.0010845214128494263
2024-01-18 11:55:16 | TRACE   | query_time, 0.000635610893368721
2024-01-18 11:55:16 | TRACE   | query_time, 0.0009055715054273605
2024-01-18 11:55:16 | TRACE   | query_time, 0.0016788262873888016
2024-01-18 11:55:16 | TRACE   | query_time, 0.0020401570945978165
2024-01-18 11:55:16 | TRACE   | query_time, 0.002050517126917839
2024-01-18 11:55:16 | TRACE   | query_time, 0.0020557530224323273
2024-01-18 11:55:16 | TRACE   | query_time, 0.002115333452820778
2024-01-18 11:55:16 | TRACE   | query_time, 0.0005125943571329117
2024-01-18 11:55:16 | TRACE   | query_time, 0.0015289019793272018
2024-01-18 11:55:16 | TRACE   | query_time, 0.0006424766033887863
2024-01-18 11:55:16 | TRACE   | query_time, 0.0009279083460569382
2024-01-18 11:55:16 | TRACE   | query_time, 0.0005488954484462738
2024-01-18 11:55:16 | TRACE   | query_time, 0.0021963343024253845
2024-01-18 11:55:16 | TRACE   | query_time, 0.0020849350839853287
2024-01-18 11:55:16 | TRACE   | query_time, 0.002101954072713852
2024-01-18 11:55:16 | TRACE   | query_time, 0.0021200645714998245
2024-01-18 11:55:16 | TRACE   | query_time, 0.0022103767842054367
2024-01-18 11:55:16 | TRACE   | query_time, 0.0020490698516368866
2024-01-18 11:55:16 | TRACE   | query_time, 0.0021822191774845123
2024-01-18 11:55:16 | TRACE   | query_time, 0.0021511614322662354
2024-01-18 11:55:16 | TRACE   | query_time, 0.0021357033401727676
2024-01-18 11:55:16 | TRACE   | query_time, 0.0004936009645462036
2024-01-18 11:55:16 | TRACE   | query_time, 0.0005441363900899887
2024-01-18 11:55:16 | TRACE   | query_time, 0.00155702605843544
2024-01-18 11:55:16 | TRACE   | query_time, 0.000547332689166069
2024-01-18 11:55:16 | TRACE   | query_time, 0.0010387375950813293
2024-01-18 11:55:16 | TRACE   | query_time, 0.0007131118327379227
2024-01-18 11:55:16 | TRACE   | query_time, 0.0006222836673259735
2024-01-18 11:55:16 | TRACE   | query_time, 0.000540614128112793
2024-01-18 11:55:16 | TRACE   | query_time, 0.002103913575410843
2024-01-18 11:55:16 | TRACE   | query_time, 0.002074994146823883
2024-01-18 11:55:16 | TRACE   | query_time, 0.0020753052085638046
2024-01-18 11:55:16 | TRACE   | query_time, 0.002041766420006752
2024-01-18 11:55:16 | TRACE   | query_time, 0.0021477509289979935
2024-01-18 11:55:16 | TRACE   | query_time, 0.0020316094160079956
2024-01-18 11:55:16 | TRACE   | query_time, 0.002105342224240303
2024-01-18 11:55:16 | TRACE   | query_time, 0.0020898841321468353
2024-01-18 11:55:16 | TRACE   | query_time, 0.0020990706980228424
2024-01-18 11:55:16 | TRACE   | query_time, 0.0021351296454668045
2024-01-18 11:55:16 | TRACE   | query_time, 0.0004748441278934479
2024-01-18 11:55:16 | TRACE   | query_time, 0.0007272660732269287
2024-01-18 11:55:16 | TRACE   | query_time, 0.0007491558790206909
2024-01-18 11:55:16 | TRACE   | query_time, 0.0006860867142677307
2024-01-18 11:55:16 | TRACE   | query_time, 0.0006293691694736481
2024-01-18 11:55:16 | TRACE   | query_time, 0.001025363802909851
2024-01-18 11:55:16 | TRACE   | query_time, 0.0006949901580810547
2024-01-18 11:55:16 | TRACE   | query_time, 0.0005989018827676773
2024-01-18 11:55:16 | TRACE   | query_time, 0.0005343742668628693
2024-01-18 11:55:16 | TRACE   | query_time, 0.000605899840593338
2024-01-18 11:55:16 | TRACE   | query_time, 0.0005534850060939789
2024-01-18 11:55:16 | TRACE   | query_time, 0.0021499544382095337
2024-01-18 11:55:16 | TRACE   | query_time, 0.002158660441637039
2024-01-18 11:55:16 | TRACE   | query_time, 0.00212923064827919
2024-01-18 11:55:16 | TRACE   | query_time, 0.0020601507276296616
2024-01-18 11:55:16 | TRACE   | query_time, 0.002090116962790489
2024-01-18 11:55:16 | TRACE   | query_time, 0.002125948667526245
2024-01-18 11:55:16 | TRACE   | query_time, 0.0020926855504512787
2024-01-18 11:55:16 | TRACE   | query_time, 0.0021231118589639664
2024-01-18 11:55:16 | TRACE   | query_time, 0.0006395541131496429
2024-01-18 11:55:16 | TRACE   | query_time, 0.0009047538042068481
2024-01-18 11:55:16 | TRACE   | query_time, 0.0007400214672088623
2024-01-18 11:55:16 | TRACE   | query_time, 0.0005934033542871475
2024-01-18 11:55:16 | TRACE   | query_time, 0.0005937237292528152
2024-01-18 11:55:16 | TRACE   | query_time, 0.0008493326604366302
2024-01-18 11:55:16 | TRACE   | query_time, 0.0005413759499788284
2024-01-18 11:55:16 | TRACE   | query_time, 0.0016497783362865448
2024-01-18 11:55:16 | TRACE   | query_time, 0.0020695459097623825
2024-01-18 11:55:16 | TRACE   | query_time, 0.002104518935084343
2024-01-18 11:55:16 | TRACE   | query_time, 0.0020810067653656006
2024-01-18 11:55:16 | TRACE   | query_time, 0.0021051447838544846
2024-01-18 11:55:16 | TRACE   | query_time, 0.002130182459950447
2024-01-18 11:55:16 | TRACE   | query_time, 0.002040695399045944
2024-01-18 11:55:16 | TRACE   | query_time, 0.0020325463265180588
2024-01-18 11:55:16 | TRACE   | query_time, 0.0016029328107833862
2024-01-18 11:55:16 | TRACE   | query_time, 0.0006011929363012314
2024-01-18 11:55:16 | TRACE   | query_time, 0.0006107315421104431
2024-01-18 11:55:16 | TRACE   | query_time, 0.001633891835808754
2024-01-18 11:55:16 | TRACE   | query_time, 0.002042612060904503
2024-01-18 11:55:16 | TRACE   | query_time, 0.002029096707701683
2024-01-18 11:55:16 | TRACE   | query_time, 0.0020312853157520294
2024-01-18 11:55:16 | TRACE   | query_time, 0.0020838677883148193
2024-01-18 11:55:16 | TRACE   | query_time, 0.001988578587770462
2024-01-18 11:55:16 | TRACE   | query_time, 0.0020508430898189545
2024-01-18 11:55:16 | TRACE   | query_time, 0.002045372501015663
2024-01-18 11:55:16 | TRACE   | query_time, 0.002145940437912941
2024-01-18 11:55:16 | TRACE   | query_time, 0.000983215868473053
2024-01-18 11:55:16 | TRACE   | query_time, 0.0006911959499120712
2024-01-18 11:55:16 | TRACE   | query_time, 0.0006621945649385452
2024-01-18 11:55:16 | TRACE   | query_time, 0.0006586574018001556
2024-01-18 11:55:16 | TRACE   | query_time, 0.0016846433281898499
2024-01-18 11:55:16 | TRACE   | query_time, 0.0005703940987586975
2024-01-18 11:55:16 | TRACE   | query_time, 0.0008338838815689087
2024-01-18 11:55:16 | TRACE   | query_time, 0.00212884321808815
2024-01-18 11:55:16 | TRACE   | query_time, 0.0020978767424821854
2024-01-18 11:55:16 | TRACE   | query_time, 0.0020620375871658325
2024-01-18 11:55:16 | TRACE   | query_time, 0.0020447969436645508
2024-01-18 11:55:16 | TRACE   | query_time, 0.002009749412536621
2024-01-18 11:55:16 | TRACE   | query_time, 0.0020439717918634415
2024-01-18 11:55:16 | TRACE   | query_time, 0.0020268168300390244
2024-01-18 11:55:16 | TRACE   | query_time, 0.0007914230227470398
2024-01-18 11:55:16 | TRACE   | query_time, 0.0005909614264965057
2024-01-18 11:55:16 | TRACE   | query_time, 0.0005797669291496277
2024-01-18 11:55:16 | TRACE   | query_time, 0.0007908567786216736
2024-01-18 11:55:16 | TRACE   | query_time, 0.0020908527076244354
2024-01-18 11:55:16 | TRACE   | query_time, 0.0020221322774887085
2024-01-18 11:55:16 | TRACE   | query_time, 0.0020441561937332153
2024-01-18 11:55:16 | TRACE   | query_time, 0.0020337365567684174
2024-01-18 11:55:16 | TRACE   | query_time, 0.0020409580320119858
2024-01-18 11:55:16 | TRACE   | query_time, 0.001988351345062256
2024-01-18 11:55:16 | TRACE   | query_time, 0.0020827632397413254
2024-01-18 11:55:16 | TRACE   | query_time, 0.002077220007777214
2024-01-18 11:55:16 | TRACE   | query_time, 0.0020056776702404022
