2024-01-18 09:44:27 | DEBUG   | {'input': PosixPath('data/sportstables/indices/runtime_benchmark/rebinning.zst'), 'input_type': 'index', 'queries': PosixPath('data/sportstables/queries/runtime_benchmark.zst'), 'estimation_mode': None, 'index_mode': 'recall', 'output': None, 'workers': None, 'frequency_hists': False, 'suppress_results': True, 'log_level': 'INFO', 'log_file': PosixPath('logs/runtime_benchmark/execution/sportstables-collection-rebinning-single_suppressed-1.log')}
2024-01-18 09:44:27 | DEBUG   | Loading input data from data/sportstables/indices/runtime_benchmark/rebinning.zst
2024-01-18 09:44:27 | DEBUG   | Loading queries from data/sportstables/queries/runtime_benchmark.zst
2024-01-18 09:44:27 | DEBUG   | Starting execution
2024-01-18 09:44:27 | TRACE   | query_time, 0.0003605913370847702
2024-01-18 09:44:27 | TRACE   | query_time, 0.00022590532898902893
2024-01-18 09:44:27 | TRACE   | query_time, 0.0002162456512451172
2024-01-18 09:44:27 | TRACE   | query_time, 0.0001866612583398819
2024-01-18 09:44:27 | TRACE   | query_time, 0.00016401708126068115
2024-01-18 09:44:27 | TRACE   | query_time, 0.00012942403554916382
2024-01-18 09:44:27 | TRACE   | query_time, 0.00012912042438983917
2024-01-18 09:44:27 | TRACE   | query_time, 0.0002361498773097992
2024-01-18 09:44:27 | TRACE   | query_time, 0.00018503516912460327
2024-01-18 09:44:27 | TRACE   | query_time, 0.00018511898815631866
2024-01-18 09:44:27 | TRACE   | query_time, 0.0002156682312488556
2024-01-18 09:44:27 | TRACE   | query_time, 0.00021418742835521698
2024-01-18 09:44:27 | TRACE   | query_time, 0.00017109699547290802
2024-01-18 09:44:27 | TRACE   | query_time, 0.0001292005181312561
2024-01-18 09:44:27 | TRACE   | query_time, 0.00021553412079811096
2024-01-18 09:44:27 | TRACE   | query_time, 0.00023090466856956482
2024-01-18 09:44:27 | TRACE   | query_time, 0.00021902285516262054
2024-01-18 09:44:27 | TRACE   | query_time, 0.000184500589966774
2024-01-18 09:44:27 | TRACE   | query_time, 0.0002173054963350296
2024-01-18 09:44:27 | TRACE   | query_time, 0.00021441467106342316
2024-01-18 09:44:27 | TRACE   | query_time, 0.00021591037511825562
2024-01-18 09:44:27 | TRACE   | query_time, 0.0002145729959011078
2024-01-18 09:44:27 | TRACE   | query_time, 0.00018555298447608948
2024-01-18 09:44:27 | TRACE   | query_time, 0.0001311730593442917
2024-01-18 09:44:27 | TRACE   | query_time, 0.000128844752907753
2024-01-18 09:44:27 | TRACE   | query_time, 0.0001845620572566986
2024-01-18 09:44:27 | TRACE   | query_time, 0.00022405758500099182
2024-01-18 09:44:27 | TRACE   | query_time, 0.00021535344421863556
2024-01-18 09:44:27 | TRACE   | query_time, 0.00021394900977611542
2024-01-18 09:44:27 | TRACE   | query_time, 0.0002151988446712494
2024-01-18 09:44:27 | TRACE   | query_time, 0.00018347427248954773
2024-01-18 09:44:27 | TRACE   | query_time, 0.00021442025899887085
2024-01-18 09:44:27 | TRACE   | query_time, 0.00021400488913059235
2024-01-18 09:44:27 | TRACE   | query_time, 0.00021384656429290771
2024-01-18 09:44:27 | TRACE   | query_time, 0.00021456368267536163
2024-01-18 09:44:27 | TRACE   | query_time, 0.00021289102733135223
2024-01-18 09:44:27 | TRACE   | query_time, 0.0002135876566171646
2024-01-18 09:44:27 | TRACE   | query_time, 0.00021465495228767395
2024-01-18 09:44:27 | TRACE   | query_time, 0.00021252408623695374
2024-01-18 09:44:27 | TRACE   | query_time, 0.00018129311501979828
2024-01-18 09:44:27 | TRACE   | query_time, 0.00016540847718715668
2024-01-18 09:44:27 | TRACE   | query_time, 0.0001282021403312683
2024-01-18 09:44:27 | TRACE   | query_time, 0.00012667477130889893
2024-01-18 09:44:27 | TRACE   | query_time, 0.0001291278749704361
2024-01-18 09:44:27 | TRACE   | query_time, 0.00023363903164863586
2024-01-18 09:44:27 | TRACE   | query_time, 0.0002299100160598755
2024-01-18 09:44:27 | TRACE   | query_time, 0.00021417997777462006
2024-01-18 09:44:27 | TRACE   | query_time, 0.00018264725804328918
2024-01-18 09:44:27 | TRACE   | query_time, 0.00022604875266551971
2024-01-18 09:44:27 | TRACE   | query_time, 0.00021435506641864777
2024-01-18 09:44:27 | TRACE   | query_time, 0.000211445614695549
2024-01-18 09:44:27 | TRACE   | query_time, 0.0001829843968153
2024-01-18 09:44:27 | TRACE   | query_time, 0.00021528825163841248
2024-01-18 09:44:27 | TRACE   | query_time, 0.000230276957154274
2024-01-18 09:44:27 | TRACE   | query_time, 0.00021381303668022156
2024-01-18 09:44:27 | TRACE   | query_time, 0.00021255388855934143
2024-01-18 09:44:27 | TRACE   | query_time, 0.00015902146697044373
2024-01-18 09:44:27 | TRACE   | query_time, 0.00012844614684581757
2024-01-18 09:44:27 | TRACE   | query_time, 0.00015810318291187286
2024-01-18 09:44:27 | TRACE   | query_time, 0.0002172812819480896
2024-01-18 09:44:27 | TRACE   | query_time, 0.0001835860311985016
2024-01-18 09:44:27 | TRACE   | query_time, 0.00021155551075935364
2024-01-18 09:44:27 | TRACE   | query_time, 0.00022566132247447968
2024-01-18 09:44:27 | TRACE   | query_time, 0.00024456530809402466
2024-01-18 09:44:27 | TRACE   | query_time, 0.00021127983927726746
2024-01-18 09:44:27 | TRACE   | query_time, 0.00018237531185150146
2024-01-18 09:44:27 | TRACE   | query_time, 0.00021273083984851837
2024-01-18 09:44:27 | TRACE   | query_time, 0.00021919794380664825
2024-01-18 09:44:27 | TRACE   | query_time, 0.000210590660572052
2024-01-18 09:44:27 | TRACE   | query_time, 0.00020948611199855804
2024-01-18 09:44:27 | TRACE   | query_time, 0.00021266378462314606
2024-01-18 09:44:27 | TRACE   | query_time, 0.00024216249585151672
2024-01-18 09:44:27 | TRACE   | query_time, 0.00021017342805862427
2024-01-18 09:44:27 | TRACE   | query_time, 0.00021292082965373993
2024-01-18 09:44:27 | TRACE   | query_time, 0.00021131522953510284
2024-01-18 09:44:27 | TRACE   | query_time, 0.00012887269258499146
2024-01-18 09:44:27 | TRACE   | query_time, 0.0001579616218805313
2024-01-18 09:44:27 | TRACE   | query_time, 0.00020952150225639343
2024-01-18 09:44:27 | TRACE   | query_time, 0.00019897893071174622
2024-01-18 09:44:27 | TRACE   | query_time, 0.00021209195256233215
2024-01-18 09:44:27 | TRACE   | query_time, 0.00022605247795581818
2024-01-18 09:44:27 | TRACE   | query_time, 0.00023580528795719147
2024-01-18 09:44:27 | TRACE   | query_time, 0.0002127327024936676
2024-01-18 09:44:27 | TRACE   | query_time, 0.000208316370844841
2024-01-18 09:44:27 | TRACE   | query_time, 0.0002075769007205963
2024-01-18 09:44:27 | TRACE   | query_time, 0.00021005421876907349
2024-01-18 09:44:27 | TRACE   | query_time, 0.0002081841230392456
2024-01-18 09:44:27 | TRACE   | query_time, 0.00024104490876197815
2024-01-18 09:44:27 | TRACE   | query_time, 0.00020971707999706268
2024-01-18 09:44:27 | TRACE   | query_time, 0.00021143443882465363
2024-01-18 09:44:27 | TRACE   | query_time, 0.0001290794461965561
2024-01-18 09:44:27 | TRACE   | query_time, 0.0002309996634721756
2024-01-18 09:44:27 | TRACE   | query_time, 0.00022791139781475067
2024-01-18 09:44:27 | TRACE   | query_time, 0.00021420978009700775
2024-01-18 09:44:27 | TRACE   | query_time, 0.0002388153225183487
2024-01-18 09:44:27 | TRACE   | query_time, 0.00021176785230636597
2024-01-18 09:44:27 | TRACE   | query_time, 0.00021113082766532898
2024-01-18 09:44:27 | TRACE   | query_time, 0.00021447241306304932
2024-01-18 09:44:27 | TRACE   | query_time, 0.00021354667842388153
2024-01-18 09:44:27 | TRACE   | query_time, 0.00021084211766719818
2024-01-18 09:44:27 | TRACE   | query_time, 0.00020946934819221497
2024-01-18 09:44:27 | TRACE   | query_time, 0.00021109916269779205
2024-01-18 09:44:27 | TRACE   | query_time, 0.00021196529269218445
2024-01-18 09:44:27 | TRACE   | query_time, 0.000212082639336586
2024-01-18 09:44:27 | TRACE   | query_time, 0.00024065561592578888
2024-01-18 09:44:27 | TRACE   | query_time, 0.00021117925643920898
2024-01-18 09:44:27 | TRACE   | query_time, 0.00023861229419708252
2024-01-18 09:44:27 | TRACE   | query_time, 0.0002196226269006729
2024-01-18 09:44:27 | TRACE   | query_time, 0.00021235458552837372
2024-01-18 09:44:27 | TRACE   | query_time, 0.0002138335257768631
2024-01-18 09:44:27 | TRACE   | query_time, 0.00019585713744163513
2024-01-18 09:44:27 | TRACE   | query_time, 0.00020917505025863647
2024-01-18 09:44:27 | TRACE   | query_time, 0.00018147751688957214
2024-01-18 09:44:27 | TRACE   | query_time, 0.0002100914716720581
2024-01-18 09:44:27 | TRACE   | query_time, 0.00020897015929222107
2024-01-18 09:44:27 | TRACE   | query_time, 0.00020939484238624573
2024-01-18 09:44:27 | TRACE   | query_time, 0.00022849254310131073
2024-01-18 09:44:27 | TRACE   | query_time, 0.00020843371748924255
2024-01-18 09:44:27 | TRACE   | query_time, 0.00020829588174819946
2024-01-18 09:44:27 | TRACE   | query_time, 0.000128941610455513
2024-01-18 09:44:27 | TRACE   | query_time, 0.00015542283654212952
2024-01-18 09:44:27 | TRACE   | query_time, 0.00019636936485767365
2024-01-18 09:44:27 | TRACE   | query_time, 0.0002245493233203888
2024-01-18 09:44:27 | TRACE   | query_time, 0.00021223537623882294
2024-01-18 09:44:27 | TRACE   | query_time, 0.00022681988775730133
2024-01-18 09:44:27 | TRACE   | query_time, 0.00023805350065231323
2024-01-18 09:44:27 | TRACE   | query_time, 0.0002242308109998703
2024-01-18 09:44:27 | TRACE   | query_time, 0.00021067634224891663
2024-01-18 09:44:27 | TRACE   | query_time, 0.00017975643277168274
2024-01-18 09:44:27 | TRACE   | query_time, 0.00020939111709594727
2024-01-18 09:44:27 | TRACE   | query_time, 0.00022765807807445526
2024-01-18 09:44:27 | TRACE   | query_time, 0.0002269931137561798
2024-01-18 09:44:27 | TRACE   | query_time, 0.00020885467529296875
2024-01-18 09:44:27 | TRACE   | query_time, 0.0002088882029056549
2024-01-18 09:44:27 | TRACE   | query_time, 0.0002140197902917862
2024-01-18 09:44:27 | TRACE   | query_time, 0.00022524967789649963
2024-01-18 09:44:27 | TRACE   | query_time, 0.00023921020328998566
2024-01-18 09:44:27 | TRACE   | query_time, 0.00021086819469928741
2024-01-18 09:44:27 | TRACE   | query_time, 0.0002111867070198059
2024-01-18 09:44:27 | TRACE   | query_time, 0.00021052919328212738
2024-01-18 09:44:27 | TRACE   | query_time, 0.00021063163876533508
2024-01-18 09:44:27 | TRACE   | query_time, 0.0002271495759487152
2024-01-18 09:44:27 | TRACE   | query_time, 0.00012811832129955292
2024-01-18 09:44:27 | TRACE   | query_time, 0.00023087486624717712
2024-01-18 09:44:27 | TRACE   | query_time, 0.0002338215708732605
2024-01-18 09:44:27 | TRACE   | query_time, 0.00021274946630001068
2024-01-18 09:44:27 | TRACE   | query_time, 0.00018161721527576447
2024-01-18 09:44:27 | TRACE   | query_time, 0.00022970139980316162
2024-01-18 09:44:27 | TRACE   | query_time, 0.0002272520214319229
2024-01-18 09:44:27 | TRACE   | query_time, 0.00022378377616405487
2024-01-18 09:44:27 | TRACE   | query_time, 0.00021094270050525665
2024-01-18 09:44:27 | TRACE   | query_time, 0.0002103131264448166
2024-01-18 09:44:27 | TRACE   | query_time, 0.00022765621542930603
2024-01-18 09:44:27 | TRACE   | query_time, 0.0002088155597448349
2024-01-18 09:44:27 | TRACE   | query_time, 0.00022679008543491364
2024-01-18 09:44:27 | TRACE   | query_time, 0.00020901672542095184
2024-01-18 09:44:27 | TRACE   | query_time, 0.0002097301185131073
2024-01-18 09:44:27 | TRACE   | query_time, 0.00023937039077281952
2024-01-18 09:44:27 | TRACE   | query_time, 0.00020901672542095184
2024-01-18 09:44:27 | TRACE   | query_time, 0.00021016784012317657
2024-01-18 09:44:27 | TRACE   | query_time, 0.00023109838366508484
2024-01-18 09:44:27 | TRACE   | query_time, 0.00022885762155056
2024-01-18 09:44:27 | TRACE   | query_time, 0.0002109333872795105
2024-01-18 09:44:27 | TRACE   | query_time, 0.00022703595459461212
2024-01-18 09:44:27 | TRACE   | query_time, 0.00022677890956401825
2024-01-18 09:44:27 | TRACE   | query_time, 0.00012845546007156372
2024-01-18 09:44:27 | TRACE   | query_time, 0.00012807734310626984
2024-01-18 09:44:27 | TRACE   | query_time, 0.0002323482185602188
2024-01-18 09:44:27 | TRACE   | query_time, 0.00018213875591754913
2024-01-18 09:44:27 | TRACE   | query_time, 0.00021176040172576904
2024-01-18 09:44:27 | TRACE   | query_time, 0.00020740553736686707
2024-01-18 09:44:27 | TRACE   | query_time, 0.00018056295812129974
2024-01-18 09:44:27 | TRACE   | query_time, 0.00021164864301681519
2024-01-18 09:44:27 | TRACE   | query_time, 0.00023656710982322693
2024-01-18 09:44:27 | TRACE   | query_time, 0.00021186843514442444
2024-01-18 09:44:27 | TRACE   | query_time, 0.0002109929919242859
2024-01-18 09:44:27 | TRACE   | query_time, 0.0002276841551065445
2024-01-18 09:44:27 | TRACE   | query_time, 0.00021000951528549194
2024-01-18 09:44:27 | TRACE   | query_time, 0.00021122395992279053
2024-01-18 09:44:27 | TRACE   | query_time, 0.00021149776875972748
2024-01-18 09:44:27 | TRACE   | query_time, 0.0002261195331811905
2024-01-18 09:44:27 | TRACE   | query_time, 0.00018103234469890594
2024-01-18 09:44:27 | TRACE   | query_time, 0.00015941448509693146
2024-01-18 09:44:27 | TRACE   | query_time, 0.00012739188969135284
2024-01-18 09:44:27 | TRACE   | query_time, 0.00022730231285095215
2024-01-18 09:44:27 | TRACE   | query_time, 0.00022518262267112732
2024-01-18 09:44:27 | TRACE   | query_time, 0.0001834966242313385
2024-01-18 09:44:27 | TRACE   | query_time, 0.00021287240087985992
2024-01-18 09:44:27 | TRACE   | query_time, 0.00021002814173698425
2024-01-18 09:44:27 | TRACE   | query_time, 0.00018080882728099823
2024-01-18 09:44:27 | TRACE   | query_time, 0.0002275574952363968
2024-01-18 09:44:27 | TRACE   | query_time, 0.00020853988826274872
2024-01-18 09:44:27 | TRACE   | query_time, 0.00023851171135902405
2024-01-18 09:44:27 | TRACE   | query_time, 0.0002109333872795105
2024-01-18 09:44:27 | TRACE   | query_time, 0.00021085701882839203
2024-01-18 09:44:27 | TRACE   | query_time, 0.00020896270871162415
2024-01-18 09:44:27 | TRACE   | query_time, 0.0001811552792787552
2024-01-18 09:44:27 | TRACE   | query_time, 0.00012893415987491608
2024-01-18 09:44:27 | TRACE   | query_time, 0.00021156109869480133
2024-01-18 09:44:27 | TRACE   | query_time, 0.00021055899560451508
2024-01-18 09:44:27 | TRACE   | query_time, 0.00019297003746032715
2024-01-18 09:44:27 | TRACE   | query_time, 0.00022574514150619507
2024-01-18 09:44:27 | TRACE   | query_time, 0.00022706761956214905
2024-01-18 09:44:27 | TRACE   | query_time, 0.00020653754472732544
2024-01-18 09:44:27 | TRACE   | query_time, 0.00020864233374595642
2024-01-18 09:44:27 | TRACE   | query_time, 0.0002578720450401306
2024-01-18 09:44:27 | TRACE   | query_time, 0.00020951218903064728
2024-01-18 09:44:27 | TRACE   | query_time, 0.00022368691861629486
2024-01-18 09:44:27 | TRACE   | query_time, 0.00023916177451610565
2024-01-18 09:44:27 | TRACE   | query_time, 0.00022764690220355988
2024-01-18 09:44:27 | TRACE   | query_time, 0.0002563539892435074
2024-01-18 09:44:27 | TRACE   | query_time, 0.00020910240709781647
2024-01-18 09:44:27 | TRACE   | query_time, 0.0002100728452205658
2024-01-18 09:44:27 | TRACE   | query_time, 0.00026752054691314697
2024-01-18 09:44:27 | TRACE   | query_time, 0.00018076784908771515
2024-01-18 09:44:27 | TRACE   | query_time, 0.00012808293104171753
2024-01-18 09:44:27 | TRACE   | query_time, 0.0002315770834684372
2024-01-18 09:44:27 | TRACE   | query_time, 0.000210469588637352
2024-01-18 09:44:27 | TRACE   | query_time, 0.00022696331143379211
2024-01-18 09:44:27 | TRACE   | query_time, 0.00021061673760414124
2024-01-18 09:44:27 | TRACE   | query_time, 0.00022675096988677979
2024-01-18 09:44:27 | TRACE   | query_time, 0.000241745263338089
2024-01-18 09:44:27 | TRACE   | query_time, 0.00021210312843322754
2024-01-18 09:44:27 | TRACE   | query_time, 0.00021103769540786743
2024-01-18 09:44:27 | TRACE   | query_time, 0.00025697238743305206
2024-01-18 09:44:27 | TRACE   | query_time, 0.00021087750792503357
2024-01-18 09:44:27 | TRACE   | query_time, 0.00021625496447086334
2024-01-18 09:44:27 | TRACE   | query_time, 0.0002583395689725876
2024-01-18 09:44:27 | TRACE   | query_time, 0.00022652186453342438
2024-01-18 09:44:27 | TRACE   | query_time, 0.0002104099839925766
2024-01-18 09:44:27 | TRACE   | query_time, 0.00015704892575740814
2024-01-18 09:44:27 | TRACE   | query_time, 0.00012839585542678833
2024-01-18 09:44:27 | TRACE   | query_time, 0.00022576376795768738
2024-01-18 09:44:27 | TRACE   | query_time, 0.000180710107088089
2024-01-18 09:44:27 | TRACE   | query_time, 0.00018170662224292755
2024-01-18 09:44:27 | TRACE   | query_time, 0.00021144747734069824
2024-01-18 09:44:27 | TRACE   | query_time, 0.00018044747412204742
2024-01-18 09:44:27 | TRACE   | query_time, 0.0002732742577791214
2024-01-18 09:44:27 | TRACE   | query_time, 0.000226534903049469
2024-01-18 09:44:27 | TRACE   | query_time, 0.00023607350885868073
2024-01-18 09:44:27 | TRACE   | query_time, 0.00021054409444332123
2024-01-18 09:44:27 | TRACE   | query_time, 0.00021133571863174438
2024-01-18 09:44:27 | TRACE   | query_time, 0.00022556819021701813
2024-01-18 09:44:27 | TRACE   | query_time, 0.00020855851471424103
2024-01-18 09:44:27 | TRACE   | query_time, 0.00025331415235996246
2024-01-18 09:44:27 | TRACE   | query_time, 0.00021013058722019196
2024-01-18 09:44:27 | TRACE   | query_time, 0.00022516585886478424
2024-01-18 09:44:27 | TRACE   | query_time, 0.00015742890536785126
2024-01-18 09:44:27 | TRACE   | query_time, 0.00021346285939216614
2024-01-18 09:44:27 | TRACE   | query_time, 0.00018272362649440765
2024-01-18 09:44:27 | TRACE   | query_time, 0.00019546039402484894
2024-01-18 09:44:27 | TRACE   | query_time, 0.00023538991808891296
2024-01-18 09:44:27 | TRACE   | query_time, 0.00021754391491413116
2024-01-18 09:44:27 | TRACE   | query_time, 0.0002091638743877411
2024-01-18 09:44:27 | TRACE   | query_time, 0.0002262108027935028
2024-01-18 09:44:27 | TRACE   | query_time, 0.0002101641148328781
2024-01-18 09:44:27 | TRACE   | query_time, 0.00018053874373435974
2024-01-18 09:44:27 | TRACE   | query_time, 0.0002880450338125229
2024-01-18 09:44:27 | TRACE   | query_time, 0.00021011009812355042
2024-01-18 09:44:27 | TRACE   | query_time, 0.00020880624651908875
2024-01-18 09:44:27 | TRACE   | query_time, 0.0002254396677017212
2024-01-18 09:44:27 | TRACE   | query_time, 0.00021157041192054749
2024-01-18 09:44:27 | TRACE   | query_time, 0.0002094954252243042
2024-01-18 09:44:27 | TRACE   | query_time, 0.00021174177527427673
2024-01-18 09:44:27 | TRACE   | query_time, 0.00022800639271736145
2024-01-18 09:44:27 | TRACE   | query_time, 0.00012777559459209442
2024-01-18 09:44:27 | TRACE   | query_time, 0.0002101324498653412
2024-01-18 09:44:27 | TRACE   | query_time, 0.0001813899725675583
2024-01-18 09:44:27 | TRACE   | query_time, 0.00021067634224891663
2024-01-18 09:44:27 | TRACE   | query_time, 0.0001938696950674057
2024-01-18 09:44:27 | TRACE   | query_time, 0.00020971335470676422
2024-01-18 09:44:27 | TRACE   | query_time, 0.00021161511540412903
2024-01-18 09:44:27 | TRACE   | query_time, 0.00020996108651161194
2024-01-18 09:44:27 | TRACE   | query_time, 0.00021040625870227814
2024-01-18 09:44:27 | TRACE   | query_time, 0.00020837411284446716
2024-01-18 09:44:27 | TRACE   | query_time, 0.0002271849662065506
2024-01-18 09:44:27 | TRACE   | query_time, 0.00023955106735229492
2024-01-18 09:44:27 | TRACE   | query_time, 0.00023742206394672394
2024-01-18 09:44:27 | TRACE   | query_time, 0.0002377033233642578
2024-01-18 09:44:27 | TRACE   | query_time, 0.00021154806017875671
2024-01-18 09:44:27 | TRACE   | query_time, 0.00022819451987743378
2024-01-18 09:44:27 | TRACE   | query_time, 0.00015586614608764648
2024-01-18 09:44:27 | TRACE   | query_time, 0.000209929421544075
2024-01-18 09:44:27 | TRACE   | query_time, 0.00023763440549373627
2024-01-18 09:44:27 | TRACE   | query_time, 0.00020799040794372559
2024-01-18 09:44:27 | TRACE   | query_time, 0.00021094642579555511
2024-01-18 09:44:27 | TRACE   | query_time, 0.00020937249064445496
2024-01-18 09:44:27 | TRACE   | query_time, 0.00020986981689929962
2024-01-18 09:44:27 | TRACE   | query_time, 0.00027213990688323975
2024-01-18 09:44:27 | TRACE   | query_time, 0.00020992569625377655
2024-01-18 09:44:27 | TRACE   | query_time, 0.00020982883870601654
2024-01-18 09:44:27 | TRACE   | query_time, 0.00020898878574371338
2024-01-18 09:44:27 | TRACE   | query_time, 0.00025552883744239807
2024-01-18 09:44:27 | TRACE   | query_time, 0.0002102535218000412
2024-01-18 09:44:27 | TRACE   | query_time, 0.00020907260477542877
2024-01-18 09:44:27 | TRACE   | query_time, 0.00022389180958271027
2024-01-18 09:44:27 | TRACE   | query_time, 0.00022663921117782593
2024-01-18 09:44:27 | TRACE   | query_time, 0.00023878365755081177
2024-01-18 09:44:27 | TRACE   | query_time, 0.00023907236754894257
2024-01-18 09:44:27 | TRACE   | query_time, 0.0002564042806625366
2024-01-18 09:44:27 | TRACE   | query_time, 0.00021041184663772583
2024-01-18 09:44:27 | TRACE   | query_time, 0.0002275574952363968
2024-01-18 09:44:27 | TRACE   | query_time, 0.00020922720432281494
2024-01-18 09:44:27 | TRACE   | query_time, 0.00023046322166919708
2024-01-18 09:44:27 | TRACE   | query_time, 0.00023238733410835266
2024-01-18 09:44:27 | TRACE   | query_time, 0.0002732370048761368
2024-01-18 09:44:27 | TRACE   | query_time, 0.00017976388335227966
2024-01-18 09:44:27 | TRACE   | query_time, 0.00012855231761932373
2024-01-18 09:44:27 | TRACE   | query_time, 0.00015696510672569275
2024-01-18 09:44:27 | TRACE   | query_time, 0.0002102479338645935
2024-01-18 09:44:27 | TRACE   | query_time, 0.00018117204308509827
2024-01-18 09:44:27 | TRACE   | query_time, 0.00020940788090229034
2024-01-18 09:44:27 | TRACE   | query_time, 0.00019582174718379974
2024-01-18 09:44:27 | TRACE   | query_time, 0.00023924373090267181
2024-01-18 09:44:27 | TRACE   | query_time, 0.0002711247652769089
2024-01-18 09:44:27 | TRACE   | query_time, 0.00020974501967430115
2024-01-18 09:44:27 | TRACE   | query_time, 0.000286078080534935
2024-01-18 09:44:27 | TRACE   | query_time, 0.0002622567117214203
2024-01-18 09:44:27 | TRACE   | query_time, 0.0002093389630317688
2024-01-18 09:44:27 | TRACE   | query_time, 0.00021095946431159973
2024-01-18 09:44:27 | TRACE   | query_time, 0.00022677145898342133
2024-01-18 09:44:27 | TRACE   | query_time, 0.00022547878324985504
2024-01-18 09:44:27 | TRACE   | query_time, 0.00030295178294181824
2024-01-18 09:44:27 | TRACE   | query_time, 0.00022589229047298431
2024-01-18 09:44:27 | TRACE   | query_time, 0.0002543646842241287
2024-01-18 09:44:27 | TRACE   | query_time, 0.0002115648239850998
2024-01-18 09:44:27 | TRACE   | query_time, 0.00020887888967990875
2024-01-18 09:44:27 | TRACE   | query_time, 0.00022627227008342743
2024-01-18 09:44:27 | TRACE   | query_time, 0.00022704340517520905
2024-01-18 09:44:27 | TRACE   | query_time, 0.00012834370136260986
2024-01-18 09:44:27 | TRACE   | query_time, 0.00013495609164237976
2024-01-18 09:44:27 | TRACE   | query_time, 0.0001268964260816574
2024-01-18 09:44:27 | TRACE   | query_time, 0.00023135170340538025
2024-01-18 09:44:27 | TRACE   | query_time, 0.0002106800675392151
2024-01-18 09:44:27 | TRACE   | query_time, 0.0008307658135890961
2024-01-18 09:44:27 | TRACE   | query_time, 0.0003519915044307709
2024-01-18 09:44:27 | TRACE   | query_time, 0.00024123862385749817
2024-01-18 09:44:27 | TRACE   | query_time, 0.000380171462893486
2024-01-18 09:44:27 | TRACE   | query_time, 0.00021090544760227203
2024-01-18 09:44:27 | TRACE   | query_time, 0.00021020136773586273
2024-01-18 09:44:27 | TRACE   | query_time, 0.00021833740174770355
2024-01-18 09:44:27 | TRACE   | query_time, 0.00022745877504348755
2024-01-18 09:44:27 | TRACE   | query_time, 0.0002109818160533905
2024-01-18 09:44:27 | TRACE   | query_time, 0.0002384539693593979
2024-01-18 09:44:27 | TRACE   | query_time, 0.00022600404918193817
2024-01-18 09:44:27 | TRACE   | query_time, 0.0003377571702003479
2024-01-18 09:44:27 | TRACE   | query_time, 0.00031937845051288605
2024-01-18 09:44:27 | TRACE   | query_time, 0.00021295621991157532
2024-01-18 09:44:27 | TRACE   | query_time, 0.0006732866168022156
2024-01-18 09:44:27 | TRACE   | query_time, 0.0008088015019893646
2024-01-18 09:44:27 | TRACE   | query_time, 0.0004459712654352188
2024-01-18 09:44:27 | TRACE   | query_time, 0.0004562642425298691
2024-01-18 09:44:27 | TRACE   | query_time, 0.0007154904305934906
2024-01-18 09:44:27 | TRACE   | query_time, 0.0005202349275350571
2024-01-18 09:44:27 | TRACE   | query_time, 0.0002732314169406891
2024-01-18 09:44:27 | TRACE   | query_time, 0.00023888610303401947
2024-01-18 09:44:27 | TRACE   | query_time, 0.0005698408931493759
2024-01-18 09:44:27 | TRACE   | query_time, 0.00022897683084011078
2024-01-18 09:44:27 | TRACE   | query_time, 0.00023913197219371796
2024-01-18 09:44:27 | TRACE   | query_time, 0.00029978156089782715
2024-01-18 09:44:27 | TRACE   | query_time, 0.00022612698376178741
2024-01-18 09:44:27 | TRACE   | query_time, 0.00033483654260635376
2024-01-18 09:44:27 | TRACE   | query_time, 0.00023831985890865326
2024-01-18 09:44:27 | TRACE   | query_time, 0.000230276957154274
2024-01-18 09:44:27 | TRACE   | query_time, 0.0002238042652606964
2024-01-18 09:44:27 | TRACE   | query_time, 0.0006326083093881607
2024-01-18 09:44:27 | TRACE   | query_time, 0.00044465065002441406
2024-01-18 09:44:27 | TRACE   | query_time, 0.0004287194460630417
2024-01-18 09:44:27 | TRACE   | query_time, 0.0004154238849878311
2024-01-18 09:44:27 | TRACE   | query_time, 0.00027405843138694763
2024-01-18 09:44:27 | TRACE   | query_time, 0.00022529810667037964
2024-01-18 09:44:27 | TRACE   | query_time, 0.00024067983031272888
2024-01-18 09:44:27 | TRACE   | query_time, 0.00022806599736213684
2024-01-18 09:44:27 | TRACE   | query_time, 0.00036110542714595795
2024-01-18 09:44:27 | TRACE   | query_time, 0.00031618960201740265
2024-01-18 09:44:27 | TRACE   | query_time, 0.00022620148956775665
2024-01-18 09:44:27 | TRACE   | query_time, 0.0006691087037324905
2024-01-18 09:44:27 | TRACE   | query_time, 0.0006172247231006622
2024-01-18 09:44:27 | TRACE   | query_time, 0.000708138570189476
2024-01-18 09:44:27 | TRACE   | query_time, 0.00022673793137073517
2024-01-18 09:44:27 | TRACE   | query_time, 0.0002267453819513321
2024-01-18 09:44:27 | TRACE   | query_time, 0.00022647902369499207
2024-01-18 09:44:27 | TRACE   | query_time, 0.00034584105014801025
2024-01-18 09:44:27 | TRACE   | query_time, 0.00034463778138160706
2024-01-18 09:44:27 | TRACE   | query_time, 0.00032445043325424194
2024-01-18 09:44:27 | TRACE   | query_time, 0.000687992200255394
2024-01-18 09:44:27 | TRACE   | query_time, 0.00048248283565044403
2024-01-18 09:44:27 | TRACE   | query_time, 0.00022667646408081055
2024-01-18 09:44:27 | TRACE   | query_time, 0.0006240773946046829
2024-01-18 09:44:27 | TRACE   | query_time, 0.0004536714404821396
2024-01-18 09:44:27 | TRACE   | query_time, 0.0006250925362110138
2024-01-18 09:44:27 | TRACE   | query_time, 0.0005483757704496384
2024-01-18 09:44:27 | TRACE   | query_time, 0.0006858352571725845
2024-01-18 09:44:27 | TRACE   | query_time, 0.00027448870241642
2024-01-18 09:44:27 | TRACE   | query_time, 0.00046620890498161316
2024-01-18 09:44:27 | TRACE   | query_time, 0.0005864165723323822
2024-01-18 09:44:27 | TRACE   | query_time, 0.0003024674952030182
2024-01-18 09:44:27 | TRACE   | query_time, 0.00023999810218811035
2024-01-18 09:44:27 | TRACE   | query_time, 0.00033334270119667053
2024-01-18 09:44:27 | TRACE   | query_time, 0.00023977085947990417
2024-01-18 09:44:27 | TRACE   | query_time, 0.00022842921316623688
2024-01-18 09:44:27 | TRACE   | query_time, 0.0007069706916809082
2024-01-18 09:44:27 | TRACE   | query_time, 0.00044184550642967224
2024-01-18 09:44:27 | TRACE   | query_time, 0.0005051344633102417
2024-01-18 09:44:27 | TRACE   | query_time, 0.0003892127424478531
2024-01-18 09:44:27 | TRACE   | query_time, 0.00022878870368003845
2024-01-18 09:44:27 | TRACE   | query_time, 0.00034622102975845337
2024-01-18 09:44:27 | TRACE   | query_time, 0.00027896463871002197
2024-01-18 09:44:27 | TRACE   | query_time, 0.00036239996552467346
2024-01-18 09:44:27 | TRACE   | query_time, 0.0003322456032037735
2024-01-18 09:44:27 | TRACE   | query_time, 0.00033048540353775024
2024-01-18 09:44:27 | TRACE   | query_time, 0.0003161616623401642
2024-01-18 09:44:27 | TRACE   | query_time, 0.00022785551846027374
2024-01-18 09:44:27 | TRACE   | query_time, 0.0004503615200519562
2024-01-18 09:44:27 | TRACE   | query_time, 0.0007955878973007202
2024-01-18 09:44:27 | TRACE   | query_time, 0.0004347674548625946
2024-01-18 09:44:27 | TRACE   | query_time, 0.000439964234828949
2024-01-18 09:44:27 | TRACE   | query_time, 0.000380856916308403
2024-01-18 09:44:27 | TRACE   | query_time, 0.0003930535167455673
2024-01-18 09:44:27 | TRACE   | query_time, 0.00040599703788757324
2024-01-18 09:44:27 | TRACE   | query_time, 0.0006147101521492004
2024-01-18 09:44:27 | TRACE   | query_time, 0.000703105702996254
2024-01-18 09:44:27 | TRACE   | query_time, 0.0005110986530780792
2024-01-18 09:44:27 | TRACE   | query_time, 0.0005826912820339203
2024-01-18 09:44:27 | TRACE   | query_time, 0.00022872164845466614
2024-01-18 09:44:27 | TRACE   | query_time, 0.0004625711590051651
2024-01-18 09:44:27 | TRACE   | query_time, 0.00034599006175994873
2024-01-18 09:44:27 | TRACE   | query_time, 0.00022627785801887512
2024-01-18 09:44:27 | TRACE   | query_time, 0.0006879400461912155
2024-01-18 09:44:27 | TRACE   | query_time, 0.00030240975320339203
2024-01-18 09:44:27 | TRACE   | query_time, 0.00033900700509548187
2024-01-18 09:44:27 | TRACE   | query_time, 0.00025621429085731506
2024-01-18 09:44:27 | TRACE   | query_time, 0.00022653117775917053
2024-01-18 09:44:27 | TRACE   | query_time, 0.0004792679101228714
2024-01-18 09:44:27 | TRACE   | query_time, 0.0007897820323705673
2024-01-18 09:44:27 | TRACE   | query_time, 0.00037927553057670593
2024-01-18 09:44:27 | TRACE   | query_time, 0.0004290025681257248
2024-01-18 09:44:27 | TRACE   | query_time, 0.0007139835506677628
2024-01-18 09:44:27 | TRACE   | query_time, 0.00041550397872924805
2024-01-18 09:44:27 | TRACE   | query_time, 0.0004055239260196686
2024-01-18 09:44:27 | TRACE   | query_time, 0.0005784947425127029
2024-01-18 09:44:27 | TRACE   | query_time, 0.00022639892995357513
2024-01-18 09:44:27 | TRACE   | query_time, 0.0003615487366914749
2024-01-18 09:44:27 | TRACE   | query_time, 0.0002713315188884735
2024-01-18 09:44:27 | TRACE   | query_time, 0.0005870889872312546
2024-01-18 09:44:27 | TRACE   | query_time, 0.0003472808748483658
2024-01-18 09:44:27 | TRACE   | query_time, 0.0003146529197692871
2024-01-18 09:44:27 | TRACE   | query_time, 0.000678500160574913
2024-01-18 09:44:27 | TRACE   | query_time, 0.00029851309955120087
2024-01-18 09:44:27 | TRACE   | query_time, 0.0002282019704580307
2024-01-18 09:44:27 | TRACE   | query_time, 0.0003316439688205719
2024-01-18 09:44:27 | TRACE   | query_time, 0.0002239234745502472
2024-01-18 09:44:27 | TRACE   | query_time, 0.0006575901061296463
2024-01-18 09:44:27 | TRACE   | query_time, 0.000632965937256813
2024-01-18 09:44:27 | TRACE   | query_time, 0.0004061032086610794
2024-01-18 09:44:27 | TRACE   | query_time, 0.0003654956817626953
2024-01-18 09:44:27 | TRACE   | query_time, 0.0005807951092720032
2024-01-18 09:44:27 | TRACE   | query_time, 0.00022753514349460602
2024-01-18 09:44:27 | TRACE   | query_time, 0.00027100369334220886
2024-01-18 09:44:27 | TRACE   | query_time, 0.000461433082818985
2024-01-18 09:44:27 | TRACE   | query_time, 0.0003747735172510147
2024-01-18 09:44:27 | TRACE   | query_time, 0.00033194199204444885
2024-01-18 09:44:27 | TRACE   | query_time, 0.0006911754608154297
2024-01-18 09:44:27 | TRACE   | query_time, 0.00022673793137073517
2024-01-18 09:44:27 | TRACE   | query_time, 0.00033102743327617645
2024-01-18 09:44:27 | TRACE   | query_time, 0.00031537748873233795
2024-01-18 09:44:27 | TRACE   | query_time, 0.00030318647623062134
2024-01-18 09:44:27 | TRACE   | query_time, 0.00037095509469509125
2024-01-18 09:44:27 | TRACE   | query_time, 0.0003806576132774353
2024-01-18 09:44:27 | TRACE   | query_time, 0.00036524049937725067
2024-01-18 09:44:27 | TRACE   | query_time, 0.0006202887743711472
2024-01-18 09:44:27 | TRACE   | query_time, 0.0007093865424394608
2024-01-18 09:44:27 | TRACE   | query_time, 0.0003921091556549072
2024-01-18 09:44:27 | TRACE   | query_time, 0.0004467237740755081
2024-01-18 09:44:27 | TRACE   | query_time, 0.0005226749926805496
2024-01-18 09:44:27 | TRACE   | query_time, 0.0005425978451967239
2024-01-18 09:44:27 | TRACE   | query_time, 0.00039341486990451813
2024-01-18 09:44:27 | TRACE   | query_time, 0.00027308613061904907
2024-01-18 09:44:27 | TRACE   | query_time, 0.00036273524165153503
2024-01-18 09:44:27 | TRACE   | query_time, 0.0004635713994503021
2024-01-18 09:44:27 | TRACE   | query_time, 0.00037528201937675476
2024-01-18 09:44:27 | TRACE   | query_time, 0.0005692560225725174
2024-01-18 09:44:27 | TRACE   | query_time, 0.0003153514117002487
2024-01-18 09:44:27 | TRACE   | query_time, 0.00045079365372657776
2024-01-18 09:44:27 | TRACE   | query_time, 0.000660579651594162
2024-01-18 09:44:27 | TRACE   | query_time, 0.000368291512131691
2024-01-18 09:44:27 | TRACE   | query_time, 0.00042778439819812775
2024-01-18 09:44:27 | TRACE   | query_time, 0.0004995502531528473
2024-01-18 09:44:27 | TRACE   | query_time, 0.0003927387297153473
2024-01-18 09:44:27 | TRACE   | query_time, 0.0002852249890565872
2024-01-18 09:44:27 | TRACE   | query_time, 0.0005847103893756866
2024-01-18 09:44:27 | TRACE   | query_time, 0.0003310181200504303
2024-01-18 09:44:27 | TRACE   | query_time, 0.0004890970885753632
2024-01-18 09:44:27 | TRACE   | query_time, 0.0002723708748817444
2024-01-18 09:44:27 | TRACE   | query_time, 0.0003688093274831772
2024-01-18 09:44:27 | TRACE   | query_time, 0.0004294011741876602
2024-01-18 09:44:27 | TRACE   | query_time, 0.00043794699013233185
2024-01-18 09:44:27 | TRACE   | query_time, 0.0003788042813539505
2024-01-18 09:44:27 | TRACE   | query_time, 0.0006131958216428757
2024-01-18 09:44:27 | TRACE   | query_time, 0.0004173368215560913
2024-01-18 09:44:27 | TRACE   | query_time, 0.0006107594817876816
2024-01-18 09:44:27 | TRACE   | query_time, 0.0003558751195669174
2024-01-18 09:44:27 | TRACE   | query_time, 0.00036467425525188446
2024-01-18 09:44:27 | TRACE   | query_time, 0.00027057528495788574
2024-01-18 09:44:27 | TRACE   | query_time, 0.00026891566812992096
2024-01-18 09:44:27 | TRACE   | query_time, 0.000574994832277298
2024-01-18 09:44:27 | TRACE   | query_time, 0.00031512603163719177
2024-01-18 09:44:27 | TRACE   | query_time, 0.0005625151097774506
2024-01-18 09:44:27 | TRACE   | query_time, 0.0003338828682899475
2024-01-18 09:44:27 | TRACE   | query_time, 0.00031270645558834076
2024-01-18 09:44:27 | TRACE   | query_time, 0.000268569216132164
2024-01-18 09:44:27 | TRACE   | query_time, 0.00042612291872501373
2024-01-18 09:44:27 | TRACE   | query_time, 0.00036631524562835693
2024-01-18 09:44:27 | TRACE   | query_time, 0.0005311686545610428
2024-01-18 09:44:27 | TRACE   | query_time, 0.00035359710454940796
2024-01-18 09:44:27 | TRACE   | query_time, 0.0006110221147537231
2024-01-18 09:44:27 | TRACE   | query_time, 0.00042055733501911163
2024-01-18 09:44:27 | TRACE   | query_time, 0.0007113758474588394
2024-01-18 09:44:27 | TRACE   | query_time, 0.00035456568002700806
2024-01-18 09:44:27 | TRACE   | query_time, 0.0005404725670814514
2024-01-18 09:44:27 | TRACE   | query_time, 0.0006831921637058258
2024-01-18 09:44:27 | TRACE   | query_time, 0.0002692360430955887
2024-01-18 09:44:27 | TRACE   | query_time, 0.00036095641553401947
2024-01-18 09:44:27 | TRACE   | query_time, 0.0003802720457315445
2024-01-18 09:44:27 | TRACE   | query_time, 0.0003457646816968918
2024-01-18 09:44:27 | TRACE   | query_time, 0.0003129933029413223
2024-01-18 09:44:27 | TRACE   | query_time, 0.0005653128027915955
2024-01-18 09:44:27 | TRACE   | query_time, 0.00033090636134147644
2024-01-18 09:44:27 | TRACE   | query_time, 0.0003134775906801224
2024-01-18 09:44:27 | TRACE   | query_time, 0.00025509297847747803
2024-01-18 09:44:27 | TRACE   | query_time, 0.0003009289503097534
2024-01-18 09:44:27 | TRACE   | query_time, 0.0002684183418750763
2024-01-18 09:44:27 | TRACE   | query_time, 0.0003445092588663101
2024-01-18 09:44:27 | TRACE   | query_time, 0.0006239116191864014
2024-01-18 09:44:27 | TRACE   | query_time, 0.00039396993815898895
2024-01-18 09:44:27 | TRACE   | query_time, 0.0003283340483903885
2024-01-18 09:44:27 | TRACE   | query_time, 0.0003531239926815033
2024-01-18 09:44:27 | TRACE   | query_time, 0.0005430225282907486
2024-01-18 09:44:27 | TRACE   | query_time, 0.00032722577452659607
2024-01-18 09:44:27 | TRACE   | query_time, 0.00036567263305187225
2024-01-18 09:44:27 | TRACE   | query_time, 0.0003703627735376358
2024-01-18 09:44:27 | TRACE   | query_time, 0.0004599131643772125
2024-01-18 09:44:27 | TRACE   | query_time, 0.00037332065403461456
2024-01-18 09:44:27 | TRACE   | query_time, 0.00029966793954372406
2024-01-18 09:44:27 | TRACE   | query_time, 0.0002976078540086746
2024-01-18 09:44:27 | TRACE   | query_time, 0.00044532492756843567
2024-01-18 09:44:27 | TRACE   | query_time, 0.0002700500190258026
2024-01-18 09:44:27 | TRACE   | query_time, 0.0006532389670610428
2024-01-18 09:44:27 | TRACE   | query_time, 0.000632215291261673
2024-01-18 09:44:27 | TRACE   | query_time, 0.00033062323927879333
2024-01-18 09:44:27 | TRACE   | query_time, 0.00032738037407398224
2024-01-18 09:44:27 | TRACE   | query_time, 0.00035362690687179565
2024-01-18 09:44:27 | TRACE   | query_time, 0.0006115678697824478
2024-01-18 09:44:27 | TRACE   | query_time, 0.00032790936529636383
2024-01-18 09:44:27 | TRACE   | query_time, 0.0005145613104104996
2024-01-18 09:44:27 | TRACE   | query_time, 0.0006912462413311005
2024-01-18 09:44:27 | TRACE   | query_time, 0.0003602728247642517
2024-01-18 09:44:27 | TRACE   | query_time, 0.00031309761106967926
2024-01-18 09:44:27 | TRACE   | query_time, 0.0006485786288976669
2024-01-18 09:44:27 | TRACE   | query_time, 0.0006242766976356506
2024-01-18 09:44:27 | TRACE   | query_time, 0.00033026374876499176
2024-01-18 09:44:27 | TRACE   | query_time, 0.00037987157702445984
2024-01-18 09:44:27 | TRACE   | query_time, 0.0003273170441389084
2024-01-18 09:44:27 | TRACE   | query_time, 0.0003611259162425995
2024-01-18 09:44:27 | TRACE   | query_time, 0.00041125714778900146
2024-01-18 09:44:27 | TRACE   | query_time, 0.0003304295241832733
2024-01-18 09:44:27 | TRACE   | query_time, 0.00039270147681236267
2024-01-18 09:44:27 | TRACE   | query_time, 0.0005768779665231705
2024-01-18 09:44:27 | TRACE   | query_time, 0.0003556497395038605
2024-01-18 09:44:27 | TRACE   | query_time, 0.00034265220165252686
2024-01-18 09:44:27 | TRACE   | query_time, 0.000329701229929924
2024-01-18 09:44:27 | TRACE   | query_time, 0.0006834212690591812
2024-01-18 09:44:27 | TRACE   | query_time, 0.00033064745366573334
2024-01-18 09:44:27 | TRACE   | query_time, 0.0004441849887371063
2024-01-18 09:44:27 | TRACE   | query_time, 0.0003308560699224472
2024-01-18 09:44:27 | TRACE   | query_time, 0.0003693699836730957
2024-01-18 09:44:27 | TRACE   | query_time, 0.0003539621829986572
2024-01-18 09:44:27 | TRACE   | query_time, 0.0007037930190563202
2024-01-18 09:44:27 | TRACE   | query_time, 0.0003311559557914734
2024-01-18 09:44:27 | TRACE   | query_time, 0.0005410034209489822
2024-01-18 09:44:27 | TRACE   | query_time, 0.00036654621362686157
2024-01-18 09:44:27 | TRACE   | query_time, 0.0004650317132472992
2024-01-18 09:44:27 | TRACE   | query_time, 0.0003153011202812195
2024-01-18 09:44:27 | TRACE   | query_time, 0.00031427666544914246
2024-01-18 09:44:27 | TRACE   | query_time, 0.00043579190969467163
2024-01-18 09:44:27 | TRACE   | query_time, 0.00033195316791534424
2024-01-18 09:44:27 | TRACE   | query_time, 0.0006316900253295898
2024-01-18 09:44:27 | TRACE   | query_time, 0.00036867521703243256
2024-01-18 09:44:27 | TRACE   | query_time, 0.000528404489159584
2024-01-18 09:44:27 | TRACE   | query_time, 0.0006107520312070847
