2024-05-08 19:27:35 | DEBUG   | {'input': PosixPath('data/gittables/indices/microbenchmarks/rebinning-k950.zst'), 'input_type': 'index', 'queries': PosixPath('data/gittables/queries/microbenchmarks.zst'), 'estimation_mode': None, 'index_mode': 'recall', 'output': None, 'workers': None, 'frequency_hists': False, 'suppress_results': True, 'log_level': 'INFO', 'log_file': PosixPath('logs/microbenchmarks/runtime/gittables-rebinning-k950-single_suppressed-3.log')}
2024-05-08 19:27:35 | DEBUG   | Loading input data from data/gittables/indices/microbenchmarks/rebinning-k950.zst
2024-05-08 19:27:40 | DEBUG   | Loading queries from data/gittables/queries/microbenchmarks.zst
2024-05-08 19:27:40 | TRACE   | bootstrap_time, 4.074253883212805
2024-05-08 19:27:40 | DEBUG   | Starting execution
2024-05-08 19:27:40 | TRACE   | query_time, 0.0012631714344024658
2024-05-08 19:27:40 | TRACE   | query_time, 0.0008175447583198547
2024-05-08 19:27:40 | TRACE   | query_time, 0.0010109581053256989
2024-05-08 19:27:40 | TRACE   | query_time, 0.0009041465818881989
2024-05-08 19:27:40 | TRACE   | query_time, 0.0008121691644191742
2024-05-08 19:27:40 | TRACE   | query_time, 0.0011282265186309814
2024-05-08 19:27:40 | TRACE   | query_time, 0.0010104067623615265
2024-05-08 19:27:40 | TRACE   | query_time, 0.0009882934391498566
2024-05-08 19:27:40 | TRACE   | query_time, 0.0007928721606731415
2024-05-08 19:27:40 | TRACE   | query_time, 0.0008236132562160492
2024-05-08 19:27:40 | TRACE   | query_time, 0.000787537544965744
2024-05-08 19:27:40 | TRACE   | query_time, 0.0007808208465576172
2024-05-08 19:27:40 | TRACE   | query_time, 0.000948682427406311
2024-05-08 19:27:40 | TRACE   | query_time, 0.0007933340966701508
2024-05-08 19:27:40 | TRACE   | query_time, 0.000785384327173233
2024-05-08 19:27:40 | TRACE   | query_time, 0.0008084885776042938
2024-05-08 19:27:40 | TRACE   | query_time, 0.0008105859160423279
2024-05-08 19:27:40 | TRACE   | query_time, 0.000787682831287384
2024-05-08 19:27:40 | TRACE   | query_time, 0.0008134804666042328
2024-05-08 19:27:40 | TRACE   | query_time, 0.0007868185639381409
2024-05-08 19:27:40 | TRACE   | query_time, 0.0008248575031757355
2024-05-08 19:27:40 | TRACE   | query_time, 0.000905696302652359
2024-05-08 19:27:40 | TRACE   | query_time, 0.0007789842784404755
2024-05-08 19:27:40 | TRACE   | query_time, 0.0009760819375514984
2024-05-08 19:27:40 | TRACE   | query_time, 0.0009698197245597839
2024-05-08 19:27:40 | TRACE   | query_time, 0.0007797330617904663
2024-05-08 19:27:40 | TRACE   | query_time, 0.0007820315659046173
2024-05-08 19:27:40 | TRACE   | query_time, 0.0009032115340232849
2024-05-08 19:27:40 | TRACE   | query_time, 0.0007851310074329376
2024-05-08 19:27:40 | TRACE   | query_time, 0.0009784996509552002
2024-05-08 19:27:40 | TRACE   | query_time, 0.0009832978248596191
2024-05-08 19:27:40 | TRACE   | query_time, 0.0009009502828121185
2024-05-08 19:27:40 | TRACE   | query_time, 0.0011882781982421875
2024-05-08 19:27:40 | TRACE   | query_time, 0.000967077910900116
2024-05-08 19:27:40 | TRACE   | query_time, 0.0007842294871807098
2024-05-08 19:27:40 | TRACE   | query_time, 0.000809788703918457
2024-05-08 19:27:40 | TRACE   | query_time, 0.0010249018669128418
2024-05-08 19:27:40 | TRACE   | query_time, 0.0007851086556911469
2024-05-08 19:27:40 | TRACE   | query_time, 0.0008539222180843353
2024-05-08 19:27:40 | TRACE   | query_time, 0.0007789246737957001
2024-05-08 19:27:40 | TRACE   | query_time, 0.0009791366755962372
2024-05-08 19:27:40 | TRACE   | query_time, 0.0008838661015033722
2024-05-08 19:27:40 | TRACE   | query_time, 0.0007780119776725769
2024-05-08 19:27:40 | TRACE   | query_time, 0.0010664016008377075
2024-05-08 19:27:40 | TRACE   | query_time, 0.0009935200214385986
2024-05-08 19:27:40 | TRACE   | query_time, 0.0009542182087898254
2024-05-08 19:27:40 | TRACE   | query_time, 0.0008099451661109924
2024-05-08 19:27:40 | TRACE   | query_time, 0.0007824935019016266
2024-05-08 19:27:40 | TRACE   | query_time, 0.0009051263332366943
2024-05-08 19:27:40 | TRACE   | query_time, 0.0010677464306354523
2024-05-08 19:27:40 | TRACE   | query_time, 0.0007859766483306885
2024-05-08 19:27:40 | TRACE   | query_time, 0.0007833801209926605
2024-05-08 19:27:40 | TRACE   | query_time, 0.0008070766925811768
2024-05-08 19:27:40 | TRACE   | query_time, 0.0007832162082195282
2024-05-08 19:27:40 | TRACE   | query_time, 0.000775948166847229
2024-05-08 19:27:40 | TRACE   | query_time, 0.0008117705583572388
2024-05-08 19:27:40 | TRACE   | query_time, 0.0007818564772605896
2024-05-08 19:27:40 | TRACE   | query_time, 0.0008996836841106415
2024-05-08 19:27:40 | TRACE   | query_time, 0.000809352844953537
2024-05-08 19:27:40 | TRACE   | query_time, 0.0009682253003120422
2024-05-08 19:27:40 | TRACE   | query_time, 0.0008950382471084595
2024-05-08 19:27:40 | TRACE   | query_time, 0.000788714736700058
2024-05-08 19:27:40 | TRACE   | query_time, 0.0009609758853912354
2024-05-08 19:27:40 | TRACE   | query_time, 0.0009498000144958496
2024-05-08 19:27:40 | TRACE   | query_time, 0.0007795765995979309
2024-05-08 19:27:40 | TRACE   | query_time, 0.0007852055132389069
2024-05-08 19:27:40 | TRACE   | query_time, 0.0008918009698390961
2024-05-08 19:27:40 | TRACE   | query_time, 0.0009530931711196899
2024-05-08 19:27:40 | TRACE   | query_time, 0.000811062753200531
2024-05-08 19:27:40 | TRACE   | query_time, 0.000978820025920868
2024-05-08 19:27:40 | TRACE   | query_time, 0.0008993186056613922
2024-05-08 19:27:40 | TRACE   | query_time, 0.0007789582014083862
2024-05-08 19:27:40 | TRACE   | query_time, 0.00113629549741745
2024-05-08 19:27:40 | TRACE   | query_time, 0.0009718500077724457
2024-05-08 19:27:40 | TRACE   | query_time, 0.0009574145078659058
2024-05-08 19:27:40 | TRACE   | query_time, 0.0007818005979061127
2024-05-08 19:27:40 | TRACE   | query_time, 0.0008838251233100891
2024-05-08 19:27:40 | TRACE   | query_time, 0.0009855367243289948
2024-05-08 19:27:40 | TRACE   | query_time, 0.0008068308234214783
2024-05-08 19:27:40 | TRACE   | query_time, 0.0008494742214679718
2024-05-08 19:27:40 | TRACE   | query_time, 0.0009603202342987061
2024-05-08 19:27:40 | TRACE   | query_time, 0.0008908174932003021
2024-05-08 19:27:40 | TRACE   | query_time, 0.000910736620426178
2024-05-08 19:27:40 | TRACE   | query_time, 0.0007802434265613556
2024-05-08 19:27:40 | TRACE   | query_time, 0.0010668449103832245
2024-05-08 19:27:40 | TRACE   | query_time, 0.0009608790278434753
2024-05-08 19:27:40 | TRACE   | query_time, 0.0007789060473442078
2024-05-08 19:27:40 | TRACE   | query_time, 0.0008080415427684784
2024-05-08 19:27:40 | TRACE   | query_time, 0.0008935853838920593
2024-05-08 19:27:40 | TRACE   | query_time, 0.0009163022041320801
2024-05-08 19:27:40 | TRACE   | query_time, 0.0010515451431274414
2024-05-08 19:27:40 | TRACE   | query_time, 0.0007797293365001678
2024-05-08 19:27:40 | TRACE   | query_time, 0.0007779635488986969
2024-05-08 19:27:40 | TRACE   | query_time, 0.0008172765374183655
2024-05-08 19:27:40 | TRACE   | query_time, 0.0007767267525196075
2024-05-08 19:27:40 | TRACE   | query_time, 0.0007787458598613739
2024-05-08 19:27:40 | TRACE   | query_time, 0.0008046738803386688
2024-05-08 19:27:40 | TRACE   | query_time, 0.0007801912724971771
2024-05-08 19:27:40 | TRACE   | query_time, 0.0008849762380123138
2024-05-08 19:27:40 | TRACE   | query_time, 0.0008059889078140259
2024-05-08 19:27:40 | TRACE   | query_time, 0.000966247171163559
2024-05-08 19:27:40 | TRACE   | query_time, 0.0008935630321502686
2024-05-08 19:27:40 | TRACE   | query_time, 0.0007844045758247375
2024-05-08 19:27:40 | TRACE   | query_time, 0.0009630918502807617
2024-05-08 19:27:40 | TRACE   | query_time, 0.0007773414254188538
2024-05-08 19:27:40 | TRACE   | query_time, 0.0007756128907203674
2024-05-08 19:27:40 | TRACE   | query_time, 0.0009004399180412292
2024-05-08 19:27:40 | TRACE   | query_time, 0.0009502172470092773
2024-05-08 19:27:40 | TRACE   | query_time, 0.000963207334280014
2024-05-08 19:27:40 | TRACE   | query_time, 0.0008946545422077179
2024-05-08 19:27:40 | TRACE   | query_time, 0.0007909424602985382
2024-05-08 19:27:40 | TRACE   | query_time, 0.0011322908103466034
2024-05-08 19:27:40 | TRACE   | query_time, 0.000951722264289856
2024-05-08 19:27:40 | TRACE   | query_time, 0.0009527578949928284
2024-05-08 19:27:40 | TRACE   | query_time, 0.0007877573370933533
2024-05-08 19:27:40 | TRACE   | query_time, 0.0008052363991737366
2024-05-08 19:27:40 | TRACE   | query_time, 0.0007793381810188293
2024-05-08 19:27:40 | TRACE   | query_time, 0.001001887023448944
2024-05-08 19:27:40 | TRACE   | query_time, 0.0008954443037509918
2024-05-08 19:27:40 | TRACE   | query_time, 0.0009682774543762207
2024-05-08 19:27:40 | TRACE   | query_time, 0.0008087716996669769
2024-05-08 19:27:40 | TRACE   | query_time, 0.0007769763469696045
2024-05-08 19:27:40 | TRACE   | query_time, 0.0008535012602806091
2024-05-08 19:27:40 | TRACE   | query_time, 0.0007757768034934998
2024-05-08 19:27:40 | TRACE   | query_time, 0.00096086785197258
2024-05-08 19:27:40 | TRACE   | query_time, 0.0008791498839855194
2024-05-08 19:27:40 | TRACE   | query_time, 0.0009171590209007263
2024-05-08 19:27:40 | TRACE   | query_time, 0.0007806494832038879
2024-05-08 19:27:40 | TRACE   | query_time, 0.0010671168565750122
2024-05-08 19:27:40 | TRACE   | query_time, 0.0009840838611125946
2024-05-08 19:27:40 | TRACE   | query_time, 0.0009567812085151672
2024-05-08 19:27:40 | TRACE   | query_time, 0.0007825642824172974
2024-05-08 19:27:40 | TRACE   | query_time, 0.0008059293031692505
2024-05-08 19:27:40 | TRACE   | query_time, 0.0007791146636009216
2024-05-08 19:27:40 | TRACE   | query_time, 0.0009022466838359833
2024-05-08 19:27:40 | TRACE   | query_time, 0.0009123273193836212
2024-05-08 19:27:40 | TRACE   | query_time, 0.0010576285421848297
2024-05-08 19:27:40 | TRACE   | query_time, 0.0007780380547046661
2024-05-08 19:27:40 | TRACE   | query_time, 0.0007794834673404694
2024-05-08 19:27:40 | TRACE   | query_time, 0.0008106864988803864
2024-05-08 19:27:40 | TRACE   | query_time, 0.0007821172475814819
2024-05-08 19:27:40 | TRACE   | query_time, 0.000781625509262085
2024-05-08 19:27:40 | TRACE   | query_time, 0.0008043758571147919
2024-05-08 19:27:40 | TRACE   | query_time, 0.0007898770272731781
2024-05-08 19:27:40 | TRACE   | query_time, 0.0008048005402088165
2024-05-08 19:27:40 | TRACE   | query_time, 0.0009695589542388916
2024-05-08 19:27:40 | TRACE   | query_time, 0.0008951537311077118
2024-05-08 19:27:40 | TRACE   | query_time, 0.0007851794362068176
2024-05-08 19:27:40 | TRACE   | query_time, 0.0009616836905479431
2024-05-08 19:27:40 | TRACE   | query_time, 0.0009493827819824219
2024-05-08 19:27:40 | TRACE   | query_time, 0.0007801875472068787
2024-05-08 19:27:40 | TRACE   | query_time, 0.0009039528667926788
2024-05-08 19:27:40 | TRACE   | query_time, 0.0007785968482494354
2024-05-08 19:27:40 | TRACE   | query_time, 0.0009459778666496277
2024-05-08 19:27:40 | TRACE   | query_time, 0.0008077099919319153
2024-05-08 19:27:40 | TRACE   | query_time, 0.0009744279086589813
2024-05-08 19:27:40 | TRACE   | query_time, 0.0011291839182376862
2024-05-08 19:27:40 | TRACE   | query_time, 0.0009486116468906403
2024-05-08 19:27:40 | TRACE   | query_time, 0.0009490400552749634
2024-05-08 19:27:40 | TRACE   | query_time, 0.0007873624563217163
2024-05-08 19:27:40 | TRACE   | query_time, 0.0008056461811065674
2024-05-08 19:27:40 | TRACE   | query_time, 0.000779222697019577
2024-05-08 19:27:40 | TRACE   | query_time, 0.0009913481771945953
2024-05-08 19:27:40 | TRACE   | query_time, 0.0008865296840667725
2024-05-08 19:27:40 | TRACE   | query_time, 0.0009686686098575592
2024-05-08 19:27:40 | TRACE   | query_time, 0.0008042566478252411
2024-05-08 19:27:40 | TRACE   | query_time, 0.0008508749306201935
2024-05-08 19:27:40 | TRACE   | query_time, 0.000785481184720993
2024-05-08 19:27:40 | TRACE   | query_time, 0.0009684152901172638
2024-05-08 19:27:40 | TRACE   | query_time, 0.00087771937251091
2024-05-08 19:27:40 | TRACE   | query_time, 0.0007795654237270355
2024-05-08 19:27:40 | TRACE   | query_time, 0.0010721385478973389
2024-05-08 19:27:40 | TRACE   | query_time, 0.0009813196957111359
2024-05-08 19:27:40 | TRACE   | query_time, 0.000951722264289856
2024-05-08 19:27:40 | TRACE   | query_time, 0.0007785037159919739
2024-05-08 19:27:40 | TRACE   | query_time, 0.0007883571088314056
2024-05-08 19:27:40 | TRACE   | query_time, 0.0007810033857822418
2024-05-08 19:27:40 | TRACE   | query_time, 0.0008936822414398193
2024-05-08 19:27:40 | TRACE   | query_time, 0.0009096898138523102
2024-05-08 19:27:40 | TRACE   | query_time, 0.001063067466020584
2024-05-08 19:27:40 | TRACE   | query_time, 0.0007817037403583527
2024-05-08 19:27:40 | TRACE   | query_time, 0.000805974006652832
2024-05-08 19:27:40 | TRACE   | query_time, 0.000777464359998703
2024-05-08 19:27:40 | TRACE   | query_time, 0.0007771030068397522
2024-05-08 19:27:40 | TRACE   | query_time, 0.0008159279823303223
2024-05-08 19:27:40 | TRACE   | query_time, 0.0007795430719852448
2024-05-08 19:27:40 | TRACE   | query_time, 0.0008794032037258148
2024-05-08 19:27:40 | TRACE   | query_time, 0.0008032023906707764
2024-05-08 19:27:40 | TRACE   | query_time, 0.0009755492210388184
2024-05-08 19:27:40 | TRACE   | query_time, 0.000891365110874176
2024-05-08 19:27:40 | TRACE   | query_time, 0.0007781237363815308
2024-05-08 19:27:40 | TRACE   | query_time, 0.0009612143039703369
2024-05-08 19:27:40 | TRACE   | query_time, 0.0009543858468532562
2024-05-08 19:27:40 | TRACE   | query_time, 0.0007821433246135712
2024-05-08 19:27:40 | TRACE   | query_time, 0.0007745847105979919
2024-05-08 19:27:40 | TRACE   | query_time, 0.0008922368288040161
2024-05-08 19:27:40 | TRACE   | query_time, 0.0007862560451030731
2024-05-08 19:27:40 | TRACE   | query_time, 0.0009537748992443085
2024-05-08 19:27:40 | TRACE   | query_time, 0.0008086971938610077
2024-05-08 19:27:40 | TRACE   | query_time, 0.0009652748703956604
2024-05-08 19:27:40 | TRACE   | query_time, 0.0009020939469337463
2024-05-08 19:27:40 | TRACE   | query_time, 0.0007817894220352173
2024-05-08 19:27:40 | TRACE   | query_time, 0.0011270008981227875
2024-05-08 19:27:40 | TRACE   | query_time, 0.0009487755596637726
2024-05-08 19:27:40 | TRACE   | query_time, 0.0009607821702957153
2024-05-08 19:27:40 | TRACE   | query_time, 0.0008077584207057953
2024-05-08 19:27:40 | TRACE   | query_time, 0.0007797926664352417
2024-05-08 19:27:40 | TRACE   | query_time, 0.000998217612504959
2024-05-08 19:27:40 | TRACE   | query_time, 0.0008872002363204956
2024-05-08 19:27:40 | TRACE   | query_time, 0.0009646303951740265
2024-05-08 19:27:40 | TRACE   | query_time, 0.0008096806704998016
2024-05-08 19:27:40 | TRACE   | query_time, 0.0007753036916255951
2024-05-08 19:27:40 | TRACE   | query_time, 0.0008516311645507812
2024-05-08 19:27:40 | TRACE   | query_time, 0.0007805675268173218
2024-05-08 19:27:40 | TRACE   | query_time, 0.0007818639278411865
2024-05-08 19:27:40 | TRACE   | query_time, 0.0010703802108764648
2024-05-08 19:27:40 | TRACE   | query_time, 0.0009804703295230865
2024-05-08 19:27:40 | TRACE   | query_time, 0.0009530000388622284
2024-05-08 19:27:40 | TRACE   | query_time, 0.0007797963917255402
2024-05-08 19:27:40 | TRACE   | query_time, 0.0008060745894908905
2024-05-08 19:27:40 | TRACE   | query_time, 0.0007790327072143555
2024-05-08 19:27:40 | TRACE   | query_time, 0.0007885023951530457
2024-05-08 19:27:40 | TRACE   | query_time, 0.0008987113833427429
2024-05-08 19:27:40 | TRACE   | query_time, 0.0009129345417022705
2024-05-08 19:27:40 | TRACE   | query_time, 0.0010576173663139343
2024-05-08 19:27:40 | TRACE   | query_time, 0.0007902607321739197
2024-05-08 19:27:40 | TRACE   | query_time, 0.0008106902241706848
2024-05-08 19:27:40 | TRACE   | query_time, 0.0007766038179397583
2024-05-08 19:27:40 | TRACE   | query_time, 0.0007800012826919556
2024-05-08 19:27:40 | TRACE   | query_time, 0.0008130073547363281
2024-05-08 19:27:40 | TRACE   | query_time, 0.0007788538932800293
2024-05-08 19:27:40 | TRACE   | query_time, 0.000806715339422226
2024-05-08 19:27:40 | TRACE   | query_time, 0.0009668208658695221
2024-05-08 19:27:40 | TRACE   | query_time, 0.000901196151971817
2024-05-08 19:27:40 | TRACE   | query_time, 0.0007812529802322388
2024-05-08 19:27:40 | TRACE   | query_time, 0.0009661354124546051
2024-05-08 19:27:40 | TRACE   | query_time, 0.0009512826800346375
2024-05-08 19:27:40 | TRACE   | query_time, 0.0007927268743515015
2024-05-08 19:27:40 | TRACE   | query_time, 0.0009027868509292603
2024-05-08 19:27:40 | TRACE   | query_time, 0.0007927604019641876
2024-05-08 19:27:40 | TRACE   | query_time, 0.0009678266942501068
2024-05-08 19:27:40 | TRACE   | query_time, 0.0008182413876056671
2024-05-08 19:27:40 | TRACE   | query_time, 0.000976957380771637
2024-05-08 19:27:40 | TRACE   | query_time, 0.000780448317527771
2024-05-08 19:27:40 | TRACE   | query_time, 0.00112229585647583
2024-05-08 19:27:40 | TRACE   | query_time, 0.0009579546749591827
2024-05-08 19:27:40 | TRACE   | query_time, 0.0009522885084152222
2024-05-08 19:27:40 | TRACE   | query_time, 0.0007814988493919373
2024-05-08 19:27:40 | TRACE   | query_time, 0.0008086822926998138
2024-05-08 19:27:40 | TRACE   | query_time, 0.0007813125848770142
2024-05-08 19:27:40 | TRACE   | query_time, 0.0010020695626735687
2024-05-08 19:27:40 | TRACE   | query_time, 0.0008812174201011658
2024-05-08 19:27:40 | TRACE   | query_time, 0.0009664446115493774
2024-05-08 19:27:40 | TRACE   | query_time, 0.0008056685328483582
2024-05-08 19:27:40 | TRACE   | query_time, 0.0008569620549678802
2024-05-08 19:27:40 | TRACE   | query_time, 0.0007822401821613312
2024-05-08 19:27:40 | TRACE   | query_time, 0.0009647905826568604
2024-05-08 19:27:40 | TRACE   | query_time, 0.0008794404566287994
2024-05-08 19:27:40 | TRACE   | query_time, 0.0009171962738037109
2024-05-08 19:27:40 | TRACE   | query_time, 0.0007780380547046661
2024-05-08 19:27:40 | TRACE   | query_time, 0.0010722465813159943
2024-05-08 19:27:40 | TRACE   | query_time, 0.0009827576577663422
2024-05-08 19:27:40 | TRACE   | query_time, 0.0009495355188846588
2024-05-08 19:27:40 | TRACE   | query_time, 0.0007771141827106476
2024-05-08 19:27:40 | TRACE   | query_time, 0.0008080229163169861
2024-05-08 19:27:40 | TRACE   | query_time, 0.0007755830883979797
2024-05-08 19:27:40 | TRACE   | query_time, 0.0007835216820240021
2024-05-08 19:27:40 | TRACE   | query_time, 0.0008957758545875549
2024-05-08 19:27:40 | TRACE   | query_time, 0.0009070448577404022
2024-05-08 19:27:40 | TRACE   | query_time, 0.0010533034801483154
2024-05-08 19:27:40 | TRACE   | query_time, 0.0007876940071582794
2024-05-08 19:27:40 | TRACE   | query_time, 0.0007788799703121185
2024-05-08 19:27:40 | TRACE   | query_time, 0.0007773451507091522
2024-05-08 19:27:40 | TRACE   | query_time, 0.0007772929966449738
2024-05-08 19:27:40 | TRACE   | query_time, 0.0008142665028572083
2024-05-08 19:27:40 | TRACE   | query_time, 0.0007776133716106415
2024-05-08 19:27:40 | TRACE   | query_time, 0.0008070208132266998
2024-05-08 19:27:40 | TRACE   | query_time, 0.0009673014283180237
2024-05-08 19:27:40 | TRACE   | query_time, 0.0008922293782234192
2024-05-08 19:27:40 | TRACE   | query_time, 0.0009652860462665558
2024-05-08 19:27:40 | TRACE   | query_time, 0.0009477026760578156
2024-05-08 19:27:40 | TRACE   | query_time, 0.0007816702127456665
2024-05-08 19:27:40 | TRACE   | query_time, 0.0007757842540740967
2024-05-08 19:27:40 | TRACE   | query_time, 0.0008979476988315582
2024-05-08 19:27:40 | TRACE   | query_time, 0.0007743760943412781
2024-05-08 19:27:40 | TRACE   | query_time, 0.0009498447179794312
2024-05-08 19:27:40 | TRACE   | query_time, 0.0008046664297580719
2024-05-08 19:27:40 | TRACE   | query_time, 0.0009694136679172516
2024-05-08 19:27:40 | TRACE   | query_time, 0.0008940324187278748
2024-05-08 19:27:40 | TRACE   | query_time, 0.0007839985191822052
2024-05-08 19:27:40 | TRACE   | query_time, 0.0011215806007385254
2024-05-08 19:27:40 | TRACE   | query_time, 0.0009584017097949982
2024-05-08 19:27:40 | TRACE   | query_time, 0.0009536221623420715
2024-05-08 19:27:40 | TRACE   | query_time, 0.00077790766954422
2024-05-08 19:27:40 | TRACE   | query_time, 0.0008059032261371613
2024-05-08 19:27:40 | TRACE   | query_time, 0.0007852837443351746
2024-05-08 19:27:40 | TRACE   | query_time, 0.0009910650551319122
2024-05-08 19:27:40 | TRACE   | query_time, 0.0009601525962352753
2024-05-08 19:27:40 | TRACE   | query_time, 0.0008049160242080688
2024-05-08 19:27:40 | TRACE   | query_time, 0.0007870160043239594
2024-05-08 19:27:40 | TRACE   | query_time, 0.0008496008813381195
2024-05-08 19:27:40 | TRACE   | query_time, 0.0007790736854076385
2024-05-08 19:27:40 | TRACE   | query_time, 0.0009630471467971802
2024-05-08 19:27:40 | TRACE   | query_time, 0.0008892789483070374
2024-05-08 19:27:40 | TRACE   | query_time, 0.0009100548923015594
2024-05-08 19:27:40 | TRACE   | query_time, 0.0007779411971569061
2024-05-08 19:27:40 | TRACE   | query_time, 0.001065228134393692
2024-05-08 19:27:40 | TRACE   | query_time, 0.000990498811006546
2024-05-08 19:27:40 | TRACE   | query_time, 0.0009505674242973328
2024-05-08 19:27:40 | TRACE   | query_time, 0.000776536762714386
2024-05-08 19:27:40 | TRACE   | query_time, 0.0008056499063968658
2024-05-08 19:27:40 | TRACE   | query_time, 0.000783432275056839
2024-05-08 19:27:40 | TRACE   | query_time, 0.0007778890430927277
2024-05-08 19:27:40 | TRACE   | query_time, 0.0009081028401851654
2024-05-08 19:27:40 | TRACE   | query_time, 0.0010516047477722168
2024-05-08 19:27:40 | TRACE   | query_time, 0.0007880963385105133
2024-05-08 19:27:40 | TRACE   | query_time, 0.0007805787026882172
2024-05-08 19:27:40 | TRACE   | query_time, 0.0008088722825050354
2024-05-08 19:27:40 | TRACE   | query_time, 0.0007825978100299835
2024-05-08 19:27:40 | TRACE   | query_time, 0.0007795952260494232
2024-05-08 19:27:40 | TRACE   | query_time, 0.0008194372057914734
2024-05-08 19:27:40 | TRACE   | query_time, 0.0007813908159732819
2024-05-08 19:27:40 | TRACE   | query_time, 0.0008820369839668274
2024-05-08 19:27:40 | TRACE   | query_time, 0.0008114054799079895
2024-05-08 19:27:40 | TRACE   | query_time, 0.00096946582198143
2024-05-08 19:27:40 | TRACE   | query_time, 0.0008957609534263611
2024-05-08 19:27:40 | TRACE   | query_time, 0.0007818527519702911
2024-05-08 19:27:40 | TRACE   | query_time, 0.0009680725634098053
2024-05-08 19:27:40 | TRACE   | query_time, 0.0009610727429389954
2024-05-08 19:27:40 | TRACE   | query_time, 0.0007779374718666077
2024-05-08 19:27:40 | TRACE   | query_time, 0.0007820688188076019
2024-05-08 19:27:40 | TRACE   | query_time, 0.0008964091539382935
2024-05-08 19:27:40 | TRACE   | query_time, 0.0007917173206806183
2024-05-08 19:27:40 | TRACE   | query_time, 0.0023986436426639557
2024-05-08 19:27:40 | TRACE   | query_time, 0.00265304371714592
2024-05-08 19:27:40 | TRACE   | query_time, 0.0023098550736904144
2024-05-08 19:27:40 | TRACE   | query_time, 0.0025231018662452698
2024-05-08 19:27:40 | TRACE   | query_time, 0.0024606026709079742
2024-05-08 19:27:40 | TRACE   | query_time, 0.0022944509983062744
2024-05-08 19:27:40 | TRACE   | query_time, 0.002417527139186859
2024-05-08 19:27:40 | TRACE   | query_time, 0.0025005601346492767
2024-05-08 19:27:40 | TRACE   | query_time, 0.002349983900785446
2024-05-08 19:27:40 | TRACE   | query_time, 0.0026592500507831573
2024-05-08 19:27:40 | TRACE   | query_time, 0.0024552233517169952
2024-05-08 19:27:40 | TRACE   | query_time, 0.0022761374711990356
2024-05-08 19:27:40 | TRACE   | query_time, 0.0022905245423316956
2024-05-08 19:27:40 | TRACE   | query_time, 0.0023687034845352173
2024-05-08 19:27:40 | TRACE   | query_time, 0.002498820424079895
2024-05-08 19:27:40 | TRACE   | query_time, 0.002278454601764679
2024-05-08 19:27:40 | TRACE   | query_time, 0.0022506453096866608
2024-05-08 19:27:40 | TRACE   | query_time, 0.0023994408547878265
2024-05-08 19:27:40 | TRACE   | query_time, 0.002344820648431778
2024-05-08 19:27:40 | TRACE   | query_time, 0.0024953968822956085
2024-05-08 19:27:40 | TRACE   | query_time, 0.0023944787681102753
2024-05-08 19:27:40 | TRACE   | query_time, 0.0022524893283843994
2024-05-08 19:27:40 | TRACE   | query_time, 0.002486288547515869
2024-05-08 19:27:40 | TRACE   | query_time, 0.0022780075669288635
2024-05-08 19:27:40 | TRACE   | query_time, 0.002232927829027176
2024-05-08 19:27:40 | TRACE   | query_time, 0.0022745318710803986
2024-05-08 19:27:40 | TRACE   | query_time, 0.0024708323180675507
2024-05-08 19:27:40 | TRACE   | query_time, 0.0022600628435611725
2024-05-08 19:27:40 | TRACE   | query_time, 0.0022837743163108826
2024-05-08 19:27:40 | TRACE   | query_time, 0.0024636872112751007
2024-05-08 19:27:40 | TRACE   | query_time, 0.0023424923419952393
2024-05-08 19:27:40 | TRACE   | query_time, 0.0026075802743434906
2024-05-08 19:27:40 | TRACE   | query_time, 0.0022990331053733826
2024-05-08 19:27:40 | TRACE   | query_time, 0.0022908486425876617
2024-05-08 19:27:40 | TRACE   | query_time, 0.0024336837232112885
2024-05-08 19:27:40 | TRACE   | query_time, 0.0022718645632267
2024-05-08 19:27:40 | TRACE   | query_time, 0.0028499625623226166
2024-05-08 19:27:40 | TRACE   | query_time, 0.002264011651277542
2024-05-08 19:27:40 | TRACE   | query_time, 0.0022497065365314484
2024-05-08 19:27:40 | TRACE   | query_time, 0.002475012093782425
2024-05-08 19:27:40 | TRACE   | query_time, 0.0023595280945301056
2024-05-08 19:27:40 | TRACE   | query_time, 0.002459730952978134
2024-05-08 19:27:40 | TRACE   | query_time, 0.0024780184030532837
2024-05-08 19:27:40 | TRACE   | query_time, 0.0024554915726184845
2024-05-08 19:27:40 | TRACE   | query_time, 0.0022831782698631287
2024-05-08 19:27:40 | TRACE   | query_time, 0.002379395067691803
2024-05-08 19:27:40 | TRACE   | query_time, 0.0024560540914535522
2024-05-08 19:27:40 | TRACE   | query_time, 0.0022756941616535187
2024-05-08 19:27:40 | TRACE   | query_time, 0.002255566418170929
2024-05-08 19:27:40 | TRACE   | query_time, 0.0022594816982746124
2024-05-08 19:27:40 | TRACE   | query_time, 0.002495810389518738
2024-05-08 19:27:40 | TRACE   | query_time, 0.002271372824907303
2024-05-08 19:27:40 | TRACE   | query_time, 0.002253979444503784
2024-05-08 19:27:40 | TRACE   | query_time, 0.0024892352521419525
2024-05-08 19:27:40 | TRACE   | query_time, 0.0023892708122730255
2024-05-08 19:27:40 | TRACE   | query_time, 0.0024152249097824097
2024-05-08 19:27:40 | TRACE   | query_time, 0.0022480301558971405
2024-05-08 19:27:40 | TRACE   | query_time, 0.002268977463245392
2024-05-08 19:27:40 | TRACE   | query_time, 0.002316012978553772
2024-05-08 19:27:40 | TRACE   | query_time, 0.0022293217480182648
2024-05-08 19:27:40 | TRACE   | query_time, 0.0022355839610099792
2024-05-08 19:27:40 | TRACE   | query_time, 0.0022345632314682007
2024-05-08 19:27:40 | TRACE   | query_time, 0.002759840339422226
2024-05-08 19:27:40 | TRACE   | query_time, 0.002449687570333481
2024-05-08 19:27:40 | TRACE   | query_time, 0.0022696666419506073
2024-05-08 19:27:40 | TRACE   | query_time, 0.002338722348213196
2024-05-08 19:27:40 | TRACE   | query_time, 0.0024586766958236694
2024-05-08 19:27:40 | TRACE   | query_time, 0.0022498853504657745
2024-05-08 19:27:40 | TRACE   | query_time, 0.002251267433166504
2024-05-08 19:27:40 | TRACE   | query_time, 0.0022518597543239594
2024-05-08 19:27:40 | TRACE   | query_time, 0.002441227436065674
2024-05-08 19:27:40 | TRACE   | query_time, 0.002269405871629715
2024-05-08 19:27:40 | TRACE   | query_time, 0.0022489987313747406
2024-05-08 19:27:40 | TRACE   | query_time, 0.0024660304188728333
2024-05-08 19:27:40 | TRACE   | query_time, 0.0022372081875801086
2024-05-08 19:27:40 | TRACE   | query_time, 0.002257511019706726
2024-05-08 19:27:40 | TRACE   | query_time, 0.002461034804582596
2024-05-08 19:27:40 | TRACE   | query_time, 0.002373065799474716
2024-05-08 19:27:40 | TRACE   | query_time, 0.0022705644369125366
2024-05-08 19:27:40 | TRACE   | query_time, 0.0023819953203201294
2024-05-08 19:27:40 | TRACE   | query_time, 0.0024628639221191406
2024-05-08 19:27:40 | TRACE   | query_time, 0.002305231988430023
2024-05-08 19:27:40 | TRACE   | query_time, 0.0025933608412742615
2024-05-08 19:27:40 | TRACE   | query_time, 0.0022870004177093506
2024-05-08 19:27:40 | TRACE   | query_time, 0.00241011381149292
2024-05-08 19:27:40 | TRACE   | query_time, 0.002233445644378662
2024-05-08 19:27:40 | TRACE   | query_time, 0.002256721258163452
2024-05-08 19:27:40 | TRACE   | query_time, 0.002437923103570938
2024-05-08 19:27:40 | TRACE   | query_time, 0.0022570379078388214
2024-05-08 19:27:40 | TRACE   | query_time, 0.0022010616958141327
2024-05-08 19:27:40 | TRACE   | query_time, 0.002230539917945862
2024-05-08 19:27:40 | TRACE   | query_time, 0.0024621784687042236
2024-05-08 19:27:40 | TRACE   | query_time, 0.002472873777151108
2024-05-08 19:27:40 | TRACE   | query_time, 0.002450510859489441
2024-05-08 19:27:40 | TRACE   | query_time, 0.002373684197664261
2024-05-08 19:27:40 | TRACE   | query_time, 0.0022789686918258667
2024-05-08 19:27:40 | TRACE   | query_time, 0.002449590712785721
2024-05-08 19:27:40 | TRACE   | query_time, 0.00226515531539917
2024-05-08 19:27:40 | TRACE   | query_time, 0.0022688955068588257
2024-05-08 19:27:40 | TRACE   | query_time, 0.0023738928139209747
2024-05-08 19:27:40 | TRACE   | query_time, 0.0022536516189575195
2024-05-08 19:27:40 | TRACE   | query_time, 0.0022480152547359467
2024-05-08 19:27:40 | TRACE   | query_time, 0.0022321082651615143
2024-05-08 19:27:40 | TRACE   | query_time, 0.0022490806877613068
2024-05-08 19:27:40 | TRACE   | query_time, 0.0023864619433879852
2024-05-08 19:27:40 | TRACE   | query_time, 0.0022397376596927643
2024-05-08 19:27:40 | TRACE   | query_time, 0.0024433135986328125
2024-05-08 19:27:40 | TRACE   | query_time, 0.002305038273334503
2024-05-08 19:27:40 | TRACE   | query_time, 0.0025803744792938232
2024-05-08 19:27:40 | TRACE   | query_time, 0.002236500382423401
2024-05-08 19:27:40 | TRACE   | query_time, 0.0024169832468032837
2024-05-08 19:27:40 | TRACE   | query_time, 0.0022393688559532166
2024-05-08 19:27:40 | TRACE   | query_time, 0.002428952604532242
2024-05-08 19:27:40 | TRACE   | query_time, 0.0023445971310138702
2024-05-08 19:27:40 | TRACE   | query_time, 0.0027505047619342804
2024-05-08 19:27:40 | TRACE   | query_time, 0.002451326698064804
2024-05-08 19:27:40 | TRACE   | query_time, 0.0022563636302948
2024-05-08 19:27:40 | TRACE   | query_time, 0.0023591183125972748
2024-05-08 19:27:40 | TRACE   | query_time, 0.0024760179221630096
2024-05-08 19:27:40 | TRACE   | query_time, 0.0024470463395118713
2024-05-08 19:27:40 | TRACE   | query_time, 0.0022714324295520782
2024-05-08 19:27:40 | TRACE   | query_time, 0.002358660101890564
2024-05-08 19:27:40 | TRACE   | query_time, 0.002460084855556488
2024-05-08 19:27:40 | TRACE   | query_time, 0.0024709366261959076
2024-05-08 19:27:40 | TRACE   | query_time, 0.0029889829456806183
2024-05-08 19:27:40 | TRACE   | query_time, 0.0028798282146453857
2024-05-08 19:27:40 | TRACE   | query_time, 0.002917461097240448
2024-05-08 19:27:40 | TRACE   | query_time, 0.0028689205646514893
2024-05-08 19:27:40 | TRACE   | query_time, 0.0028476379811763763
2024-05-08 19:27:40 | TRACE   | query_time, 0.0029828138649463654
2024-05-08 19:27:40 | TRACE   | query_time, 0.0028553754091262817
2024-05-08 19:27:40 | TRACE   | query_time, 0.003237910568714142
2024-05-08 19:27:40 | TRACE   | query_time, 0.0028117746114730835
2024-05-08 19:27:40 | TRACE   | query_time, 0.003006797283887863
2024-05-08 19:27:40 | TRACE   | query_time, 0.002931308001279831
2024-05-08 19:27:40 | TRACE   | query_time, 0.002899128943681717
2024-05-08 19:27:40 | TRACE   | query_time, 0.002964898943901062
2024-05-08 19:27:40 | TRACE   | query_time, 0.0028545670211315155
2024-05-08 19:27:40 | TRACE   | query_time, 0.0029164329171180725
2024-05-08 19:27:40 | TRACE   | query_time, 0.0029703453183174133
2024-05-08 19:27:40 | TRACE   | query_time, 0.00291646271944046
2024-05-08 19:27:40 | TRACE   | query_time, 0.0028507262468338013
2024-05-08 19:27:40 | TRACE   | query_time, 0.0028159990906715393
2024-05-08 19:27:40 | TRACE   | query_time, 0.0028549134731292725
2024-05-08 19:27:40 | TRACE   | query_time, 0.002978801727294922
2024-05-08 19:27:40 | TRACE   | query_time, 0.002903684973716736
2024-05-08 19:27:40 | TRACE   | query_time, 0.002834577113389969
2024-05-08 19:27:40 | TRACE   | query_time, 0.0030108243227005005
2024-05-08 19:27:40 | TRACE   | query_time, 0.0030584074556827545
2024-05-08 19:27:40 | TRACE   | query_time, 0.0028043463826179504
2024-05-08 19:27:40 | TRACE   | query_time, 0.0028272531926631927
2024-05-08 19:27:40 | TRACE   | query_time, 0.0028205253183841705
2024-05-08 19:27:40 | TRACE   | query_time, 0.0031624212861061096
2024-05-08 19:27:40 | TRACE   | query_time, 0.002842675894498825
2024-05-08 19:27:40 | TRACE   | query_time, 0.003005877137184143
2024-05-08 19:27:40 | TRACE   | query_time, 0.002832327038049698
2024-05-08 19:27:40 | TRACE   | query_time, 0.0029490478336811066
2024-05-08 19:27:40 | TRACE   | query_time, 0.002822175621986389
2024-05-08 19:27:40 | TRACE   | query_time, 0.003000520169734955
2024-05-08 19:27:40 | TRACE   | query_time, 0.002882789820432663
2024-05-08 19:27:40 | TRACE   | query_time, 0.0029136277735233307
2024-05-08 19:27:40 | TRACE   | query_time, 0.002832915633916855
2024-05-08 19:27:40 | TRACE   | query_time, 0.0028458386659622192
2024-05-08 19:27:40 | TRACE   | query_time, 0.0029279664158821106
2024-05-08 19:27:40 | TRACE   | query_time, 0.0029401741921901703
2024-05-08 19:27:40 | TRACE   | query_time, 0.0030816681683063507
2024-05-08 19:27:40 | TRACE   | query_time, 0.002814188599586487
2024-05-08 19:27:40 | TRACE   | query_time, 0.002952560782432556
2024-05-08 19:27:40 | TRACE   | query_time, 0.0029734857380390167
2024-05-08 19:27:40 | TRACE   | query_time, 0.003231719136238098
2024-05-08 19:27:40 | TRACE   | query_time, 0.0028023608028888702
2024-05-08 19:27:40 | TRACE   | query_time, 0.0029534026980400085
2024-05-08 19:27:40 | TRACE   | query_time, 0.0029058530926704407
2024-05-08 19:27:40 | TRACE   | query_time, 0.0029644444584846497
2024-05-08 19:27:40 | TRACE   | query_time, 0.002980578690767288
2024-05-08 19:27:40 | TRACE   | query_time, 0.0029052235186100006
2024-05-08 19:27:40 | TRACE   | query_time, 0.0029835402965545654
2024-05-08 19:27:40 | TRACE   | query_time, 0.0029109828174114227
2024-05-08 19:27:40 | TRACE   | query_time, 0.002860516309738159
2024-05-08 19:27:40 | TRACE   | query_time, 0.0028615333139896393
2024-05-08 19:27:40 | TRACE   | query_time, 0.0029812119901180267
2024-05-08 19:27:40 | TRACE   | query_time, 0.002842586487531662
2024-05-08 19:27:40 | TRACE   | query_time, 0.0028485357761383057
2024-05-08 19:27:40 | TRACE   | query_time, 0.002849876880645752
2024-05-08 19:27:40 | TRACE   | query_time, 0.002979334443807602
2024-05-08 19:27:40 | TRACE   | query_time, 0.0029111765325069427
2024-05-08 19:27:40 | TRACE   | query_time, 0.0030508488416671753
2024-05-08 19:27:40 | TRACE   | query_time, 0.0028293170034885406
2024-05-08 19:27:40 | TRACE   | query_time, 0.002958446741104126
2024-05-08 19:27:40 | TRACE   | query_time, 0.0028461404144763947
2024-05-08 19:27:40 | TRACE   | query_time, 0.0029735490679740906
2024-05-08 19:27:40 | TRACE   | query_time, 0.003198046237230301
2024-05-08 19:27:40 | TRACE   | query_time, 0.0028466209769248962
2024-05-08 19:27:40 | TRACE   | query_time, 0.002798207104206085
2024-05-08 19:27:40 | TRACE   | query_time, 0.00298401340842247
2024-05-08 19:27:40 | TRACE   | query_time, 0.002943132072687149
2024-05-08 19:27:40 | TRACE   | query_time, 0.002915523946285248
2024-05-08 19:27:40 | TRACE   | query_time, 0.002952374517917633
2024-05-08 19:27:40 | TRACE   | query_time, 0.002968195825815201
2024-05-08 19:27:40 | TRACE   | query_time, 0.0029734596610069275
2024-05-08 19:27:40 | TRACE   | query_time, 0.0028557442128658295
2024-05-08 19:27:40 | TRACE   | query_time, 0.002971954643726349
2024-05-08 19:27:40 | TRACE   | query_time, 0.002858087420463562
2024-05-08 19:27:40 | TRACE   | query_time, 0.002837125211954117
2024-05-08 19:27:40 | TRACE   | query_time, 0.0028248243033885956
2024-05-08 19:27:40 | TRACE   | query_time, 0.00303741917014122
2024-05-08 19:27:40 | TRACE   | query_time, 0.0028370022773742676
2024-05-08 19:27:40 | TRACE   | query_time, 0.0028381124138832092
2024-05-08 19:27:40 | TRACE   | query_time, 0.0029158107936382294
2024-05-08 19:27:40 | TRACE   | query_time, 0.00282466784119606
2024-05-08 19:27:40 | TRACE   | query_time, 0.0028632022440433502
2024-05-08 19:27:40 | TRACE   | query_time, 0.0028732195496559143
2024-05-08 19:27:40 | TRACE   | query_time, 0.002943415194749832
2024-05-08 19:27:40 | TRACE   | query_time, 0.002815462648868561
2024-05-08 19:27:40 | TRACE   | query_time, 0.0029689855873584747
2024-05-08 19:27:40 | TRACE   | query_time, 0.0029677413403987885
2024-05-08 19:27:40 | TRACE   | query_time, 0.0029091015458106995
2024-05-08 19:27:40 | TRACE   | query_time, 0.0028389357030391693
2024-05-08 19:27:40 | TRACE   | query_time, 0.0028912797570228577
2024-05-08 19:27:40 | TRACE   | query_time, 0.002827376127243042
2024-05-08 19:27:40 | TRACE   | query_time, 0.0028406158089637756
2024-05-08 19:27:40 | TRACE   | query_time, 0.0028113052248954773
2024-05-08 19:27:40 | TRACE   | query_time, 0.0030348673462867737
2024-05-08 19:27:40 | TRACE   | query_time, 0.0029755644500255585
2024-05-08 19:27:40 | TRACE   | query_time, 0.002917647361755371
2024-05-08 19:27:40 | TRACE   | query_time, 0.0029264353215694427
2024-05-08 19:27:40 | TRACE   | query_time, 0.0029762201011180878
2024-05-08 19:27:40 | TRACE   | query_time, 0.0028913691639900208
2024-05-08 19:27:40 | TRACE   | query_time, 0.0030483081936836243
2024-05-08 19:27:40 | TRACE   | query_time, 0.0028587915003299713
2024-05-08 19:27:40 | TRACE   | query_time, 0.002841982990503311
2024-05-08 19:27:40 | TRACE   | query_time, 0.0028481483459472656
2024-05-08 19:27:40 | TRACE   | query_time, 0.0028200261294841766
2024-05-08 19:27:40 | TRACE   | query_time, 0.0029541850090026855
2024-05-08 19:27:40 | TRACE   | query_time, 0.0031656697392463684
2024-05-08 19:27:40 | TRACE   | query_time, 0.0028420165181159973
2024-05-08 19:27:40 | TRACE   | query_time, 0.0030026473104953766
2024-05-08 19:27:40 | TRACE   | query_time, 0.002889733761548996
2024-05-08 19:27:40 | TRACE   | query_time, 0.0029719211161136627
2024-05-08 19:27:40 | TRACE   | query_time, 0.002843819558620453
2024-05-08 19:27:40 | TRACE   | query_time, 0.0028715580701828003
2024-05-08 19:27:40 | TRACE   | query_time, 0.002924010157585144
2024-05-08 19:27:40 | TRACE   | query_time, 0.002829786390066147
2024-05-08 19:27:41 | TRACE   | query_time, 0.002980738878250122
2024-05-08 19:27:41 | TRACE   | query_time, 0.0028499364852905273
2024-05-08 19:27:41 | TRACE   | query_time, 0.002937380224466324
2024-05-08 19:27:41 | TRACE   | query_time, 0.0028143152594566345
2024-05-08 19:27:41 | TRACE   | query_time, 0.0030087754130363464
2024-05-08 19:27:41 | TRACE   | query_time, 0.002842780202627182
2024-05-08 19:27:41 | TRACE   | query_time, 0.002841200679540634
2024-05-08 19:27:41 | TRACE   | query_time, 0.0029348433017730713
2024-05-08 19:27:41 | TRACE   | query_time, 0.002847634255886078
2024-05-08 19:27:41 | TRACE   | query_time, 0.0029360689222812653
2024-05-08 19:27:41 | TRACE   | query_time, 0.002970457077026367
2024-05-08 19:27:41 | TRACE   | query_time, 0.0030379891395568848
2024-05-08 19:27:41 | TRACE   | query_time, 0.0028382427990436554
2024-05-08 19:27:41 | TRACE   | query_time, 0.002796970307826996
2024-05-08 19:27:41 | TRACE   | query_time, 0.002962704747915268
2024-05-08 19:27:41 | TRACE   | query_time, 0.00280853733420372
2024-05-08 19:27:41 | TRACE   | query_time, 0.0028387680649757385
2024-05-08 19:27:41 | TRACE   | query_time, 0.002958085387945175
2024-05-08 19:27:41 | TRACE   | query_time, 0.002791237086057663
2024-05-08 19:27:41 | TRACE   | query_time, 0.0028161555528640747
