2024-05-08 14:50:18 | DEBUG   | {'input': PosixPath('data/gittables/indices/microbenchmarks/rebinning-k700.zst'), 'input_type': 'index', 'queries': PosixPath('data/gittables/queries/microbenchmarks.zst'), 'estimation_mode': None, 'index_mode': 'recall', 'output': None, 'workers': None, 'frequency_hists': False, 'suppress_results': True, 'log_level': 'INFO', 'log_file': PosixPath('logs/microbenchmarks/runtime/gittables-rebinning-k700-single_suppressed-2.log')}
2024-05-08 14:50:18 | DEBUG   | Loading input data from data/gittables/indices/microbenchmarks/rebinning-k700.zst
2024-05-08 14:50:22 | DEBUG   | Loading queries from data/gittables/queries/microbenchmarks.zst
2024-05-08 14:50:22 | TRACE   | bootstrap_time, 4.604951370507479
2024-05-08 14:50:22 | DEBUG   | Starting execution
2024-05-08 14:50:22 | TRACE   | query_time, 0.0009543932974338531
2024-05-08 14:50:22 | TRACE   | query_time, 0.00041780993342399597
2024-05-08 14:50:22 | TRACE   | query_time, 0.0005185119807720184
2024-05-08 14:50:22 | TRACE   | query_time, 0.0004688464105129242
2024-05-08 14:50:22 | TRACE   | query_time, 0.0004086010158061981
2024-05-08 14:50:22 | TRACE   | query_time, 0.0005814619362354279
2024-05-08 14:50:22 | TRACE   | query_time, 0.0005140192806720734
2024-05-08 14:50:22 | TRACE   | query_time, 0.0005162172019481659
2024-05-08 14:50:22 | TRACE   | query_time, 0.00040838122367858887
2024-05-08 14:50:22 | TRACE   | query_time, 0.00042543932795524597
2024-05-08 14:50:22 | TRACE   | query_time, 0.0004056394100189209
2024-05-08 14:50:22 | TRACE   | query_time, 0.00040472671389579773
2024-05-08 14:50:22 | TRACE   | query_time, 0.0004944466054439545
2024-05-08 14:50:22 | TRACE   | query_time, 0.0004031062126159668
2024-05-08 14:50:22 | TRACE   | query_time, 0.00040430203080177307
2024-05-08 14:50:22 | TRACE   | query_time, 0.0004256144165992737
2024-05-08 14:50:22 | TRACE   | query_time, 0.0004037991166114807
2024-05-08 14:50:22 | TRACE   | query_time, 0.0004012957215309143
2024-05-08 14:50:22 | TRACE   | query_time, 0.0004207789897918701
2024-05-08 14:50:22 | TRACE   | query_time, 0.0004016272723674774
2024-05-08 14:50:22 | TRACE   | query_time, 0.000413455069065094
2024-05-08 14:50:22 | TRACE   | query_time, 0.0004796423017978668
2024-05-08 14:50:22 | TRACE   | query_time, 0.0004018619656562805
2024-05-08 14:50:22 | TRACE   | query_time, 0.0005083754658699036
2024-05-08 14:50:22 | TRACE   | query_time, 0.0005052052438259125
2024-05-08 14:50:22 | TRACE   | query_time, 0.0004016086459159851
2024-05-08 14:50:22 | TRACE   | query_time, 0.0004024133086204529
2024-05-08 14:50:22 | TRACE   | query_time, 0.0004650093615055084
2024-05-08 14:50:22 | TRACE   | query_time, 0.000400301069021225
2024-05-08 14:50:22 | TRACE   | query_time, 0.0005028955638408661
2024-05-08 14:50:22 | TRACE   | query_time, 0.0005033090710639954
2024-05-08 14:50:22 | TRACE   | query_time, 0.0004794709384441376
2024-05-08 14:50:22 | TRACE   | query_time, 0.0005887448787689209
2024-05-08 14:50:22 | TRACE   | query_time, 0.0005013495683670044
2024-05-08 14:50:22 | TRACE   | query_time, 0.0003972761332988739
2024-05-08 14:50:22 | TRACE   | query_time, 0.00041018426418304443
2024-05-08 14:50:22 | TRACE   | query_time, 0.0005041621625423431
2024-05-08 14:50:22 | TRACE   | query_time, 0.00039917975664138794
2024-05-08 14:50:22 | TRACE   | query_time, 0.0004268847405910492
2024-05-08 14:50:22 | TRACE   | query_time, 0.00040208548307418823
2024-05-08 14:50:22 | TRACE   | query_time, 0.0004989653825759888
2024-05-08 14:50:22 | TRACE   | query_time, 0.0004519037902355194
2024-05-08 14:50:22 | TRACE   | query_time, 0.00039839744567871094
2024-05-08 14:50:22 | TRACE   | query_time, 0.0005527511239051819
2024-05-08 14:50:22 | TRACE   | query_time, 0.0005017854273319244
2024-05-08 14:50:22 | TRACE   | query_time, 0.000501338392496109
2024-05-08 14:50:22 | TRACE   | query_time, 0.00042682886123657227
2024-05-08 14:50:22 | TRACE   | query_time, 0.0003995150327682495
2024-05-08 14:50:22 | TRACE   | query_time, 0.0004636719822883606
2024-05-08 14:50:22 | TRACE   | query_time, 0.0005539916455745697
2024-05-08 14:50:22 | TRACE   | query_time, 0.00040084123611450195
2024-05-08 14:50:22 | TRACE   | query_time, 0.0003986433148384094
2024-05-08 14:50:22 | TRACE   | query_time, 0.00041747093200683594
2024-05-08 14:50:22 | TRACE   | query_time, 0.00040198490023612976
2024-05-08 14:50:22 | TRACE   | query_time, 0.0004075095057487488
2024-05-08 14:50:22 | TRACE   | query_time, 0.00041848793625831604
2024-05-08 14:50:22 | TRACE   | query_time, 0.00039938464760780334
2024-05-08 14:50:22 | TRACE   | query_time, 0.00047044456005096436
2024-05-08 14:50:22 | TRACE   | query_time, 0.00040893256664276123
2024-05-08 14:50:22 | TRACE   | query_time, 0.0004983730614185333
2024-05-08 14:50:22 | TRACE   | query_time, 0.00047216564416885376
2024-05-08 14:50:22 | TRACE   | query_time, 0.0004006512463092804
2024-05-08 14:50:22 | TRACE   | query_time, 0.000501539558172226
2024-05-08 14:50:22 | TRACE   | query_time, 0.0004970133304595947
2024-05-08 14:50:22 | TRACE   | query_time, 0.00039931386709213257
2024-05-08 14:50:22 | TRACE   | query_time, 0.00039857998490333557
2024-05-08 14:50:22 | TRACE   | query_time, 0.00045954063534736633
2024-05-08 14:50:22 | TRACE   | query_time, 0.0004985108971595764
2024-05-08 14:50:22 | TRACE   | query_time, 0.00040830671787261963
2024-05-08 14:50:22 | TRACE   | query_time, 0.0004998259246349335
2024-05-08 14:50:22 | TRACE   | query_time, 0.00048710405826568604
2024-05-08 14:50:22 | TRACE   | query_time, 0.000405091792345047
2024-05-08 14:50:22 | TRACE   | query_time, 0.0005738921463489532
2024-05-08 14:50:22 | TRACE   | query_time, 0.0005031414330005646
2024-05-08 14:50:22 | TRACE   | query_time, 0.000498943030834198
2024-05-08 14:50:22 | TRACE   | query_time, 0.00039975717663764954
2024-05-08 14:50:22 | TRACE   | query_time, 0.0004617944359779358
2024-05-08 14:50:22 | TRACE   | query_time, 0.0005053691565990448
2024-05-08 14:50:22 | TRACE   | query_time, 0.00040768086910247803
2024-05-08 14:50:22 | TRACE   | query_time, 0.00042641162872314453
2024-05-08 14:50:22 | TRACE   | query_time, 0.0005000010132789612
2024-05-08 14:50:22 | TRACE   | query_time, 0.00045358389616012573
2024-05-08 14:50:22 | TRACE   | query_time, 0.0004797130823135376
2024-05-08 14:50:23 | TRACE   | query_time, 0.00039663165807724
2024-05-08 14:50:23 | TRACE   | query_time, 0.0005542486906051636
2024-05-08 14:50:23 | TRACE   | query_time, 0.0005061738193035126
2024-05-08 14:50:23 | TRACE   | query_time, 0.0004002004861831665
2024-05-08 14:50:23 | TRACE   | query_time, 0.0004188716411590576
2024-05-08 14:50:23 | TRACE   | query_time, 0.0004629306495189667
2024-05-08 14:50:23 | TRACE   | query_time, 0.00047957152128219604
2024-05-08 14:50:23 | TRACE   | query_time, 0.0005452148616313934
2024-05-08 14:50:23 | TRACE   | query_time, 0.00040085241198539734
2024-05-08 14:50:23 | TRACE   | query_time, 0.0003982335329055786
2024-05-08 14:50:23 | TRACE   | query_time, 0.00042096152901649475
2024-05-08 14:50:23 | TRACE   | query_time, 0.000399567186832428
2024-05-08 14:50:23 | TRACE   | query_time, 0.0003980696201324463
2024-05-08 14:50:23 | TRACE   | query_time, 0.0004167035222053528
2024-05-08 14:50:23 | TRACE   | query_time, 0.00040009617805480957
2024-05-08 14:50:23 | TRACE   | query_time, 0.0004630088806152344
2024-05-08 14:50:23 | TRACE   | query_time, 0.00040889158844947815
2024-05-08 14:50:23 | TRACE   | query_time, 0.0004995837807655334
2024-05-08 14:50:23 | TRACE   | query_time, 0.0004757605493068695
2024-05-08 14:50:23 | TRACE   | query_time, 0.0003995634615421295
2024-05-08 14:50:23 | TRACE   | query_time, 0.0004981309175491333
2024-05-08 14:50:23 | TRACE   | query_time, 0.000398881733417511
2024-05-08 14:50:23 | TRACE   | query_time, 0.00039968639612197876
2024-05-08 14:50:23 | TRACE   | query_time, 0.0004618503153324127
2024-05-08 14:50:23 | TRACE   | query_time, 0.000499822199344635
2024-05-08 14:50:23 | TRACE   | query_time, 0.0004969127476215363
2024-05-08 14:50:23 | TRACE   | query_time, 0.0005132369697093964
2024-05-08 14:50:23 | TRACE   | query_time, 0.00040287524461746216
2024-05-08 14:50:23 | TRACE   | query_time, 0.0005760081112384796
2024-05-08 14:50:23 | TRACE   | query_time, 0.0005013234913349152
2024-05-08 14:50:23 | TRACE   | query_time, 0.0004956163465976715
2024-05-08 14:50:23 | TRACE   | query_time, 0.00039931386709213257
2024-05-08 14:50:23 | TRACE   | query_time, 0.00040827319025993347
2024-05-08 14:50:23 | TRACE   | query_time, 0.00040646642446517944
2024-05-08 14:50:23 | TRACE   | query_time, 0.0004988685250282288
2024-05-08 14:50:23 | TRACE   | query_time, 0.00045419856905937195
2024-05-08 14:50:23 | TRACE   | query_time, 0.0004993900656700134
2024-05-08 14:50:23 | TRACE   | query_time, 0.0004062056541442871
2024-05-08 14:50:23 | TRACE   | query_time, 0.0004001408815383911
2024-05-08 14:50:23 | TRACE   | query_time, 0.0004262104630470276
2024-05-08 14:50:23 | TRACE   | query_time, 0.00039938464760780334
2024-05-08 14:50:23 | TRACE   | query_time, 0.0005029886960983276
2024-05-08 14:50:23 | TRACE   | query_time, 0.0004554726183414459
2024-05-08 14:50:23 | TRACE   | query_time, 0.00047765299677848816
2024-05-08 14:50:23 | TRACE   | query_time, 0.00040056556463241577
2024-05-08 14:50:23 | TRACE   | query_time, 0.000554792582988739
2024-05-08 14:50:23 | TRACE   | query_time, 0.0004993751645088196
2024-05-08 14:50:23 | TRACE   | query_time, 0.0004976242780685425
2024-05-08 14:50:23 | TRACE   | query_time, 0.00039872899651527405
2024-05-08 14:50:23 | TRACE   | query_time, 0.00042198970913887024
2024-05-08 14:50:23 | TRACE   | query_time, 0.00039988383650779724
2024-05-08 14:50:23 | TRACE   | query_time, 0.00046207010746002197
2024-05-08 14:50:23 | TRACE   | query_time, 0.0004798099398612976
2024-05-08 14:50:23 | TRACE   | query_time, 0.000548090785741806
2024-05-08 14:50:23 | TRACE   | query_time, 0.0003988519310951233
2024-05-08 14:50:23 | TRACE   | query_time, 0.00040019676089286804
2024-05-08 14:50:23 | TRACE   | query_time, 0.00041992589831352234
2024-05-08 14:50:23 | TRACE   | query_time, 0.0004040524363517761
2024-05-08 14:50:23 | TRACE   | query_time, 0.00040082260966300964
2024-05-08 14:50:23 | TRACE   | query_time, 0.00041643157601356506
2024-05-08 14:50:23 | TRACE   | query_time, 0.000400736927986145
2024-05-08 14:50:23 | TRACE   | query_time, 0.0004092790186405182
2024-05-08 14:50:23 | TRACE   | query_time, 0.0004988685250282288
2024-05-08 14:50:23 | TRACE   | query_time, 0.0004718080163002014
2024-05-08 14:50:23 | TRACE   | query_time, 0.000400785356760025
2024-05-08 14:50:23 | TRACE   | query_time, 0.0005020461976528168
2024-05-08 14:50:23 | TRACE   | query_time, 0.000499725341796875
2024-05-08 14:50:23 | TRACE   | query_time, 0.0003994181752204895
2024-05-08 14:50:23 | TRACE   | query_time, 0.0004614219069480896
2024-05-08 14:50:23 | TRACE   | query_time, 0.0003988891839981079
2024-05-08 14:50:23 | TRACE   | query_time, 0.0004983283579349518
2024-05-08 14:50:23 | TRACE   | query_time, 0.0004074610769748688
2024-05-08 14:50:23 | TRACE   | query_time, 0.0004995390772819519
2024-05-08 14:50:23 | TRACE   | query_time, 0.000578753650188446
2024-05-08 14:50:23 | TRACE   | query_time, 0.0004984810948371887
2024-05-08 14:50:23 | TRACE   | query_time, 0.0004976168274879456
2024-05-08 14:50:23 | TRACE   | query_time, 0.00040260329842567444
2024-05-08 14:50:23 | TRACE   | query_time, 0.00040714070200920105
2024-05-08 14:50:23 | TRACE   | query_time, 0.00040132179856300354
2024-05-08 14:50:23 | TRACE   | query_time, 0.0004979483783245087
2024-05-08 14:50:23 | TRACE   | query_time, 0.0004584081470966339
2024-05-08 14:50:23 | TRACE   | query_time, 0.0004970692098140717
2024-05-08 14:50:23 | TRACE   | query_time, 0.0004084743559360504
2024-05-08 14:50:23 | TRACE   | query_time, 0.00042724981904029846
2024-05-08 14:50:23 | TRACE   | query_time, 0.000400688499212265
2024-05-08 14:50:23 | TRACE   | query_time, 0.0004966557025909424
2024-05-08 14:50:23 | TRACE   | query_time, 0.00045388564467430115
2024-05-08 14:50:23 | TRACE   | query_time, 0.0003999657928943634
2024-05-08 14:50:23 | TRACE   | query_time, 0.000557824969291687
2024-05-08 14:50:23 | TRACE   | query_time, 0.0004998110234737396
2024-05-08 14:50:23 | TRACE   | query_time, 0.0004974082112312317
2024-05-08 14:50:23 | TRACE   | query_time, 0.0004009939730167389
2024-05-08 14:50:23 | TRACE   | query_time, 0.00040004029870033264
2024-05-08 14:50:23 | TRACE   | query_time, 0.00040032342076301575
2024-05-08 14:50:23 | TRACE   | query_time, 0.0004616081714630127
2024-05-08 14:50:23 | TRACE   | query_time, 0.00047840550541877747
2024-05-08 14:50:23 | TRACE   | query_time, 0.000550638884305954
2024-05-08 14:50:23 | TRACE   | query_time, 0.000399664044380188
2024-05-08 14:50:23 | TRACE   | query_time, 0.0004161447286605835
2024-05-08 14:50:23 | TRACE   | query_time, 0.00039821118116378784
2024-05-08 14:50:23 | TRACE   | query_time, 0.0003978461027145386
2024-05-08 14:50:23 | TRACE   | query_time, 0.00041572004556655884
2024-05-08 14:50:23 | TRACE   | query_time, 0.0003995820879936218
2024-05-08 14:50:23 | TRACE   | query_time, 0.0004631243646144867
2024-05-08 14:50:23 | TRACE   | query_time, 0.00041240081191062927
2024-05-08 14:50:23 | TRACE   | query_time, 0.0004973448812961578
2024-05-08 14:50:23 | TRACE   | query_time, 0.0004708394408226013
2024-05-08 14:50:23 | TRACE   | query_time, 0.00039733946323394775
2024-05-08 14:50:23 | TRACE   | query_time, 0.000496257096529007
2024-05-08 14:50:23 | TRACE   | query_time, 0.0004982203245162964
2024-05-08 14:50:23 | TRACE   | query_time, 0.0003987327218055725
2024-05-08 14:50:23 | TRACE   | query_time, 0.0003989189863204956
2024-05-08 14:50:23 | TRACE   | query_time, 0.00046429410576820374
2024-05-08 14:50:23 | TRACE   | query_time, 0.00039760395884513855
2024-05-08 14:50:23 | TRACE   | query_time, 0.0004989728331565857
2024-05-08 14:50:23 | TRACE   | query_time, 0.0004074200987815857
2024-05-08 14:50:23 | TRACE   | query_time, 0.000498354434967041
2024-05-08 14:50:23 | TRACE   | query_time, 0.0004720613360404968
2024-05-08 14:50:23 | TRACE   | query_time, 0.0003989413380622864
2024-05-08 14:50:23 | TRACE   | query_time, 0.0005727894604206085
2024-05-08 14:50:23 | TRACE   | query_time, 0.0005042403936386108
2024-05-08 14:50:23 | TRACE   | query_time, 0.0004974007606506348
2024-05-08 14:50:23 | TRACE   | query_time, 0.00040881335735321045
2024-05-08 14:50:23 | TRACE   | query_time, 0.00039955228567123413
2024-05-08 14:50:23 | TRACE   | query_time, 0.0004963763058185577
2024-05-08 14:50:23 | TRACE   | query_time, 0.0004520900547504425
2024-05-08 14:50:23 | TRACE   | query_time, 0.0004985779523849487
2024-05-08 14:50:23 | TRACE   | query_time, 0.00041189417243003845
2024-05-08 14:50:23 | TRACE   | query_time, 0.0003994479775428772
2024-05-08 14:50:23 | TRACE   | query_time, 0.0004237033426761627
2024-05-08 14:50:23 | TRACE   | query_time, 0.0003992319107055664
2024-05-08 14:50:23 | TRACE   | query_time, 0.0003981068730354309
2024-05-08 14:50:23 | TRACE   | query_time, 0.0005537346005439758
2024-05-08 14:50:23 | TRACE   | query_time, 0.0004974789917469025
2024-05-08 14:50:23 | TRACE   | query_time, 0.000498604029417038
2024-05-08 14:50:23 | TRACE   | query_time, 0.0004036165773868561
2024-05-08 14:50:23 | TRACE   | query_time, 0.00041716545820236206
2024-05-08 14:50:23 | TRACE   | query_time, 0.0003980770707130432
2024-05-08 14:50:23 | TRACE   | query_time, 0.00039948150515556335
2024-05-08 14:50:23 | TRACE   | query_time, 0.00046418607234954834
2024-05-08 14:50:23 | TRACE   | query_time, 0.00048105791211128235
2024-05-08 14:50:23 | TRACE   | query_time, 0.0005448944866657257
2024-05-08 14:50:23 | TRACE   | query_time, 0.00040113553404808044
2024-05-08 14:50:23 | TRACE   | query_time, 0.0004211142659187317
2024-05-08 14:50:23 | TRACE   | query_time, 0.00039912760257720947
2024-05-08 14:50:23 | TRACE   | query_time, 0.00039871782064437866
2024-05-08 14:50:23 | TRACE   | query_time, 0.00041865184903144836
2024-05-08 14:50:23 | TRACE   | query_time, 0.0003991425037384033
2024-05-08 14:50:23 | TRACE   | query_time, 0.000408269464969635
2024-05-08 14:50:23 | TRACE   | query_time, 0.0004993900656700134
2024-05-08 14:50:23 | TRACE   | query_time, 0.00047106295824050903
2024-05-08 14:50:23 | TRACE   | query_time, 0.00040351226925849915
2024-05-08 14:50:23 | TRACE   | query_time, 0.0004989057779312134
2024-05-08 14:50:23 | TRACE   | query_time, 0.0005005747079849243
2024-05-08 14:50:23 | TRACE   | query_time, 0.00040193647146224976
2024-05-08 14:50:23 | TRACE   | query_time, 0.0004640035331249237
2024-05-08 14:50:23 | TRACE   | query_time, 0.0004091225564479828
2024-05-08 14:50:23 | TRACE   | query_time, 0.0005104318261146545
2024-05-08 14:50:23 | TRACE   | query_time, 0.00041827932000160217
2024-05-08 14:50:23 | TRACE   | query_time, 0.0005124397575855255
2024-05-08 14:50:23 | TRACE   | query_time, 0.00040141865611076355
2024-05-08 14:50:23 | TRACE   | query_time, 0.0005717873573303223
2024-05-08 14:50:23 | TRACE   | query_time, 0.000498596578836441
2024-05-08 14:50:23 | TRACE   | query_time, 0.0004985332489013672
2024-05-08 14:50:23 | TRACE   | query_time, 0.0003999173641204834
2024-05-08 14:50:23 | TRACE   | query_time, 0.0004084184765815735
2024-05-08 14:50:23 | TRACE   | query_time, 0.00039765238761901855
2024-05-08 14:50:23 | TRACE   | query_time, 0.0005020163953304291
2024-05-08 14:50:23 | TRACE   | query_time, 0.000456441193819046
2024-05-08 14:50:23 | TRACE   | query_time, 0.0004972219467163086
2024-05-08 14:50:23 | TRACE   | query_time, 0.00041086599230766296
2024-05-08 14:50:23 | TRACE   | query_time, 0.00042470917105674744
2024-05-08 14:50:23 | TRACE   | query_time, 0.0003999769687652588
2024-05-08 14:50:23 | TRACE   | query_time, 0.0004982128739356995
2024-05-08 14:50:23 | TRACE   | query_time, 0.00045178458094596863
2024-05-08 14:50:23 | TRACE   | query_time, 0.00048080459237098694
2024-05-08 14:50:23 | TRACE   | query_time, 0.0004021376371383667
2024-05-08 14:50:23 | TRACE   | query_time, 0.0005528368055820465
2024-05-08 14:50:23 | TRACE   | query_time, 0.0004978030920028687
2024-05-08 14:50:23 | TRACE   | query_time, 0.0004983432590961456
2024-05-08 14:50:23 | TRACE   | query_time, 0.0003983937203884125
2024-05-08 14:50:23 | TRACE   | query_time, 0.00041750073432922363
2024-05-08 14:50:23 | TRACE   | query_time, 0.0004046708345413208
2024-05-08 14:50:23 | TRACE   | query_time, 0.00039802491664886475
2024-05-08 14:50:23 | TRACE   | query_time, 0.000463780015707016
2024-05-08 14:50:23 | TRACE   | query_time, 0.00048265978693962097
2024-05-08 14:50:23 | TRACE   | query_time, 0.0005469433963298798
2024-05-08 14:50:23 | TRACE   | query_time, 0.00039964914321899414
2024-05-08 14:50:23 | TRACE   | query_time, 0.000399075448513031
2024-05-08 14:50:23 | TRACE   | query_time, 0.0004002377390861511
2024-05-08 14:50:23 | TRACE   | query_time, 0.0004032440483570099
2024-05-08 14:50:23 | TRACE   | query_time, 0.0004196465015411377
2024-05-08 14:50:23 | TRACE   | query_time, 0.00040186941623687744
2024-05-08 14:50:23 | TRACE   | query_time, 0.00040667876601219177
2024-05-08 14:50:23 | TRACE   | query_time, 0.000497523695230484
2024-05-08 14:50:23 | TRACE   | query_time, 0.00047091394662857056
2024-05-08 14:50:23 | TRACE   | query_time, 0.0004990361630916595
2024-05-08 14:50:23 | TRACE   | query_time, 0.0004981681704521179
2024-05-08 14:50:23 | TRACE   | query_time, 0.00040315836668014526
2024-05-08 14:50:23 | TRACE   | query_time, 0.0003982558846473694
2024-05-08 14:50:23 | TRACE   | query_time, 0.00046350806951522827
2024-05-08 14:50:23 | TRACE   | query_time, 0.0003995820879936218
2024-05-08 14:50:23 | TRACE   | query_time, 0.0004991069436073303
2024-05-08 14:50:23 | TRACE   | query_time, 0.00040612369775772095
2024-05-08 14:50:23 | TRACE   | query_time, 0.0004974044859409332
2024-05-08 14:50:23 | TRACE   | query_time, 0.00047069787979125977
2024-05-08 14:50:23 | TRACE   | query_time, 0.000402793288230896
2024-05-08 14:50:23 | TRACE   | query_time, 0.0005720444023609161
2024-05-08 14:50:23 | TRACE   | query_time, 0.0004979372024536133
2024-05-08 14:50:23 | TRACE   | query_time, 0.0004984252154827118
2024-05-08 14:50:23 | TRACE   | query_time, 0.0003998689353466034
2024-05-08 14:50:23 | TRACE   | query_time, 0.00041009485721588135
2024-05-08 14:50:23 | TRACE   | query_time, 0.0004017166793346405
2024-05-08 14:50:23 | TRACE   | query_time, 0.0004980973899364471
2024-05-08 14:50:23 | TRACE   | query_time, 0.000499870628118515
2024-05-08 14:50:23 | TRACE   | query_time, 0.0004114322364330292
2024-05-08 14:50:23 | TRACE   | query_time, 0.00039880722761154175
2024-05-08 14:50:23 | TRACE   | query_time, 0.0004262663424015045
2024-05-08 14:50:23 | TRACE   | query_time, 0.00039954856038093567
2024-05-08 14:50:23 | TRACE   | query_time, 0.0004954487085342407
2024-05-08 14:50:23 | TRACE   | query_time, 0.00045351311564445496
2024-05-08 14:50:23 | TRACE   | query_time, 0.00047791004180908203
2024-05-08 14:50:23 | TRACE   | query_time, 0.00040667876601219177
2024-05-08 14:50:23 | TRACE   | query_time, 0.0005561672151088715
2024-05-08 14:50:23 | TRACE   | query_time, 0.000497475266456604
2024-05-08 14:50:23 | TRACE   | query_time, 0.0004948042333126068
2024-05-08 14:50:23 | TRACE   | query_time, 0.00040045008063316345
2024-05-08 14:50:23 | TRACE   | query_time, 0.0004150606691837311
2024-05-08 14:50:23 | TRACE   | query_time, 0.00039869919419288635
2024-05-08 14:50:23 | TRACE   | query_time, 0.00039884820580482483
2024-05-08 14:50:23 | TRACE   | query_time, 0.0004795379936695099
2024-05-08 14:50:23 | TRACE   | query_time, 0.0005431100726127625
2024-05-08 14:50:23 | TRACE   | query_time, 0.00040155649185180664
2024-05-08 14:50:23 | TRACE   | query_time, 0.00039919838309288025
2024-05-08 14:50:23 | TRACE   | query_time, 0.00041615962982177734
2024-05-08 14:50:23 | TRACE   | query_time, 0.00039871782064437866
2024-05-08 14:50:23 | TRACE   | query_time, 0.00039814040064811707
2024-05-08 14:50:23 | TRACE   | query_time, 0.00041709840297698975
2024-05-08 14:50:23 | TRACE   | query_time, 0.00040538981556892395
2024-05-08 14:50:23 | TRACE   | query_time, 0.000461675226688385
2024-05-08 14:50:23 | TRACE   | query_time, 0.00040812045335769653
2024-05-08 14:50:23 | TRACE   | query_time, 0.0004998408257961273
2024-05-08 14:50:23 | TRACE   | query_time, 0.0004696473479270935
2024-05-08 14:50:23 | TRACE   | query_time, 0.00039837509393692017
2024-05-08 14:50:23 | TRACE   | query_time, 0.0004984773695468903
2024-05-08 14:50:23 | TRACE   | query_time, 0.0005017071962356567
2024-05-08 14:50:23 | TRACE   | query_time, 0.0003987438976764679
2024-05-08 14:50:23 | TRACE   | query_time, 0.00039927661418914795
2024-05-08 14:50:23 | TRACE   | query_time, 0.00046097487211227417
2024-05-08 14:50:23 | TRACE   | query_time, 0.000400785356760025
2024-05-08 14:50:23 | TRACE   | query_time, 0.0011176466941833496
2024-05-08 14:50:23 | TRACE   | query_time, 0.0012627281248569489
2024-05-08 14:50:23 | TRACE   | query_time, 0.001070268452167511
2024-05-08 14:50:23 | TRACE   | query_time, 0.0012362860143184662
2024-05-08 14:50:23 | TRACE   | query_time, 0.0011743418872356415
2024-05-08 14:50:23 | TRACE   | query_time, 0.0010701082646846771
2024-05-08 14:50:23 | TRACE   | query_time, 0.0011231154203414917
2024-05-08 14:50:23 | TRACE   | query_time, 0.0011883936822414398
2024-05-08 14:50:23 | TRACE   | query_time, 0.0011119730770587921
2024-05-08 14:50:23 | TRACE   | query_time, 0.0012793093919754028
2024-05-08 14:50:23 | TRACE   | query_time, 0.0011707581579685211
2024-05-08 14:50:23 | TRACE   | query_time, 0.0010636001825332642
2024-05-08 14:50:23 | TRACE   | query_time, 0.00106034055352211
2024-05-08 14:50:23 | TRACE   | query_time, 0.001122932881116867
2024-05-08 14:50:23 | TRACE   | query_time, 0.0012015588581562042
2024-05-08 14:50:23 | TRACE   | query_time, 0.001050308346748352
2024-05-08 14:50:23 | TRACE   | query_time, 0.0010406933724880219
2024-05-08 14:50:23 | TRACE   | query_time, 0.0011378228664398193
2024-05-08 14:50:23 | TRACE   | query_time, 0.0011103078722953796
2024-05-08 14:50:23 | TRACE   | query_time, 0.0011737681925296783
2024-05-08 14:50:23 | TRACE   | query_time, 0.0011173449456691742
2024-05-08 14:50:23 | TRACE   | query_time, 0.0010525248944759369
2024-05-08 14:50:23 | TRACE   | query_time, 0.00119013711810112
2024-05-08 14:50:23 | TRACE   | query_time, 0.00105372816324234
2024-05-08 14:50:23 | TRACE   | query_time, 0.0010362230241298676
2024-05-08 14:50:23 | TRACE   | query_time, 0.0010599344968795776
2024-05-08 14:50:23 | TRACE   | query_time, 0.0012080222368240356
2024-05-08 14:50:23 | TRACE   | query_time, 0.0010664723813533783
2024-05-08 14:50:23 | TRACE   | query_time, 0.0010641701519489288
2024-05-08 14:50:23 | TRACE   | query_time, 0.001165047287940979
2024-05-08 14:50:23 | TRACE   | query_time, 0.0010953210294246674
2024-05-08 14:50:23 | TRACE   | query_time, 0.0012562014162540436
2024-05-08 14:50:23 | TRACE   | query_time, 0.0010737329721450806
2024-05-08 14:50:23 | TRACE   | query_time, 0.0010669492185115814
2024-05-08 14:50:23 | TRACE   | query_time, 0.0011554285883903503
2024-05-08 14:50:23 | TRACE   | query_time, 0.0010539740324020386
2024-05-08 14:50:23 | TRACE   | query_time, 0.001387171447277069
2024-05-08 14:50:23 | TRACE   | query_time, 0.0010494999587535858
2024-05-08 14:50:23 | TRACE   | query_time, 0.0010618232190608978
2024-05-08 14:50:23 | TRACE   | query_time, 0.0011629536747932434
2024-05-08 14:50:23 | TRACE   | query_time, 0.001104593276977539
2024-05-08 14:50:23 | TRACE   | query_time, 0.0011571310460567474
2024-05-08 14:50:23 | TRACE   | query_time, 0.0012106150388717651
2024-05-08 14:50:23 | TRACE   | query_time, 0.001166846603155136
2024-05-08 14:50:23 | TRACE   | query_time, 0.001048412173986435
2024-05-08 14:50:23 | TRACE   | query_time, 0.0011196918785572052
2024-05-08 14:50:23 | TRACE   | query_time, 0.0011589862406253815
2024-05-08 14:50:23 | TRACE   | query_time, 0.001062050461769104
2024-05-08 14:50:23 | TRACE   | query_time, 0.0010782405734062195
2024-05-08 14:50:23 | TRACE   | query_time, 0.0010460317134857178
2024-05-08 14:50:23 | TRACE   | query_time, 0.0012085624039173126
2024-05-08 14:50:23 | TRACE   | query_time, 0.001050744205713272
2024-05-08 14:50:23 | TRACE   | query_time, 0.0010459311306476593
2024-05-08 14:50:23 | TRACE   | query_time, 0.0011997409164905548
2024-05-08 14:50:23 | TRACE   | query_time, 0.0011108256876468658
2024-05-08 14:50:23 | TRACE   | query_time, 0.0011375322937965393
2024-05-08 14:50:23 | TRACE   | query_time, 0.0010504722595214844
2024-05-08 14:50:23 | TRACE   | query_time, 0.0010791383683681488
2024-05-08 14:50:23 | TRACE   | query_time, 0.0010846666991710663
2024-05-08 14:50:23 | TRACE   | query_time, 0.0010621845722198486
2024-05-08 14:50:23 | TRACE   | query_time, 0.0010417066514492035
2024-05-08 14:50:23 | TRACE   | query_time, 0.0010481178760528564
2024-05-08 14:50:23 | TRACE   | query_time, 0.001350492238998413
2024-05-08 14:50:23 | TRACE   | query_time, 0.0011761970818042755
2024-05-08 14:50:23 | TRACE   | query_time, 0.0010416246950626373
2024-05-08 14:50:23 | TRACE   | query_time, 0.0011126287281513214
2024-05-08 14:50:23 | TRACE   | query_time, 0.0011646486818790436
2024-05-08 14:50:23 | TRACE   | query_time, 0.0010388493537902832
2024-05-08 14:50:23 | TRACE   | query_time, 0.0010643452405929565
2024-05-08 14:50:23 | TRACE   | query_time, 0.0010458193719387054
2024-05-08 14:50:23 | TRACE   | query_time, 0.0011633969843387604
2024-05-08 14:50:23 | TRACE   | query_time, 0.0010613948106765747
2024-05-08 14:50:23 | TRACE   | query_time, 0.001049879938364029
2024-05-08 14:50:23 | TRACE   | query_time, 0.001191984862089157
2024-05-08 14:50:23 | TRACE   | query_time, 0.0010456666350364685
2024-05-08 14:50:23 | TRACE   | query_time, 0.001053590327501297
2024-05-08 14:50:23 | TRACE   | query_time, 0.0012046322226524353
2024-05-08 14:50:23 | TRACE   | query_time, 0.0011068843305110931
2024-05-08 14:50:23 | TRACE   | query_time, 0.0010458827018737793
2024-05-08 14:50:23 | TRACE   | query_time, 0.0011130794882774353
2024-05-08 14:50:23 | TRACE   | query_time, 0.0011670440435409546
2024-05-08 14:50:23 | TRACE   | query_time, 0.001088164746761322
2024-05-08 14:50:23 | TRACE   | query_time, 0.0012502335011959076
2024-05-08 14:50:23 | TRACE   | query_time, 0.0010705254971981049
2024-05-08 14:50:23 | TRACE   | query_time, 0.001157868653535843
2024-05-08 14:50:23 | TRACE   | query_time, 0.0010381042957305908
2024-05-08 14:50:23 | TRACE   | query_time, 0.0010556504130363464
2024-05-08 14:50:23 | TRACE   | query_time, 0.0011766254901885986
2024-05-08 14:50:23 | TRACE   | query_time, 0.001042105257511139
2024-05-08 14:50:23 | TRACE   | query_time, 0.001066688448190689
2024-05-08 14:50:23 | TRACE   | query_time, 0.0010355077683925629
2024-05-08 14:50:23 | TRACE   | query_time, 0.0011579208076000214
2024-05-08 14:50:23 | TRACE   | query_time, 0.001198258250951767
2024-05-08 14:50:23 | TRACE   | query_time, 0.0011635497212409973
2024-05-08 14:50:23 | TRACE   | query_time, 0.0011090412735939026
2024-05-08 14:50:23 | TRACE   | query_time, 0.0010637491941452026
2024-05-08 14:50:23 | TRACE   | query_time, 0.001165885478258133
2024-05-08 14:50:23 | TRACE   | query_time, 0.0010676383972167969
2024-05-08 14:50:23 | TRACE   | query_time, 0.0010627396404743195
2024-05-08 14:50:23 | TRACE   | query_time, 0.0011341273784637451
2024-05-08 14:50:23 | TRACE   | query_time, 0.0010598115622997284
2024-05-08 14:50:23 | TRACE   | query_time, 0.0010531730949878693
2024-05-08 14:50:23 | TRACE   | query_time, 0.001044444739818573
2024-05-08 14:50:23 | TRACE   | query_time, 0.0010544992983341217
2024-05-08 14:50:23 | TRACE   | query_time, 0.0011365562677383423
2024-05-08 14:50:23 | TRACE   | query_time, 0.0010561086237430573
2024-05-08 14:50:23 | TRACE   | query_time, 0.0011624470353126526
2024-05-08 14:50:23 | TRACE   | query_time, 0.0010866448283195496
2024-05-08 14:50:23 | TRACE   | query_time, 0.001252744346857071
2024-05-08 14:50:23 | TRACE   | query_time, 0.001049041748046875
2024-05-08 14:50:23 | TRACE   | query_time, 0.0011595040559768677
2024-05-08 14:50:23 | TRACE   | query_time, 0.001040283590555191
2024-05-08 14:50:23 | TRACE   | query_time, 0.0011514313519001007
2024-05-08 14:50:23 | TRACE   | query_time, 0.0011111795902252197
2024-05-08 14:50:23 | TRACE   | query_time, 0.001351725310087204
2024-05-08 14:50:23 | TRACE   | query_time, 0.0011768974363803864
2024-05-08 14:50:23 | TRACE   | query_time, 0.0010422654449939728
2024-05-08 14:50:23 | TRACE   | query_time, 0.0011061765253543854
2024-05-08 14:50:23 | TRACE   | query_time, 0.0012020058929920197
2024-05-08 14:50:23 | TRACE   | query_time, 0.001156240701675415
2024-05-08 14:50:23 | TRACE   | query_time, 0.0010733827948570251
2024-05-08 14:50:23 | TRACE   | query_time, 0.001127690076828003
2024-05-08 14:50:23 | TRACE   | query_time, 0.0011713691055774689
2024-05-08 14:50:23 | TRACE   | query_time, 0.0011894591152668
2024-05-08 14:50:23 | TRACE   | query_time, 0.001434326171875
2024-05-08 14:50:23 | TRACE   | query_time, 0.001371968537569046
2024-05-08 14:50:23 | TRACE   | query_time, 0.0014057643711566925
2024-05-08 14:50:23 | TRACE   | query_time, 0.0013937577605247498
2024-05-08 14:50:23 | TRACE   | query_time, 0.0013639219105243683
2024-05-08 14:50:23 | TRACE   | query_time, 0.0014476627111434937
2024-05-08 14:50:23 | TRACE   | query_time, 0.0013670921325683594
2024-05-08 14:50:23 | TRACE   | query_time, 0.0016186423599720001
2024-05-08 14:50:23 | TRACE   | query_time, 0.001366402953863144
2024-05-08 14:50:23 | TRACE   | query_time, 0.0014573708176612854
2024-05-08 14:50:23 | TRACE   | query_time, 0.0014342628419399261
2024-05-08 14:50:23 | TRACE   | query_time, 0.0014202781021595001
2024-05-08 14:50:23 | TRACE   | query_time, 0.0014568828046321869
2024-05-08 14:50:23 | TRACE   | query_time, 0.0013895556330680847
2024-05-08 14:50:23 | TRACE   | query_time, 0.0014371685683727264
2024-05-08 14:50:23 | TRACE   | query_time, 0.0014799907803535461
2024-05-08 14:50:23 | TRACE   | query_time, 0.0014204233884811401
2024-05-08 14:50:23 | TRACE   | query_time, 0.001369662582874298
2024-05-08 14:50:23 | TRACE   | query_time, 0.001359160989522934
2024-05-08 14:50:23 | TRACE   | query_time, 0.0013617351651191711
2024-05-08 14:50:23 | TRACE   | query_time, 0.0014775656163692474
2024-05-08 14:50:23 | TRACE   | query_time, 0.0014008767902851105
2024-05-08 14:50:23 | TRACE   | query_time, 0.0013762451708316803
2024-05-08 14:50:23 | TRACE   | query_time, 0.0014681220054626465
2024-05-08 14:50:23 | TRACE   | query_time, 0.0015195533633232117
2024-05-08 14:50:23 | TRACE   | query_time, 0.0013563111424446106
2024-05-08 14:50:23 | TRACE   | query_time, 0.0013643354177474976
2024-05-08 14:50:23 | TRACE   | query_time, 0.0013657733798027039
2024-05-08 14:50:23 | TRACE   | query_time, 0.0015962347388267517
2024-05-08 14:50:23 | TRACE   | query_time, 0.0013491809368133545
2024-05-08 14:50:23 | TRACE   | query_time, 0.001439899206161499
2024-05-08 14:50:23 | TRACE   | query_time, 0.001352895051240921
2024-05-08 14:50:23 | TRACE   | query_time, 0.0014243312180042267
2024-05-08 14:50:23 | TRACE   | query_time, 0.001351960003376007
2024-05-08 14:50:23 | TRACE   | query_time, 0.0014480538666248322
2024-05-08 14:50:23 | TRACE   | query_time, 0.0013835951685905457
2024-05-08 14:50:23 | TRACE   | query_time, 0.0014235638082027435
2024-05-08 14:50:23 | TRACE   | query_time, 0.0013559125363826752
2024-05-08 14:50:23 | TRACE   | query_time, 0.0013578720390796661
2024-05-08 14:50:23 | TRACE   | query_time, 0.0014000870287418365
2024-05-08 14:50:23 | TRACE   | query_time, 0.0014238469302654266
2024-05-08 14:50:23 | TRACE   | query_time, 0.0015050172805786133
2024-05-08 14:50:23 | TRACE   | query_time, 0.0013623349368572235
2024-05-08 14:50:23 | TRACE   | query_time, 0.00144200399518013
2024-05-08 14:50:23 | TRACE   | query_time, 0.0014454014599323273
2024-05-08 14:50:23 | TRACE   | query_time, 0.001596979796886444
2024-05-08 14:50:23 | TRACE   | query_time, 0.001367807388305664
2024-05-08 14:50:23 | TRACE   | query_time, 0.0014316141605377197
2024-05-08 14:50:23 | TRACE   | query_time, 0.001409728080034256
2024-05-08 14:50:23 | TRACE   | query_time, 0.0014470107853412628
2024-05-08 14:50:23 | TRACE   | query_time, 0.001492723822593689
2024-05-08 14:50:23 | TRACE   | query_time, 0.0014093182981014252
2024-05-08 14:50:23 | TRACE   | query_time, 0.0014505423605442047
2024-05-08 14:50:23 | TRACE   | query_time, 0.0014257915318012238
2024-05-08 14:50:23 | TRACE   | query_time, 0.0013837255537509918
2024-05-08 14:50:23 | TRACE   | query_time, 0.0013815201818943024
2024-05-08 14:50:23 | TRACE   | query_time, 0.0014529526233673096
2024-05-08 14:50:23 | TRACE   | query_time, 0.0013618767261505127
2024-05-08 14:50:23 | TRACE   | query_time, 0.0013741105794906616
2024-05-08 14:50:23 | TRACE   | query_time, 0.0013873018324375153
2024-05-08 14:50:23 | TRACE   | query_time, 0.0014961175620555878
2024-05-08 14:50:23 | TRACE   | query_time, 0.00141863152384758
2024-05-08 14:50:23 | TRACE   | query_time, 0.0015105940401554108
2024-05-08 14:50:23 | TRACE   | query_time, 0.0013696663081645966
2024-05-08 14:50:23 | TRACE   | query_time, 0.0014592260122299194
2024-05-08 14:50:23 | TRACE   | query_time, 0.0013762786984443665
2024-05-08 14:50:23 | TRACE   | query_time, 0.0014381743967533112
2024-05-08 14:50:23 | TRACE   | query_time, 0.0015840493142604828
2024-05-08 14:50:23 | TRACE   | query_time, 0.0013539865612983704
2024-05-08 14:50:23 | TRACE   | query_time, 0.0013602003455162048
2024-05-08 14:50:23 | TRACE   | query_time, 0.00144142284989357
2024-05-08 14:50:23 | TRACE   | query_time, 0.001422729343175888
2024-05-08 14:50:23 | TRACE   | query_time, 0.0014118440449237823
2024-05-08 14:50:23 | TRACE   | query_time, 0.0014376714825630188
2024-05-08 14:50:23 | TRACE   | query_time, 0.0014847628772258759
2024-05-08 14:50:23 | TRACE   | query_time, 0.0014529041945934296
2024-05-08 14:50:23 | TRACE   | query_time, 0.0013705939054489136
2024-05-08 14:50:23 | TRACE   | query_time, 0.0014479570090770721
2024-05-08 14:50:23 | TRACE   | query_time, 0.0013768598437309265
2024-05-08 14:50:23 | TRACE   | query_time, 0.0013559907674789429
2024-05-08 14:50:23 | TRACE   | query_time, 0.001371573656797409
2024-05-08 14:50:23 | TRACE   | query_time, 0.0015078000724315643
2024-05-08 14:50:23 | TRACE   | query_time, 0.001370903104543686
2024-05-08 14:50:23 | TRACE   | query_time, 0.0013639554381370544
2024-05-08 14:50:23 | TRACE   | query_time, 0.001429576426744461
2024-05-08 14:50:23 | TRACE   | query_time, 0.0013601668179035187
2024-05-08 14:50:23 | TRACE   | query_time, 0.001382283866405487
2024-05-08 14:50:23 | TRACE   | query_time, 0.0013853088021278381
2024-05-08 14:50:23 | TRACE   | query_time, 0.001453455537557602
2024-05-08 14:50:23 | TRACE   | query_time, 0.001361362636089325
2024-05-08 14:50:23 | TRACE   | query_time, 0.001436624675989151
2024-05-08 14:50:23 | TRACE   | query_time, 0.001474957913160324
2024-05-08 14:50:23 | TRACE   | query_time, 0.001406945288181305
2024-05-08 14:50:23 | TRACE   | query_time, 0.0013813488185405731
2024-05-08 14:50:23 | TRACE   | query_time, 0.0014422014355659485
2024-05-08 14:50:23 | TRACE   | query_time, 0.0013752169907093048
2024-05-08 14:50:23 | TRACE   | query_time, 0.001376822590827942
2024-05-08 14:50:23 | TRACE   | query_time, 0.0013543330132961273
2024-05-08 14:50:23 | TRACE   | query_time, 0.0014834888279438019
2024-05-08 14:50:23 | TRACE   | query_time, 0.0014800578355789185
2024-05-08 14:50:23 | TRACE   | query_time, 0.001409865915775299
2024-05-08 14:50:23 | TRACE   | query_time, 0.0014116205275058746
2024-05-08 14:50:23 | TRACE   | query_time, 0.001460745930671692
2024-05-08 14:50:23 | TRACE   | query_time, 0.0013988427817821503
2024-05-08 14:50:23 | TRACE   | query_time, 0.0015074461698532104
2024-05-08 14:50:23 | TRACE   | query_time, 0.0013859309256076813
2024-05-08 14:50:23 | TRACE   | query_time, 0.001382090151309967
2024-05-08 14:50:23 | TRACE   | query_time, 0.001371920108795166
2024-05-08 14:50:23 | TRACE   | query_time, 0.0013759583234786987
2024-05-08 14:50:23 | TRACE   | query_time, 0.001443527638912201
2024-05-08 14:50:23 | TRACE   | query_time, 0.0016001798212528229
2024-05-08 14:50:23 | TRACE   | query_time, 0.0013583414256572723
2024-05-08 14:50:23 | TRACE   | query_time, 0.0014535225927829742
2024-05-08 14:50:23 | TRACE   | query_time, 0.0014152564108371735
2024-05-08 14:50:23 | TRACE   | query_time, 0.0014769621193408966
2024-05-08 14:50:23 | TRACE   | query_time, 0.001361805945634842
2024-05-08 14:50:23 | TRACE   | query_time, 0.0013855807483196259
2024-05-08 14:50:23 | TRACE   | query_time, 0.0014311634004116058
2024-05-08 14:50:23 | TRACE   | query_time, 0.0013635605573654175
2024-05-08 14:50:23 | TRACE   | query_time, 0.0014787614345550537
2024-05-08 14:50:23 | TRACE   | query_time, 0.0013639144599437714
2024-05-08 14:50:23 | TRACE   | query_time, 0.0014289245009422302
2024-05-08 14:50:23 | TRACE   | query_time, 0.0013636946678161621
2024-05-08 14:50:23 | TRACE   | query_time, 0.0014879927039146423
2024-05-08 14:50:23 | TRACE   | query_time, 0.0013670586049556732
2024-05-08 14:50:23 | TRACE   | query_time, 0.0013624951243400574
2024-05-08 14:50:23 | TRACE   | query_time, 0.0014365501701831818
2024-05-08 14:50:23 | TRACE   | query_time, 0.0019229091703891754
2024-05-08 14:50:23 | TRACE   | query_time, 0.004460632801055908
2024-05-08 14:50:23 | TRACE   | query_time, 0.0016202665865421295
2024-05-08 14:50:23 | TRACE   | query_time, 0.0016655772924423218
2024-05-08 14:50:23 | TRACE   | query_time, 0.0015185140073299408
2024-05-08 14:50:23 | TRACE   | query_time, 0.001511361449956894
2024-05-08 14:50:23 | TRACE   | query_time, 0.0015329085290431976
2024-05-08 14:50:23 | TRACE   | query_time, 0.0013633966445922852
2024-05-08 14:50:23 | TRACE   | query_time, 0.0013591162860393524
2024-05-08 14:50:23 | TRACE   | query_time, 0.0014473535120487213
