2024-05-08 19:31:35 | DEBUG   | {'input': PosixPath('data/gittables/indices/microbenchmarks/rebinning-k650.zst'), 'input_type': 'index', 'queries': PosixPath('data/gittables/queries/microbenchmarks.zst'), 'estimation_mode': None, 'index_mode': 'recall', 'output': None, 'workers': None, 'frequency_hists': False, 'suppress_results': True, 'log_level': 'INFO', 'log_file': PosixPath('logs/microbenchmarks/runtime/gittables-rebinning-k650-single_suppressed-4.log')}
2024-05-08 19:31:35 | DEBUG   | Loading input data from data/gittables/indices/microbenchmarks/rebinning-k650.zst
2024-05-08 19:31:40 | DEBUG   | Loading queries from data/gittables/queries/microbenchmarks.zst
2024-05-08 19:31:40 | TRACE   | bootstrap_time, 5.080747988075018
2024-05-08 19:31:40 | DEBUG   | Starting execution
2024-05-08 19:31:40 | TRACE   | query_time, 0.0006574131548404694
2024-05-08 19:31:40 | TRACE   | query_time, 0.0004122219979763031
2024-05-08 19:31:40 | TRACE   | query_time, 0.0005249902606010437
2024-05-08 19:31:40 | TRACE   | query_time, 0.0004787370562553406
2024-05-08 19:31:40 | TRACE   | query_time, 0.0004098638892173767
2024-05-08 19:31:40 | TRACE   | query_time, 0.0005895905196666718
2024-05-08 19:31:40 | TRACE   | query_time, 0.0005188398063182831
2024-05-08 19:31:40 | TRACE   | query_time, 0.0005224160850048065
2024-05-08 19:31:40 | TRACE   | query_time, 0.0003939233720302582
2024-05-08 19:31:40 | TRACE   | query_time, 0.0004163123667240143
2024-05-08 19:31:40 | TRACE   | query_time, 0.00040229782462120056
2024-05-08 19:31:40 | TRACE   | query_time, 0.0003949403762817383
2024-05-08 19:31:40 | TRACE   | query_time, 0.0004981867969036102
2024-05-08 19:31:40 | TRACE   | query_time, 0.0004043877124786377
2024-05-08 19:31:40 | TRACE   | query_time, 0.00040498748421669006
2024-05-08 19:31:40 | TRACE   | query_time, 0.0004137307405471802
2024-05-08 19:31:40 | TRACE   | query_time, 0.000397317111492157
2024-05-08 19:31:40 | TRACE   | query_time, 0.0003948025405406952
2024-05-08 19:31:40 | TRACE   | query_time, 0.0004112832248210907
2024-05-08 19:31:40 | TRACE   | query_time, 0.00041189417243003845
2024-05-08 19:31:40 | TRACE   | query_time, 0.0004143714904785156
2024-05-08 19:31:40 | TRACE   | query_time, 0.00048647820949554443
2024-05-08 19:31:40 | TRACE   | query_time, 0.0004021860659122467
2024-05-08 19:31:40 | TRACE   | query_time, 0.0005083754658699036
2024-05-08 19:31:40 | TRACE   | query_time, 0.0005121305584907532
2024-05-08 19:31:40 | TRACE   | query_time, 0.0004020407795906067
2024-05-08 19:31:40 | TRACE   | query_time, 0.00040235742926597595
2024-05-08 19:31:40 | TRACE   | query_time, 0.0004841238260269165
2024-05-08 19:31:40 | TRACE   | query_time, 0.0003935396671295166
2024-05-08 19:31:40 | TRACE   | query_time, 0.0005123615264892578
2024-05-08 19:31:40 | TRACE   | query_time, 0.0005176253616809845
2024-05-08 19:31:40 | TRACE   | query_time, 0.000482950359582901
2024-05-08 19:31:40 | TRACE   | query_time, 0.0005821250379085541
2024-05-08 19:31:40 | TRACE   | query_time, 0.0005116797983646393
2024-05-08 19:31:40 | TRACE   | query_time, 0.0004118606448173523
2024-05-08 19:31:40 | TRACE   | query_time, 0.000412721186876297
2024-05-08 19:31:40 | TRACE   | query_time, 0.0005118623375892639
2024-05-08 19:31:40 | TRACE   | query_time, 0.0004026778042316437
2024-05-08 19:31:40 | TRACE   | query_time, 0.00042048096656799316
2024-05-08 19:31:40 | TRACE   | query_time, 0.0003924518823623657
2024-05-08 19:31:40 | TRACE   | query_time, 0.0005092620849609375
2024-05-08 19:31:40 | TRACE   | query_time, 0.000462457537651062
2024-05-08 19:31:40 | TRACE   | query_time, 0.0004118382930755615
2024-05-08 19:31:40 | TRACE   | query_time, 0.0005673356354236603
2024-05-08 19:31:40 | TRACE   | query_time, 0.0005094632506370544
2024-05-08 19:31:40 | TRACE   | query_time, 0.0005128048360347748
2024-05-08 19:31:40 | TRACE   | query_time, 0.0004134364426136017
2024-05-08 19:31:40 | TRACE   | query_time, 0.000391252338886261
2024-05-08 19:31:40 | TRACE   | query_time, 0.00048125535249710083
2024-05-08 19:31:40 | TRACE   | query_time, 0.0005689449608325958
2024-05-08 19:31:40 | TRACE   | query_time, 0.00040371716022491455
2024-05-08 19:31:40 | TRACE   | query_time, 0.00040289759635925293
2024-05-08 19:31:40 | TRACE   | query_time, 0.0004115663468837738
2024-05-08 19:31:40 | TRACE   | query_time, 0.0003947131335735321
2024-05-08 19:31:40 | TRACE   | query_time, 0.00039324164390563965
2024-05-08 19:31:40 | TRACE   | query_time, 0.0004130043089389801
2024-05-08 19:31:40 | TRACE   | query_time, 0.00040286406874656677
2024-05-08 19:31:40 | TRACE   | query_time, 0.00048267096281051636
2024-05-08 19:31:40 | TRACE   | query_time, 0.00041355565190315247
2024-05-08 19:31:40 | TRACE   | query_time, 0.0005072206258773804
2024-05-08 19:31:40 | TRACE   | query_time, 0.0004795268177986145
2024-05-08 19:31:40 | TRACE   | query_time, 0.00040294229984283447
2024-05-08 19:31:40 | TRACE   | query_time, 0.0005054287612438202
2024-05-08 19:31:40 | TRACE   | query_time, 0.0005057714879512787
2024-05-08 19:31:40 | TRACE   | query_time, 0.00040197744965553284
2024-05-08 19:31:40 | TRACE   | query_time, 0.000418689101934433
2024-05-08 19:31:40 | TRACE   | query_time, 0.0004794374108314514
2024-05-08 19:31:40 | TRACE   | query_time, 0.0005097240209579468
2024-05-08 19:31:41 | TRACE   | query_time, 0.0004161335527896881
2024-05-08 19:31:41 | TRACE   | query_time, 0.0005100294947624207
2024-05-08 19:31:41 | TRACE   | query_time, 0.00047702714800834656
2024-05-08 19:31:41 | TRACE   | query_time, 0.0003936253488063812
2024-05-08 19:31:41 | TRACE   | query_time, 0.0005804933607578278
2024-05-08 19:31:41 | TRACE   | query_time, 0.000515330582857132
2024-05-08 19:31:41 | TRACE   | query_time, 0.000510040670633316
2024-05-08 19:31:41 | TRACE   | query_time, 0.00039605051279067993
2024-05-08 19:31:41 | TRACE   | query_time, 0.00046533718705177307
2024-05-08 19:31:41 | TRACE   | query_time, 0.000514008104801178
2024-05-08 19:31:41 | TRACE   | query_time, 0.00041280314326286316
2024-05-08 19:31:41 | TRACE   | query_time, 0.00042158737778663635
2024-05-08 19:31:41 | TRACE   | query_time, 0.0005114376544952393
2024-05-08 19:31:41 | TRACE   | query_time, 0.00045879557728767395
2024-05-08 19:31:41 | TRACE   | query_time, 0.0004899837076663971
2024-05-08 19:31:41 | TRACE   | query_time, 0.0004014261066913605
2024-05-08 19:31:41 | TRACE   | query_time, 0.0005635283887386322
2024-05-08 19:31:41 | TRACE   | query_time, 0.0005063451826572418
2024-05-08 19:31:41 | TRACE   | query_time, 0.00039336085319519043
2024-05-08 19:31:41 | TRACE   | query_time, 0.0004110671579837799
2024-05-08 19:31:41 | TRACE   | query_time, 0.0004836060106754303
2024-05-08 19:31:41 | TRACE   | query_time, 0.0004910379648208618
2024-05-08 19:31:41 | TRACE   | query_time, 0.000555913895368576
2024-05-08 19:31:41 | TRACE   | query_time, 0.00040416792035102844
2024-05-08 19:31:41 | TRACE   | query_time, 0.00040300190448760986
2024-05-08 19:31:41 | TRACE   | query_time, 0.00041016191244125366
2024-05-08 19:31:41 | TRACE   | query_time, 0.00039288774132728577
2024-05-08 19:31:41 | TRACE   | query_time, 0.00038896873593330383
2024-05-08 19:31:41 | TRACE   | query_time, 0.00041815266013145447
2024-05-08 19:31:41 | TRACE   | query_time, 0.00040436163544654846
2024-05-08 19:31:41 | TRACE   | query_time, 0.0004692189395427704
2024-05-08 19:31:41 | TRACE   | query_time, 0.0004119016230106354
2024-05-08 19:31:41 | TRACE   | query_time, 0.0005043111741542816
2024-05-08 19:31:41 | TRACE   | query_time, 0.00048055127263069153
2024-05-08 19:31:41 | TRACE   | query_time, 0.0003994889557361603
2024-05-08 19:31:41 | TRACE   | query_time, 0.0005058944225311279
2024-05-08 19:31:41 | TRACE   | query_time, 0.0004075393080711365
2024-05-08 19:31:41 | TRACE   | query_time, 0.00040265917778015137
2024-05-08 19:31:41 | TRACE   | query_time, 0.0004771426320075989
2024-05-08 19:31:41 | TRACE   | query_time, 0.0005071461200714111
2024-05-08 19:31:41 | TRACE   | query_time, 0.000505443662405014
2024-05-08 19:31:41 | TRACE   | query_time, 0.0004767663776874542
2024-05-08 19:31:41 | TRACE   | query_time, 0.0003962405025959015
2024-05-08 19:31:41 | TRACE   | query_time, 0.0005833692848682404
2024-05-08 19:31:41 | TRACE   | query_time, 0.0005149431526660919
2024-05-08 19:31:41 | TRACE   | query_time, 0.0005077086389064789
2024-05-08 19:31:41 | TRACE   | query_time, 0.0003920048475265503
2024-05-08 19:31:41 | TRACE   | query_time, 0.0004137307405471802
2024-05-08 19:31:41 | TRACE   | query_time, 0.00040229782462120056
2024-05-08 19:31:41 | TRACE   | query_time, 0.0005066171288490295
2024-05-08 19:31:41 | TRACE   | query_time, 0.0004595443606376648
2024-05-08 19:31:41 | TRACE   | query_time, 0.0005144104361534119
2024-05-08 19:31:41 | TRACE   | query_time, 0.0004122927784919739
2024-05-08 19:31:41 | TRACE   | query_time, 0.0004021190106868744
2024-05-08 19:31:41 | TRACE   | query_time, 0.00042235106229782104
2024-05-08 19:31:41 | TRACE   | query_time, 0.00039461255073547363
2024-05-08 19:31:41 | TRACE   | query_time, 0.0005109533667564392
2024-05-08 19:31:41 | TRACE   | query_time, 0.00046102702617645264
2024-05-08 19:31:41 | TRACE   | query_time, 0.0004904605448246002
2024-05-08 19:31:41 | TRACE   | query_time, 0.0004069022834300995
2024-05-08 19:31:41 | TRACE   | query_time, 0.0005641728639602661
2024-05-08 19:31:41 | TRACE   | query_time, 0.0005102939903736115
2024-05-08 19:31:41 | TRACE   | query_time, 0.000507701188325882
2024-05-08 19:31:41 | TRACE   | query_time, 0.0003955662250518799
2024-05-08 19:31:41 | TRACE   | query_time, 0.00041319429874420166
2024-05-08 19:31:41 | TRACE   | query_time, 0.0003935322165489197
2024-05-08 19:31:41 | TRACE   | query_time, 0.00048267096281051636
2024-05-08 19:31:41 | TRACE   | query_time, 0.0004868842661380768
2024-05-08 19:31:41 | TRACE   | query_time, 0.0005515553057193756
2024-05-08 19:31:41 | TRACE   | query_time, 0.00040409713983535767
2024-05-08 19:31:41 | TRACE   | query_time, 0.0004038698971271515
2024-05-08 19:31:41 | TRACE   | query_time, 0.0004121921956539154
2024-05-08 19:31:41 | TRACE   | query_time, 0.0003917291760444641
2024-05-08 19:31:41 | TRACE   | query_time, 0.0003914274275302887
2024-05-08 19:31:41 | TRACE   | query_time, 0.00041224434971809387
2024-05-08 19:31:41 | TRACE   | query_time, 0.00040310248732566833
2024-05-08 19:31:41 | TRACE   | query_time, 0.00041125714778900146
2024-05-08 19:31:41 | TRACE   | query_time, 0.0005079992115497589
2024-05-08 19:31:41 | TRACE   | query_time, 0.00047802552580833435
2024-05-08 19:31:41 | TRACE   | query_time, 0.00040262192487716675
2024-05-08 19:31:41 | TRACE   | query_time, 0.00050324946641922
2024-05-08 19:31:41 | TRACE   | query_time, 0.000509951263666153
2024-05-08 19:31:41 | TRACE   | query_time, 0.00040508806705474854
2024-05-08 19:31:41 | TRACE   | query_time, 0.000480111688375473
2024-05-08 19:31:41 | TRACE   | query_time, 0.00039286166429519653
2024-05-08 19:31:41 | TRACE   | query_time, 0.0005084462463855743
2024-05-08 19:31:41 | TRACE   | query_time, 0.0004107169806957245
2024-05-08 19:31:41 | TRACE   | query_time, 0.0005085505545139313
2024-05-08 19:31:41 | TRACE   | query_time, 0.000574260950088501
2024-05-08 19:31:41 | TRACE   | query_time, 0.0005036517977714539
2024-05-08 19:31:41 | TRACE   | query_time, 0.0005110874772071838
2024-05-08 19:31:41 | TRACE   | query_time, 0.00039175525307655334
2024-05-08 19:31:41 | TRACE   | query_time, 0.00041050463914871216
2024-05-08 19:31:41 | TRACE   | query_time, 0.000401817262172699
2024-05-08 19:31:41 | TRACE   | query_time, 0.0005060173571109772
2024-05-08 19:31:41 | TRACE   | query_time, 0.000460062175989151
2024-05-08 19:31:41 | TRACE   | query_time, 0.0005042403936386108
2024-05-08 19:31:41 | TRACE   | query_time, 0.0004115067422389984
2024-05-08 19:31:41 | TRACE   | query_time, 0.00042425841093063354
2024-05-08 19:31:41 | TRACE   | query_time, 0.0003933049738407135
2024-05-08 19:31:41 | TRACE   | query_time, 0.0005064606666564941
2024-05-08 19:31:41 | TRACE   | query_time, 0.00045874714851379395
2024-05-08 19:31:41 | TRACE   | query_time, 0.00040192902088165283
2024-05-08 19:31:41 | TRACE   | query_time, 0.0005630701780319214
2024-05-08 19:31:41 | TRACE   | query_time, 0.0005047023296356201
2024-05-08 19:31:41 | TRACE   | query_time, 0.000513073056936264
2024-05-08 19:31:41 | TRACE   | query_time, 0.00039482489228248596
2024-05-08 19:31:41 | TRACE   | query_time, 0.00039358437061309814
2024-05-08 19:31:41 | TRACE   | query_time, 0.00039351359009742737
2024-05-08 19:31:41 | TRACE   | query_time, 0.00047904253005981445
2024-05-08 19:31:41 | TRACE   | query_time, 0.0004885829985141754
2024-05-08 19:31:41 | TRACE   | query_time, 0.0005550794303417206
2024-05-08 19:31:41 | TRACE   | query_time, 0.00040226802229881287
2024-05-08 19:31:41 | TRACE   | query_time, 0.0004170350730419159
2024-05-08 19:31:41 | TRACE   | query_time, 0.00039347633719444275
2024-05-08 19:31:41 | TRACE   | query_time, 0.00039484724402427673
2024-05-08 19:31:41 | TRACE   | query_time, 0.00041123107075691223
2024-05-08 19:31:41 | TRACE   | query_time, 0.00040091946721076965
2024-05-08 19:31:41 | TRACE   | query_time, 0.0004708729684352875
2024-05-08 19:31:41 | TRACE   | query_time, 0.00041093677282333374
2024-05-08 19:31:41 | TRACE   | query_time, 0.0005064830183982849
2024-05-08 19:31:41 | TRACE   | query_time, 0.0004814639687538147
2024-05-08 19:31:41 | TRACE   | query_time, 0.0004033111035823822
2024-05-08 19:31:41 | TRACE   | query_time, 0.0005072504281997681
2024-05-08 19:31:41 | TRACE   | query_time, 0.000505644828081131
2024-05-08 19:31:41 | TRACE   | query_time, 0.00040231645107269287
2024-05-08 19:31:41 | TRACE   | query_time, 0.0004037395119667053
2024-05-08 19:31:41 | TRACE   | query_time, 0.00047785788774490356
2024-05-08 19:31:41 | TRACE   | query_time, 0.00039445608854293823
2024-05-08 19:31:41 | TRACE   | query_time, 0.0005097836256027222
2024-05-08 19:31:41 | TRACE   | query_time, 0.00041203945875167847
2024-05-08 19:31:41 | TRACE   | query_time, 0.0005087107419967651
2024-05-08 19:31:41 | TRACE   | query_time, 0.00048013031482696533
2024-05-08 19:31:41 | TRACE   | query_time, 0.00039438530802726746
2024-05-08 19:31:41 | TRACE   | query_time, 0.0005717538297176361
2024-05-08 19:31:41 | TRACE   | query_time, 0.000504128634929657
2024-05-08 19:31:41 | TRACE   | query_time, 0.0005099959671497345
2024-05-08 19:31:41 | TRACE   | query_time, 0.0004112124443054199
2024-05-08 19:31:41 | TRACE   | query_time, 0.00040209293365478516
2024-05-08 19:31:41 | TRACE   | query_time, 0.000504709780216217
2024-05-08 19:31:41 | TRACE   | query_time, 0.00045936182141304016
2024-05-08 19:31:41 | TRACE   | query_time, 0.0005048662424087524
2024-05-08 19:31:41 | TRACE   | query_time, 0.00040874257683753967
2024-05-08 19:31:41 | TRACE   | query_time, 0.000401519238948822
2024-05-08 19:31:41 | TRACE   | query_time, 0.0004249848425388336
2024-05-08 19:31:41 | TRACE   | query_time, 0.00039419159293174744
2024-05-08 19:31:41 | TRACE   | query_time, 0.00039985403418540955
2024-05-08 19:31:41 | TRACE   | query_time, 0.0005647093057632446
2024-05-08 19:31:41 | TRACE   | query_time, 0.0005066096782684326
2024-05-08 19:31:41 | TRACE   | query_time, 0.0005075223743915558
2024-05-08 19:31:41 | TRACE   | query_time, 0.0003901086747646332
2024-05-08 19:31:41 | TRACE   | query_time, 0.000411011278629303
2024-05-08 19:31:41 | TRACE   | query_time, 0.00039416179060935974
2024-05-08 19:31:41 | TRACE   | query_time, 0.00039452314376831055
2024-05-08 19:31:41 | TRACE   | query_time, 0.00047874078154563904
2024-05-08 19:31:41 | TRACE   | query_time, 0.0004849955439567566
2024-05-08 19:31:41 | TRACE   | query_time, 0.0005545541644096375
2024-05-08 19:31:41 | TRACE   | query_time, 0.00040075555443763733
2024-05-08 19:31:41 | TRACE   | query_time, 0.0004135929048061371
2024-05-08 19:31:41 | TRACE   | query_time, 0.00039252638816833496
2024-05-08 19:31:41 | TRACE   | query_time, 0.00039832666516304016
2024-05-08 19:31:41 | TRACE   | query_time, 0.00041154399514198303
2024-05-08 19:31:41 | TRACE   | query_time, 0.0004015229642391205
2024-05-08 19:31:41 | TRACE   | query_time, 0.00041327252984046936
2024-05-08 19:31:41 | TRACE   | query_time, 0.0005079805850982666
2024-05-08 19:31:41 | TRACE   | query_time, 0.0004779435694217682
2024-05-08 19:31:41 | TRACE   | query_time, 0.00040329620242118835
2024-05-08 19:31:41 | TRACE   | query_time, 0.0005059875547885895
2024-05-08 19:31:41 | TRACE   | query_time, 0.003617536276578903
2024-05-08 19:31:41 | TRACE   | query_time, 0.0004188716411590576
2024-05-08 19:31:41 | TRACE   | query_time, 0.00048573315143585205
2024-05-08 19:31:41 | TRACE   | query_time, 0.0004031918942928314
2024-05-08 19:31:41 | TRACE   | query_time, 0.0005180314183235168
2024-05-08 19:31:41 | TRACE   | query_time, 0.00041629374027252197
2024-05-08 19:31:41 | TRACE   | query_time, 0.0005101338028907776
2024-05-08 19:31:41 | TRACE   | query_time, 0.0003971494734287262
2024-05-08 19:31:41 | TRACE   | query_time, 0.0005790330469608307
2024-05-08 19:31:41 | TRACE   | query_time, 0.0005171261727809906
2024-05-08 19:31:41 | TRACE   | query_time, 0.0005134344100952148
2024-05-08 19:31:41 | TRACE   | query_time, 0.0003985464572906494
2024-05-08 19:31:41 | TRACE   | query_time, 0.00041434913873672485
2024-05-08 19:31:41 | TRACE   | query_time, 0.0004065483808517456
2024-05-08 19:31:41 | TRACE   | query_time, 0.0005151405930519104
2024-05-08 19:31:41 | TRACE   | query_time, 0.00046483054757118225
2024-05-08 19:31:41 | TRACE   | query_time, 0.0005085282027721405
2024-05-08 19:31:41 | TRACE   | query_time, 0.00041979551315307617
2024-05-08 19:31:41 | TRACE   | query_time, 0.00042565539479255676
2024-05-08 19:31:41 | TRACE   | query_time, 0.0003919936716556549
2024-05-08 19:31:41 | TRACE   | query_time, 0.0005057491362094879
2024-05-08 19:31:41 | TRACE   | query_time, 0.0004568025469779968
2024-05-08 19:31:41 | TRACE   | query_time, 0.0004855208098888397
2024-05-08 19:31:41 | TRACE   | query_time, 0.0004017055034637451
2024-05-08 19:31:41 | TRACE   | query_time, 0.0005600936710834503
2024-05-08 19:31:41 | TRACE   | query_time, 0.0005079358816146851
2024-05-08 19:31:41 | TRACE   | query_time, 0.0005056150257587433
2024-05-08 19:31:41 | TRACE   | query_time, 0.0003924369812011719
2024-05-08 19:31:41 | TRACE   | query_time, 0.00040997937321662903
2024-05-08 19:31:41 | TRACE   | query_time, 0.0003920719027519226
2024-05-08 19:31:41 | TRACE   | query_time, 0.00039199739694595337
2024-05-08 19:31:41 | TRACE   | query_time, 0.0004766210913658142
2024-05-08 19:31:41 | TRACE   | query_time, 0.0004929453134536743
2024-05-08 19:31:41 | TRACE   | query_time, 0.0005566217005252838
2024-05-08 19:31:41 | TRACE   | query_time, 0.00040183961391448975
2024-05-08 19:31:41 | TRACE   | query_time, 0.00040064379572868347
2024-05-08 19:31:41 | TRACE   | query_time, 0.00039184466004371643
2024-05-08 19:31:41 | TRACE   | query_time, 0.0003921613097190857
2024-05-08 19:31:41 | TRACE   | query_time, 0.0004111677408218384
2024-05-08 19:31:41 | TRACE   | query_time, 0.00040232762694358826
2024-05-08 19:31:41 | TRACE   | query_time, 0.00041024014353752136
2024-05-08 19:31:41 | TRACE   | query_time, 0.0005110837519168854
2024-05-08 19:31:41 | TRACE   | query_time, 0.0004783235490322113
2024-05-08 19:31:41 | TRACE   | query_time, 0.0005058087408542633
2024-05-08 19:31:41 | TRACE   | query_time, 0.0005096718668937683
2024-05-08 19:31:41 | TRACE   | query_time, 0.00040185078978538513
2024-05-08 19:31:41 | TRACE   | query_time, 0.000399906188249588
2024-05-08 19:31:41 | TRACE   | query_time, 0.0004764534533023834
2024-05-08 19:31:41 | TRACE   | query_time, 0.00039779022336006165
2024-05-08 19:31:41 | TRACE   | query_time, 0.0005099214613437653
2024-05-08 19:31:41 | TRACE   | query_time, 0.0004097968339920044
2024-05-08 19:31:41 | TRACE   | query_time, 0.0005063861608505249
2024-05-08 19:31:41 | TRACE   | query_time, 0.0004778169095516205
2024-05-08 19:31:41 | TRACE   | query_time, 0.00039055943489074707
2024-05-08 19:31:41 | TRACE   | query_time, 0.0005723387002944946
2024-05-08 19:31:41 | TRACE   | query_time, 0.0005065165460109711
2024-05-08 19:31:41 | TRACE   | query_time, 0.0005122870206832886
2024-05-08 19:31:41 | TRACE   | query_time, 0.00039048492908477783
2024-05-08 19:31:41 | TRACE   | query_time, 0.0004084967076778412
2024-05-08 19:31:41 | TRACE   | query_time, 0.0004021860659122467
2024-05-08 19:31:41 | TRACE   | query_time, 0.0005049072206020355
2024-05-08 19:31:41 | TRACE   | query_time, 0.0005070716142654419
2024-05-08 19:31:41 | TRACE   | query_time, 0.00041130930185317993
2024-05-08 19:31:41 | TRACE   | query_time, 0.00040293484926223755
2024-05-08 19:31:41 | TRACE   | query_time, 0.00042528286576271057
2024-05-08 19:31:41 | TRACE   | query_time, 0.0003914870321750641
2024-05-08 19:31:41 | TRACE   | query_time, 0.0005046315491199493
2024-05-08 19:31:41 | TRACE   | query_time, 0.00045711174607276917
2024-05-08 19:31:41 | TRACE   | query_time, 0.00048767030239105225
2024-05-08 19:31:41 | TRACE   | query_time, 0.0004021488130092621
2024-05-08 19:31:41 | TRACE   | query_time, 0.0005648694932460785
2024-05-08 19:31:41 | TRACE   | query_time, 0.000510774552822113
2024-05-08 19:31:41 | TRACE   | query_time, 0.0005070865154266357
2024-05-08 19:31:41 | TRACE   | query_time, 0.0003935098648071289
2024-05-08 19:31:41 | TRACE   | query_time, 0.00041050463914871216
2024-05-08 19:31:41 | TRACE   | query_time, 0.0003922097384929657
2024-05-08 19:31:41 | TRACE   | query_time, 0.00039228424429893494
2024-05-08 19:31:41 | TRACE   | query_time, 0.0004870481789112091
2024-05-08 19:31:41 | TRACE   | query_time, 0.0005512796342372894
2024-05-08 19:31:41 | TRACE   | query_time, 0.0004053860902786255
2024-05-08 19:31:41 | TRACE   | query_time, 0.000399664044380188
2024-05-08 19:31:41 | TRACE   | query_time, 0.0004095248878002167
2024-05-08 19:31:41 | TRACE   | query_time, 0.00039212778210639954
2024-05-08 19:31:41 | TRACE   | query_time, 0.00039143115282058716
2024-05-08 19:31:41 | TRACE   | query_time, 0.0004112459719181061
2024-05-08 19:31:41 | TRACE   | query_time, 0.0004017949104309082
2024-05-08 19:31:41 | TRACE   | query_time, 0.0004689060151576996
2024-05-08 19:31:41 | TRACE   | query_time, 0.00041214749217033386
2024-05-08 19:31:41 | TRACE   | query_time, 0.0005107112228870392
2024-05-08 19:31:41 | TRACE   | query_time, 0.00047858431935310364
2024-05-08 19:31:41 | TRACE   | query_time, 0.0004006139934062958
2024-05-08 19:31:41 | TRACE   | query_time, 0.0005044229328632355
2024-05-08 19:31:41 | TRACE   | query_time, 0.0005046762526035309
2024-05-08 19:31:41 | TRACE   | query_time, 0.0004011578857898712
2024-05-08 19:31:41 | TRACE   | query_time, 0.00040138885378837585
2024-05-08 19:31:41 | TRACE   | query_time, 0.0004820004105567932
2024-05-08 19:31:41 | TRACE   | query_time, 0.0003915652632713318
2024-05-08 19:31:41 | TRACE   | query_time, 0.0011246539652347565
2024-05-08 19:31:41 | TRACE   | query_time, 0.0012848339974880219
2024-05-08 19:31:41 | TRACE   | query_time, 0.0010719113051891327
2024-05-08 19:31:41 | TRACE   | query_time, 0.0012373626232147217
2024-05-08 19:31:41 | TRACE   | query_time, 0.001173127442598343
2024-05-08 19:31:41 | TRACE   | query_time, 0.0010866783559322357
2024-05-08 19:31:41 | TRACE   | query_time, 0.0011342093348503113
2024-05-08 19:31:41 | TRACE   | query_time, 0.0012045390903949738
2024-05-08 19:31:41 | TRACE   | query_time, 0.0011162571609020233
2024-05-08 19:31:41 | TRACE   | query_time, 0.0012767575681209564
2024-05-08 19:31:41 | TRACE   | query_time, 0.0011708401143550873
2024-05-08 19:31:41 | TRACE   | query_time, 0.0010616183280944824
2024-05-08 19:31:41 | TRACE   | query_time, 0.0010728761553764343
2024-05-08 19:31:41 | TRACE   | query_time, 0.0011113286018371582
2024-05-08 19:31:41 | TRACE   | query_time, 0.001223485916852951
2024-05-08 19:31:41 | TRACE   | query_time, 0.0010522492229938507
2024-05-08 19:31:41 | TRACE   | query_time, 0.0010614395141601562
2024-05-08 19:31:41 | TRACE   | query_time, 0.0011518336832523346
2024-05-08 19:31:41 | TRACE   | query_time, 0.001109495759010315
2024-05-08 19:31:41 | TRACE   | query_time, 0.0012126006186008453
2024-05-08 19:31:41 | TRACE   | query_time, 0.001123826950788498
2024-05-08 19:31:41 | TRACE   | query_time, 0.0010496415197849274
2024-05-08 19:31:41 | TRACE   | query_time, 0.0011867135763168335
2024-05-08 19:31:41 | TRACE   | query_time, 0.0010628663003444672
2024-05-08 19:31:41 | TRACE   | query_time, 0.0010356009006500244
2024-05-08 19:31:41 | TRACE   | query_time, 0.0010533370077610016
2024-05-08 19:31:41 | TRACE   | query_time, 0.0012201368808746338
2024-05-08 19:31:41 | TRACE   | query_time, 0.001055881381034851
2024-05-08 19:31:41 | TRACE   | query_time, 0.0010800175368785858
2024-05-08 19:31:41 | TRACE   | query_time, 0.0011922754347324371
2024-05-08 19:31:41 | TRACE   | query_time, 0.0011013150215148926
2024-05-08 19:31:41 | TRACE   | query_time, 0.0012462884187698364
2024-05-08 19:31:41 | TRACE   | query_time, 0.0010726675391197205
2024-05-08 19:31:41 | TRACE   | query_time, 0.0010793469846248627
2024-05-08 19:31:41 | TRACE   | query_time, 0.0011606365442276
2024-05-08 19:31:41 | TRACE   | query_time, 0.0010557770729064941
2024-05-08 19:31:41 | TRACE   | query_time, 0.0014329291880130768
2024-05-08 19:31:41 | TRACE   | query_time, 0.001052357256412506
2024-05-08 19:31:41 | TRACE   | query_time, 0.0010715499520301819
2024-05-08 19:31:41 | TRACE   | query_time, 0.001193702220916748
2024-05-08 19:31:41 | TRACE   | query_time, 0.0011004507541656494
2024-05-08 19:31:41 | TRACE   | query_time, 0.0011944100260734558
2024-05-08 19:31:41 | TRACE   | query_time, 0.0012219920754432678
2024-05-08 19:31:41 | TRACE   | query_time, 0.0011688880622386932
2024-05-08 19:31:41 | TRACE   | query_time, 0.001044154167175293
2024-05-08 19:31:41 | TRACE   | query_time, 0.0011142604053020477
2024-05-08 19:31:41 | TRACE   | query_time, 0.0011686496436595917
2024-05-08 19:31:41 | TRACE   | query_time, 0.0010727792978286743
2024-05-08 19:31:41 | TRACE   | query_time, 0.0010692514479160309
2024-05-08 19:31:41 | TRACE   | query_time, 0.001057349145412445
2024-05-08 19:31:41 | TRACE   | query_time, 0.0012089237570762634
2024-05-08 19:31:41 | TRACE   | query_time, 0.0010472051799297333
2024-05-08 19:31:41 | TRACE   | query_time, 0.0010368824005126953
2024-05-08 19:31:41 | TRACE   | query_time, 0.001221049576997757
2024-05-08 19:31:41 | TRACE   | query_time, 0.0011163800954818726
2024-05-08 19:31:41 | TRACE   | query_time, 0.0011433027684688568
2024-05-08 19:31:41 | TRACE   | query_time, 0.0010733753442764282
2024-05-08 19:31:41 | TRACE   | query_time, 0.0010588504374027252
2024-05-08 19:31:41 | TRACE   | query_time, 0.0010982267558574677
2024-05-08 19:31:41 | TRACE   | query_time, 0.0010595135390758514
2024-05-08 19:31:41 | TRACE   | query_time, 0.0010492876172065735
2024-05-08 19:31:41 | TRACE   | query_time, 0.0010491646826267242
2024-05-08 19:31:41 | TRACE   | query_time, 0.0013800598680973053
2024-05-08 19:31:41 | TRACE   | query_time, 0.0012036412954330444
2024-05-08 19:31:41 | TRACE   | query_time, 0.0010574012994766235
2024-05-08 19:31:41 | TRACE   | query_time, 0.001095600426197052
2024-05-08 19:31:41 | TRACE   | query_time, 0.0011744983494281769
2024-05-08 19:31:41 | TRACE   | query_time, 0.001049775630235672
2024-05-08 19:31:41 | TRACE   | query_time, 0.0010660402476787567
2024-05-08 19:31:41 | TRACE   | query_time, 0.0010444708168506622
2024-05-08 19:31:41 | TRACE   | query_time, 0.00116763636469841
2024-05-08 19:31:41 | TRACE   | query_time, 0.0010686777532100677
2024-05-08 19:31:41 | TRACE   | query_time, 0.0010452158749103546
2024-05-08 19:31:41 | TRACE   | query_time, 0.0012074746191501617
2024-05-08 19:31:41 | TRACE   | query_time, 0.0010498948395252228
2024-05-08 19:31:41 | TRACE   | query_time, 0.0010521486401557922
2024-05-08 19:31:41 | TRACE   | query_time, 0.0012072771787643433
2024-05-08 19:31:41 | TRACE   | query_time, 0.0011194832623004913
2024-05-08 19:31:41 | TRACE   | query_time, 0.0010645687580108643
2024-05-08 19:31:41 | TRACE   | query_time, 0.001113656908273697
2024-05-08 19:31:41 | TRACE   | query_time, 0.0011869408190250397
2024-05-08 19:31:41 | TRACE   | query_time, 0.0010983087122440338
2024-05-08 19:31:41 | TRACE   | query_time, 0.001238349825143814
2024-05-08 19:31:41 | TRACE   | query_time, 0.0010715164244174957
2024-05-08 19:31:41 | TRACE   | query_time, 0.001153014600276947
2024-05-08 19:31:41 | TRACE   | query_time, 0.0010466091334819794
2024-05-08 19:31:41 | TRACE   | query_time, 0.0010554678738117218
2024-05-08 19:31:41 | TRACE   | query_time, 0.0011882893741130829
2024-05-08 19:31:41 | TRACE   | query_time, 0.001048073172569275
2024-05-08 19:31:41 | TRACE   | query_time, 0.0010616108775138855
2024-05-08 19:31:41 | TRACE   | query_time, 0.0010514631867408752
2024-05-08 19:31:41 | TRACE   | query_time, 0.0011874288320541382
2024-05-08 19:31:41 | TRACE   | query_time, 0.0012121275067329407
2024-05-08 19:31:41 | TRACE   | query_time, 0.001187700778245926
2024-05-08 19:31:41 | TRACE   | query_time, 0.0011195801198482513
2024-05-08 19:31:41 | TRACE   | query_time, 0.001063220202922821
2024-05-08 19:31:41 | TRACE   | query_time, 0.001161046326160431
2024-05-08 19:31:41 | TRACE   | query_time, 0.0010681860148906708
2024-05-08 19:31:41 | TRACE   | query_time, 0.0010642297565937042
2024-05-08 19:31:41 | TRACE   | query_time, 0.0011292248964309692
2024-05-08 19:31:41 | TRACE   | query_time, 0.001068107783794403
2024-05-08 19:31:41 | TRACE   | query_time, 0.001051485538482666
2024-05-08 19:31:41 | TRACE   | query_time, 0.0010521300137043
2024-05-08 19:31:41 | TRACE   | query_time, 0.0010537542402744293
2024-05-08 19:31:41 | TRACE   | query_time, 0.0011444948613643646
2024-05-08 19:31:41 | TRACE   | query_time, 0.001041959971189499
2024-05-08 19:31:41 | TRACE   | query_time, 0.0011784136295318604
2024-05-08 19:31:41 | TRACE   | query_time, 0.0011012032628059387
2024-05-08 19:31:41 | TRACE   | query_time, 0.0012463182210922241
2024-05-08 19:31:41 | TRACE   | query_time, 0.0010531656444072723
2024-05-08 19:31:41 | TRACE   | query_time, 0.0011500529944896698
2024-05-08 19:31:41 | TRACE   | query_time, 0.0010458901524543762
2024-05-08 19:31:41 | TRACE   | query_time, 0.0011641345918178558
2024-05-08 19:31:41 | TRACE   | query_time, 0.0010952278971672058
2024-05-08 19:31:41 | TRACE   | query_time, 0.0013706758618354797
2024-05-08 19:31:41 | TRACE   | query_time, 0.0012041181325912476
2024-05-08 19:31:41 | TRACE   | query_time, 0.0010413788259029388
2024-05-08 19:31:41 | TRACE   | query_time, 0.0011017397046089172
2024-05-08 19:31:41 | TRACE   | query_time, 0.0012008100748062134
2024-05-08 19:31:41 | TRACE   | query_time, 0.0011756941676139832
2024-05-08 19:31:41 | TRACE   | query_time, 0.0010746195912361145
2024-05-08 19:31:41 | TRACE   | query_time, 0.0011236965656280518
2024-05-08 19:31:41 | TRACE   | query_time, 0.0011693090200424194
2024-05-08 19:31:41 | TRACE   | query_time, 0.0011909008026123047
2024-05-08 19:31:41 | TRACE   | query_time, 0.001426156610250473
2024-05-08 19:31:41 | TRACE   | query_time, 0.0013717599213123322
2024-05-08 19:31:41 | TRACE   | query_time, 0.001417446881532669
2024-05-08 19:31:41 | TRACE   | query_time, 0.001388944685459137
2024-05-08 19:31:41 | TRACE   | query_time, 0.0013954974710941315
2024-05-08 19:31:41 | TRACE   | query_time, 0.0014523603022098541
2024-05-08 19:31:41 | TRACE   | query_time, 0.0013686567544937134
2024-05-08 19:31:41 | TRACE   | query_time, 0.0016254149377346039
2024-05-08 19:31:41 | TRACE   | query_time, 0.0013774000108242035
2024-05-08 19:31:41 | TRACE   | query_time, 0.0014751553535461426
2024-05-08 19:31:41 | TRACE   | query_time, 0.0014448165893554688
2024-05-08 19:31:41 | TRACE   | query_time, 0.0014132186770439148
2024-05-08 19:31:41 | TRACE   | query_time, 0.001446157693862915
2024-05-08 19:31:41 | TRACE   | query_time, 0.0013813786208629608
2024-05-08 19:31:41 | TRACE   | query_time, 0.0014250688254833221
2024-05-08 19:31:41 | TRACE   | query_time, 0.001484408974647522
2024-05-08 19:31:41 | TRACE   | query_time, 0.0014185644686222076
2024-05-08 19:31:41 | TRACE   | query_time, 0.0013715773820877075
2024-05-08 19:31:41 | TRACE   | query_time, 0.0013636909425258636
2024-05-08 19:31:41 | TRACE   | query_time, 0.0013576745986938477
2024-05-08 19:31:41 | TRACE   | query_time, 0.0014823488891124725
2024-05-08 19:31:41 | TRACE   | query_time, 0.001416236162185669
2024-05-08 19:31:41 | TRACE   | query_time, 0.0013617947697639465
2024-05-08 19:31:41 | TRACE   | query_time, 0.0014707185328006744
2024-05-08 19:31:41 | TRACE   | query_time, 0.001525048166513443
2024-05-08 19:31:41 | TRACE   | query_time, 0.0013643018901348114
2024-05-08 19:31:41 | TRACE   | query_time, 0.0013633593916893005
2024-05-08 19:31:41 | TRACE   | query_time, 0.0013671107590198517
2024-05-08 19:31:41 | TRACE   | query_time, 0.0016165561974048615
2024-05-08 19:31:41 | TRACE   | query_time, 0.0013588331639766693
2024-05-08 19:31:41 | TRACE   | query_time, 0.0014634989202022552
2024-05-08 19:31:41 | TRACE   | query_time, 0.0013547949492931366
2024-05-08 19:31:41 | TRACE   | query_time, 0.0014217272400856018
2024-05-08 19:31:41 | TRACE   | query_time, 0.0013582147657871246
2024-05-08 19:31:41 | TRACE   | query_time, 0.0014517232775688171
2024-05-08 19:31:41 | TRACE   | query_time, 0.0013835467398166656
2024-05-08 19:31:41 | TRACE   | query_time, 0.0014249905943870544
2024-05-08 19:31:41 | TRACE   | query_time, 0.0013647675514221191
2024-05-08 19:31:41 | TRACE   | query_time, 0.0013707727193832397
2024-05-08 19:31:41 | TRACE   | query_time, 0.0014132671058177948
2024-05-08 19:31:41 | TRACE   | query_time, 0.0014515556395053864
2024-05-08 19:31:41 | TRACE   | query_time, 0.0015028268098831177
2024-05-08 19:31:41 | TRACE   | query_time, 0.0013650022447109222
2024-05-08 19:31:41 | TRACE   | query_time, 0.0014586113393306732
2024-05-08 19:31:41 | TRACE   | query_time, 0.001473456621170044
2024-05-08 19:31:41 | TRACE   | query_time, 0.0016303695738315582
2024-05-08 19:31:41 | TRACE   | query_time, 0.0013690181076526642
2024-05-08 19:31:41 | TRACE   | query_time, 0.0014330856502056122
2024-05-08 19:31:41 | TRACE   | query_time, 0.001404736191034317
2024-05-08 19:31:41 | TRACE   | query_time, 0.0014657899737358093
2024-05-08 19:31:41 | TRACE   | query_time, 0.0014891959726810455
2024-05-08 19:31:41 | TRACE   | query_time, 0.001412082463502884
2024-05-08 19:31:41 | TRACE   | query_time, 0.0014633387327194214
2024-05-08 19:31:41 | TRACE   | query_time, 0.0014209970831871033
2024-05-08 19:31:41 | TRACE   | query_time, 0.0013791285455226898
2024-05-08 19:31:41 | TRACE   | query_time, 0.0013767816126346588
2024-05-08 19:31:41 | TRACE   | query_time, 0.0014662109315395355
2024-05-08 19:31:41 | TRACE   | query_time, 0.001357153058052063
2024-05-08 19:31:41 | TRACE   | query_time, 0.0013729333877563477
2024-05-08 19:31:41 | TRACE   | query_time, 0.0013763755559921265
2024-05-08 19:31:41 | TRACE   | query_time, 0.0014837123453617096
2024-05-08 19:31:41 | TRACE   | query_time, 0.0014153830707073212
2024-05-08 19:31:41 | TRACE   | query_time, 0.0015069358050823212
2024-05-08 19:31:41 | TRACE   | query_time, 0.0013709403574466705
2024-05-08 19:31:41 | TRACE   | query_time, 0.0014453381299972534
2024-05-08 19:31:41 | TRACE   | query_time, 0.0013656169176101685
2024-05-08 19:31:41 | TRACE   | query_time, 0.0014460496604442596
2024-05-08 19:31:41 | TRACE   | query_time, 0.0016171373426914215
2024-05-08 19:31:41 | TRACE   | query_time, 0.0013566762208938599
2024-05-08 19:31:41 | TRACE   | query_time, 0.0013591237366199493
2024-05-08 19:31:41 | TRACE   | query_time, 0.001463625580072403
2024-05-08 19:31:41 | TRACE   | query_time, 0.0014356523752212524
2024-05-08 19:31:41 | TRACE   | query_time, 0.0013962574303150177
2024-05-08 19:31:41 | TRACE   | query_time, 0.0014595165848731995
2024-05-08 19:31:41 | TRACE   | query_time, 0.001483231782913208
2024-05-08 19:31:41 | TRACE   | query_time, 0.0014546513557434082
2024-05-08 19:31:41 | TRACE   | query_time, 0.0013805143535137177
2024-05-08 19:31:41 | TRACE   | query_time, 0.0014487281441688538
2024-05-08 19:31:41 | TRACE   | query_time, 0.0013732463121414185
2024-05-08 19:31:41 | TRACE   | query_time, 0.0013482943177223206
2024-05-08 19:31:41 | TRACE   | query_time, 0.001369919627904892
2024-05-08 19:31:41 | TRACE   | query_time, 0.001507788896560669
2024-05-08 19:31:41 | TRACE   | query_time, 0.0013674311339855194
2024-05-08 19:31:41 | TRACE   | query_time, 0.0013541951775550842
2024-05-08 19:31:41 | TRACE   | query_time, 0.0014327503740787506
2024-05-08 19:31:41 | TRACE   | query_time, 0.0013755708932876587
2024-05-08 19:31:41 | TRACE   | query_time, 0.0013803355395793915
2024-05-08 19:31:41 | TRACE   | query_time, 0.001377943903207779
2024-05-08 19:31:41 | TRACE   | query_time, 0.001450996845960617
2024-05-08 19:31:41 | TRACE   | query_time, 0.001367136836051941
2024-05-08 19:31:41 | TRACE   | query_time, 0.0014631859958171844
2024-05-08 19:31:41 | TRACE   | query_time, 0.0014855824410915375
2024-05-08 19:31:41 | TRACE   | query_time, 0.0013962648808956146
2024-05-08 19:31:41 | TRACE   | query_time, 0.0013727955520153046
2024-05-08 19:31:41 | TRACE   | query_time, 0.0014228112995624542
2024-05-08 19:31:41 | TRACE   | query_time, 0.0013732239603996277
2024-05-08 19:31:41 | TRACE   | query_time, 0.0013648048043251038
2024-05-08 19:31:41 | TRACE   | query_time, 0.0013635605573654175
2024-05-08 19:31:41 | TRACE   | query_time, 0.0014866888523101807
2024-05-08 19:31:41 | TRACE   | query_time, 0.001483127474784851
2024-05-08 19:31:41 | TRACE   | query_time, 0.001414373517036438
2024-05-08 19:31:41 | TRACE   | query_time, 0.0014107413589954376
2024-05-08 19:31:41 | TRACE   | query_time, 0.0014668777585029602
2024-05-08 19:31:41 | TRACE   | query_time, 0.0013974644243717194
2024-05-08 19:31:41 | TRACE   | query_time, 0.0015046074986457825
2024-05-08 19:31:41 | TRACE   | query_time, 0.0013890154659748077
2024-05-08 19:31:41 | TRACE   | query_time, 0.0013829879462718964
2024-05-08 19:31:41 | TRACE   | query_time, 0.0013672113418579102
2024-05-08 19:31:41 | TRACE   | query_time, 0.0013673044741153717
2024-05-08 19:31:41 | TRACE   | query_time, 0.0014499090611934662
2024-05-08 19:31:41 | TRACE   | query_time, 0.001620601862668991
2024-05-08 19:31:41 | TRACE   | query_time, 0.0013561472296714783
2024-05-08 19:31:41 | TRACE   | query_time, 0.0014576427638530731
2024-05-08 19:31:41 | TRACE   | query_time, 0.0014071278274059296
2024-05-08 19:31:41 | TRACE   | query_time, 0.0014794878661632538
2024-05-08 19:31:41 | TRACE   | query_time, 0.0013557523488998413
2024-05-08 19:31:41 | TRACE   | query_time, 0.0013796687126159668
2024-05-08 19:31:41 | TRACE   | query_time, 0.0014224648475646973
2024-05-08 19:31:41 | TRACE   | query_time, 0.0013579204678535461
2024-05-08 19:31:41 | TRACE   | query_time, 0.0014690645039081573
2024-05-08 19:31:41 | TRACE   | query_time, 0.001368653029203415
2024-05-08 19:31:41 | TRACE   | query_time, 0.0014160685241222382
2024-05-08 19:31:41 | TRACE   | query_time, 0.001359160989522934
2024-05-08 19:31:41 | TRACE   | query_time, 0.0014852620661258698
2024-05-08 19:31:41 | TRACE   | query_time, 0.0013633407652378082
2024-05-08 19:31:41 | TRACE   | query_time, 0.001368064433336258
2024-05-08 19:31:41 | TRACE   | query_time, 0.0014512352645397186
2024-05-08 19:31:41 | TRACE   | query_time, 0.0013655796647071838
2024-05-08 19:31:41 | TRACE   | query_time, 0.0014055706560611725
2024-05-08 19:31:41 | TRACE   | query_time, 0.0014671087265014648
2024-05-08 19:31:41 | TRACE   | query_time, 0.0014982596039772034
2024-05-08 19:31:41 | TRACE   | query_time, 0.0013729780912399292
2024-05-08 19:31:41 | TRACE   | query_time, 0.0013670176267623901
2024-05-08 19:31:41 | TRACE   | query_time, 0.00144871324300766
2024-05-08 19:31:41 | TRACE   | query_time, 0.0013729855418205261
2024-05-08 19:31:41 | TRACE   | query_time, 0.0013672374188899994
