2024-05-08 14:53:21 | DEBUG   | {'input': PosixPath('data/gittables/indices/microbenchmarks/rebinning-k1000.zst'), 'input_type': 'index', 'queries': PosixPath('data/gittables/queries/microbenchmarks.zst'), 'estimation_mode': None, 'index_mode': 'recall', 'output': None, 'workers': None, 'frequency_hists': False, 'suppress_results': True, 'log_level': 'INFO', 'log_file': PosixPath('logs/microbenchmarks/runtime/gittables-rebinning-k1000-single_suppressed-4.log')}
2024-05-08 14:53:21 | DEBUG   | Loading input data from data/gittables/indices/microbenchmarks/rebinning-k1000.zst
2024-05-08 14:53:25 | DEBUG   | Loading queries from data/gittables/queries/microbenchmarks.zst
2024-05-08 14:53:25 | TRACE   | bootstrap_time, 3.832589004188776
2024-05-08 14:53:25 | DEBUG   | Starting execution
2024-05-08 14:53:25 | TRACE   | query_time, 0.0013912022113800049
2024-05-08 14:53:25 | TRACE   | query_time, 0.0008612126111984253
2024-05-08 14:53:25 | TRACE   | query_time, 0.0010726191103458405
2024-05-08 14:53:25 | TRACE   | query_time, 0.0009323060512542725
2024-05-08 14:53:25 | TRACE   | query_time, 0.0008320547640323639
2024-05-08 14:53:25 | TRACE   | query_time, 0.0011659227311611176
2024-05-08 14:53:25 | TRACE   | query_time, 0.001055259257555008
2024-05-08 14:53:25 | TRACE   | query_time, 0.0009927190840244293
2024-05-08 14:53:25 | TRACE   | query_time, 0.0008243396878242493
2024-05-08 14:53:25 | TRACE   | query_time, 0.000887010246515274
2024-05-08 14:53:25 | TRACE   | query_time, 0.0008248873054981232
2024-05-08 14:53:25 | TRACE   | query_time, 0.0008171908557415009
2024-05-08 14:53:25 | TRACE   | query_time, 0.0009554848074913025
2024-05-08 14:53:25 | TRACE   | query_time, 0.0008552223443984985
2024-05-08 14:53:25 | TRACE   | query_time, 0.00083165243268013
2024-05-08 14:53:25 | TRACE   | query_time, 0.0008711330592632294
2024-05-08 14:53:25 | TRACE   | query_time, 0.000814974308013916
2024-05-08 14:53:25 | TRACE   | query_time, 0.0008253753185272217
2024-05-08 14:53:25 | TRACE   | query_time, 0.0008609630167484283
2024-05-08 14:53:25 | TRACE   | query_time, 0.0008204691112041473
2024-05-08 14:53:25 | TRACE   | query_time, 0.0008486509323120117
2024-05-08 14:53:25 | TRACE   | query_time, 0.000938069075345993
2024-05-08 14:53:25 | TRACE   | query_time, 0.0008195266127586365
2024-05-08 14:53:25 | TRACE   | query_time, 0.0010011866688728333
2024-05-08 14:53:25 | TRACE   | query_time, 0.0010141730308532715
2024-05-08 14:53:25 | TRACE   | query_time, 0.0008203238248825073
2024-05-08 14:53:25 | TRACE   | query_time, 0.0008145980536937714
2024-05-08 14:53:25 | TRACE   | query_time, 0.00092315673828125
2024-05-08 14:53:25 | TRACE   | query_time, 0.0008141994476318359
2024-05-08 14:53:25 | TRACE   | query_time, 0.0009822025895118713
2024-05-08 14:53:25 | TRACE   | query_time, 0.0010383538901805878
2024-05-08 14:53:25 | TRACE   | query_time, 0.000918261706829071
2024-05-08 14:53:25 | TRACE   | query_time, 0.0011447258293628693
2024-05-08 14:53:25 | TRACE   | query_time, 0.000995878130197525
2024-05-08 14:53:25 | TRACE   | query_time, 0.0008172169327735901
2024-05-08 14:53:25 | TRACE   | query_time, 0.0008583888411521912
2024-05-08 14:53:25 | TRACE   | query_time, 0.0010904781520366669
2024-05-08 14:53:25 | TRACE   | query_time, 0.0008324161171913147
2024-05-08 14:53:25 | TRACE   | query_time, 0.000878501683473587
2024-05-08 14:53:25 | TRACE   | query_time, 0.0008127540349960327
2024-05-08 14:53:25 | TRACE   | query_time, 0.001001022756099701
2024-05-08 14:53:25 | TRACE   | query_time, 0.0009163245558738708
2024-05-08 14:53:25 | TRACE   | query_time, 0.0008151642978191376
2024-05-08 14:53:25 | TRACE   | query_time, 0.0010957494378089905
2024-05-08 14:53:25 | TRACE   | query_time, 0.0010219700634479523
2024-05-08 14:53:25 | TRACE   | query_time, 0.0009677410125732422
2024-05-08 14:53:25 | TRACE   | query_time, 0.0008579418063163757
2024-05-08 14:53:25 | TRACE   | query_time, 0.0008136928081512451
2024-05-08 14:53:25 | TRACE   | query_time, 0.000911809504032135
2024-05-08 14:53:25 | TRACE   | query_time, 0.0011054277420043945
2024-05-08 14:53:25 | TRACE   | query_time, 0.0008136928081512451
2024-05-08 14:53:25 | TRACE   | query_time, 0.0008201822638511658
2024-05-08 14:53:25 | TRACE   | query_time, 0.000868968665599823
2024-05-08 14:53:25 | TRACE   | query_time, 0.0008181557059288025
2024-05-08 14:53:25 | TRACE   | query_time, 0.0008168332278728485
2024-05-08 14:53:25 | TRACE   | query_time, 0.0008576326072216034
2024-05-08 14:53:25 | TRACE   | query_time, 0.0008125230669975281
2024-05-08 14:53:25 | TRACE   | query_time, 0.0009267404675483704
2024-05-08 14:53:25 | TRACE   | query_time, 0.0008456334471702576
2024-05-08 14:53:25 | TRACE   | query_time, 0.0009965524077415466
2024-05-08 14:53:25 | TRACE   | query_time, 0.000918801873922348
2024-05-08 14:53:25 | TRACE   | query_time, 0.0008253827691078186
2024-05-08 14:53:25 | TRACE   | query_time, 0.0009972304105758667
2024-05-08 14:53:25 | TRACE   | query_time, 0.0009964220225811005
2024-05-08 14:53:25 | TRACE   | query_time, 0.000820893794298172
2024-05-08 14:53:25 | TRACE   | query_time, 0.0008220523595809937
2024-05-08 14:53:25 | TRACE   | query_time, 0.000923793762922287
2024-05-08 14:53:25 | TRACE   | query_time, 0.0009637624025344849
2024-05-08 14:53:25 | TRACE   | query_time, 0.0008448250591754913
2024-05-08 14:53:25 | TRACE   | query_time, 0.001023702323436737
2024-05-08 14:53:25 | TRACE   | query_time, 0.0009165108203887939
2024-05-08 14:53:25 | TRACE   | query_time, 0.0008164457976818085
2024-05-08 14:53:25 | TRACE   | query_time, 0.0011234581470489502
2024-05-08 14:53:25 | TRACE   | query_time, 0.0009765475988388062
2024-05-08 14:53:25 | TRACE   | query_time, 0.0009587444365024567
2024-05-08 14:53:25 | TRACE   | query_time, 0.0008183754980564117
2024-05-08 14:53:25 | TRACE   | query_time, 0.0009161718189716339
2024-05-08 14:53:25 | TRACE   | query_time, 0.001013539731502533
2024-05-08 14:53:25 | TRACE   | query_time, 0.0008443966507911682
2024-05-08 14:53:25 | TRACE   | query_time, 0.0008798465132713318
2024-05-08 14:53:25 | TRACE   | query_time, 0.001003514975309372
2024-05-08 14:53:25 | TRACE   | query_time, 0.0009017623960971832
2024-05-08 14:53:25 | TRACE   | query_time, 0.0009439848363399506
2024-05-08 14:53:25 | TRACE   | query_time, 0.0008137114346027374
2024-05-08 14:53:25 | TRACE   | query_time, 0.0011113807559013367
2024-05-08 14:53:25 | TRACE   | query_time, 0.0009612962603569031
2024-05-08 14:53:25 | TRACE   | query_time, 0.0008163377642631531
2024-05-08 14:53:25 | TRACE   | query_time, 0.0008628144860267639
2024-05-08 14:53:25 | TRACE   | query_time, 0.0009352415800094604
2024-05-08 14:53:25 | TRACE   | query_time, 0.0009383819997310638
2024-05-08 14:53:25 | TRACE   | query_time, 0.001087881624698639
2024-05-08 14:53:25 | TRACE   | query_time, 0.0008162856101989746
2024-05-08 14:53:25 | TRACE   | query_time, 0.0008245520293712616
2024-05-08 14:53:25 | TRACE   | query_time, 0.0008570738136768341
2024-05-08 14:53:25 | TRACE   | query_time, 0.0008120760321617126
2024-05-08 14:53:25 | TRACE   | query_time, 0.0008224174380302429
2024-05-08 14:53:25 | TRACE   | query_time, 0.000871315598487854
2024-05-08 14:53:25 | TRACE   | query_time, 0.0008169636130332947
2024-05-08 14:53:25 | TRACE   | query_time, 0.0009038969874382019
2024-05-08 14:53:25 | TRACE   | query_time, 0.0008492805063724518
2024-05-08 14:53:25 | TRACE   | query_time, 0.0010057538747787476
2024-05-08 14:53:25 | TRACE   | query_time, 0.0009273029863834381
2024-05-08 14:53:25 | TRACE   | query_time, 0.0008189976215362549
2024-05-08 14:53:25 | TRACE   | query_time, 0.0009892359375953674
2024-05-08 14:53:25 | TRACE   | query_time, 0.0008241906762123108
2024-05-08 14:53:25 | TRACE   | query_time, 0.0008136555552482605
2024-05-08 14:53:25 | TRACE   | query_time, 0.0009160265326499939
2024-05-08 14:53:25 | TRACE   | query_time, 0.0009613297879695892
2024-05-08 14:53:25 | TRACE   | query_time, 0.001016087830066681
2024-05-08 14:53:25 | TRACE   | query_time, 0.0009178332984447479
2024-05-08 14:53:25 | TRACE   | query_time, 0.000819675624370575
2024-05-08 14:53:25 | TRACE   | query_time, 0.0011188797652721405
2024-05-08 14:53:25 | TRACE   | query_time, 0.0009694509208202362
2024-05-08 14:53:25 | TRACE   | query_time, 0.0009615011513233185
2024-05-08 14:53:25 | TRACE   | query_time, 0.0008130855858325958
2024-05-08 14:53:25 | TRACE   | query_time, 0.0008494630455970764
2024-05-08 14:53:25 | TRACE   | query_time, 0.000830870121717453
2024-05-08 14:53:25 | TRACE   | query_time, 0.0010555610060691833
2024-05-08 14:53:25 | TRACE   | query_time, 0.0008992850780487061
2024-05-08 14:53:25 | TRACE   | query_time, 0.0009967423975467682
2024-05-08 14:53:25 | TRACE   | query_time, 0.0008527003228664398
2024-05-08 14:53:25 | TRACE   | query_time, 0.0008192583918571472
2024-05-08 14:53:25 | TRACE   | query_time, 0.0008706264197826385
2024-05-08 14:53:25 | TRACE   | query_time, 0.0008102506399154663
2024-05-08 14:53:25 | TRACE   | query_time, 0.000996023416519165
2024-05-08 14:53:25 | TRACE   | query_time, 0.0009007304906845093
2024-05-08 14:53:25 | TRACE   | query_time, 0.0009323656558990479
2024-05-08 14:53:25 | TRACE   | query_time, 0.0008146986365318298
2024-05-08 14:53:25 | TRACE   | query_time, 0.0011020414531230927
2024-05-08 14:53:25 | TRACE   | query_time, 0.0010173283517360687
2024-05-08 14:53:25 | TRACE   | query_time, 0.0009583011269569397
2024-05-08 14:53:25 | TRACE   | query_time, 0.0008191168308258057
2024-05-08 14:53:25 | TRACE   | query_time, 0.0008614026010036469
2024-05-08 14:53:25 | TRACE   | query_time, 0.0008161142468452454
2024-05-08 14:53:25 | TRACE   | query_time, 0.0009135380387306213
2024-05-08 14:53:25 | TRACE   | query_time, 0.0009349621832370758
2024-05-08 14:53:25 | TRACE   | query_time, 0.001087881624698639
2024-05-08 14:53:25 | TRACE   | query_time, 0.0008136816322803497
2024-05-08 14:53:25 | TRACE   | query_time, 0.0008124411106109619
2024-05-08 14:53:25 | TRACE   | query_time, 0.0008578896522521973
2024-05-08 14:53:25 | TRACE   | query_time, 0.0008219406008720398
2024-05-08 14:53:25 | TRACE   | query_time, 0.0008149445056915283
2024-05-08 14:53:25 | TRACE   | query_time, 0.0008613280951976776
2024-05-08 14:53:25 | TRACE   | query_time, 0.0008102692663669586
2024-05-08 14:53:25 | TRACE   | query_time, 0.000853314995765686
2024-05-08 14:53:25 | TRACE   | query_time, 0.0009894520044326782
2024-05-08 14:53:25 | TRACE   | query_time, 0.0009179823100566864
2024-05-08 14:53:25 | TRACE   | query_time, 0.0008169934153556824
2024-05-08 14:53:25 | TRACE   | query_time, 0.001000434160232544
2024-05-08 14:53:25 | TRACE   | query_time, 0.0009883567690849304
2024-05-08 14:53:25 | TRACE   | query_time, 0.0008085109293460846
2024-05-08 14:53:25 | TRACE   | query_time, 0.0009094439446926117
2024-05-08 14:53:25 | TRACE   | query_time, 0.0008194670081138611
2024-05-08 14:53:25 | TRACE   | query_time, 0.0009573139250278473
2024-05-08 14:53:25 | TRACE   | query_time, 0.0008388645946979523
2024-05-08 14:53:25 | TRACE   | query_time, 0.0010025277733802795
2024-05-08 14:53:25 | TRACE   | query_time, 0.0011139288544654846
2024-05-08 14:53:25 | TRACE   | query_time, 0.0009608231484889984
2024-05-08 14:53:25 | TRACE   | query_time, 0.0009556487202644348
2024-05-08 14:53:25 | TRACE   | query_time, 0.0008094087243080139
2024-05-08 14:53:25 | TRACE   | query_time, 0.000853855162858963
2024-05-08 14:53:25 | TRACE   | query_time, 0.0008148364722728729
2024-05-08 14:53:25 | TRACE   | query_time, 0.0010480433702468872
2024-05-08 14:53:25 | TRACE   | query_time, 0.0008970946073532104
2024-05-08 14:53:25 | TRACE   | query_time, 0.0009904615581035614
2024-05-08 14:53:25 | TRACE   | query_time, 0.0008361935615539551
2024-05-08 14:53:25 | TRACE   | query_time, 0.0008666478097438812
2024-05-08 14:53:25 | TRACE   | query_time, 0.0008150264620780945
2024-05-08 14:53:25 | TRACE   | query_time, 0.0010013282299041748
2024-05-08 14:53:25 | TRACE   | query_time, 0.0008916705846786499
2024-05-08 14:53:25 | TRACE   | query_time, 0.0008129924535751343
2024-05-08 14:53:25 | TRACE   | query_time, 0.0011026598513126373
2024-05-08 14:53:25 | TRACE   | query_time, 0.0010256506502628326
2024-05-08 14:53:25 | TRACE   | query_time, 0.0009599924087524414
2024-05-08 14:53:25 | TRACE   | query_time, 0.0008104294538497925
2024-05-08 14:53:25 | TRACE   | query_time, 0.0008301511406898499
2024-05-08 14:53:25 | TRACE   | query_time, 0.0008149705827236176
2024-05-08 14:53:25 | TRACE   | query_time, 0.0009186379611492157
2024-05-08 14:53:25 | TRACE   | query_time, 0.0009249299764633179
2024-05-08 14:53:25 | TRACE   | query_time, 0.0010864734649658203
2024-05-08 14:53:25 | TRACE   | query_time, 0.000814877450466156
2024-05-08 14:53:25 | TRACE   | query_time, 0.0008493214845657349
2024-05-08 14:53:25 | TRACE   | query_time, 0.000813014805316925
2024-05-08 14:53:25 | TRACE   | query_time, 0.0008222982287406921
2024-05-08 14:53:25 | TRACE   | query_time, 0.0008584633469581604
2024-05-08 14:53:25 | TRACE   | query_time, 0.0008146502077579498
2024-05-08 14:53:25 | TRACE   | query_time, 0.0008969157934188843
2024-05-08 14:53:25 | TRACE   | query_time, 0.0008439160883426666
2024-05-08 14:53:25 | TRACE   | query_time, 0.0009951703250408173
2024-05-08 14:53:25 | TRACE   | query_time, 0.0009135529398918152
2024-05-08 14:53:25 | TRACE   | query_time, 0.0008146651089191437
2024-05-08 14:53:25 | TRACE   | query_time, 0.00099090114235878
2024-05-08 14:53:25 | TRACE   | query_time, 0.0009824521839618683
2024-05-08 14:53:25 | TRACE   | query_time, 0.0008172430098056793
2024-05-08 14:53:25 | TRACE   | query_time, 0.0008118674159049988
2024-05-08 14:53:25 | TRACE   | query_time, 0.0009132027626037598
2024-05-08 14:53:25 | TRACE   | query_time, 0.0008111745119094849
2024-05-08 14:53:25 | TRACE   | query_time, 0.0009615756571292877
2024-05-08 14:53:25 | TRACE   | query_time, 0.0008461251854896545
2024-05-08 14:53:25 | TRACE   | query_time, 0.0010175742208957672
2024-05-08 14:53:25 | TRACE   | query_time, 0.0009134747087955475
2024-05-08 14:53:25 | TRACE   | query_time, 0.0008211173117160797
2024-05-08 14:53:25 | TRACE   | query_time, 0.001108810305595398
2024-05-08 14:53:25 | TRACE   | query_time, 0.0009704679250717163
2024-05-08 14:53:25 | TRACE   | query_time, 0.0009644515812397003
2024-05-08 14:53:25 | TRACE   | query_time, 0.0008608102798461914
2024-05-08 14:53:25 | TRACE   | query_time, 0.0008143149316310883
2024-05-08 14:53:25 | TRACE   | query_time, 0.0010579638183116913
2024-05-08 14:53:25 | TRACE   | query_time, 0.000906139612197876
2024-05-08 14:53:25 | TRACE   | query_time, 0.0009908266365528107
2024-05-08 14:53:25 | TRACE   | query_time, 0.0008381679654121399
2024-05-08 14:53:25 | TRACE   | query_time, 0.0008302181959152222
2024-05-08 14:53:25 | TRACE   | query_time, 0.0008685849606990814
2024-05-08 14:53:25 | TRACE   | query_time, 0.000815119594335556
2024-05-08 14:53:25 | TRACE   | query_time, 0.0008149631321430206
2024-05-08 14:53:25 | TRACE   | query_time, 0.001099567860364914
2024-05-08 14:53:25 | TRACE   | query_time, 0.0010274611413478851
2024-05-08 14:53:25 | TRACE   | query_time, 0.0009638667106628418
2024-05-08 14:53:25 | TRACE   | query_time, 0.0008124597370624542
2024-05-08 14:53:25 | TRACE   | query_time, 0.0008663646876811981
2024-05-08 14:53:25 | TRACE   | query_time, 0.0008144006133079529
2024-05-08 14:53:25 | TRACE   | query_time, 0.0008049160242080688
2024-05-08 14:53:25 | TRACE   | query_time, 0.0009112097322940826
2024-05-08 14:53:25 | TRACE   | query_time, 0.0009374953806400299
2024-05-08 14:53:25 | TRACE   | query_time, 0.0010754801332950592
2024-05-08 14:53:25 | TRACE   | query_time, 0.000814586877822876
2024-05-08 14:53:25 | TRACE   | query_time, 0.0008538141846656799
2024-05-08 14:53:25 | TRACE   | query_time, 0.000818990170955658
2024-05-08 14:53:25 | TRACE   | query_time, 0.0008137337863445282
2024-05-08 14:53:25 | TRACE   | query_time, 0.0008549429476261139
2024-05-08 14:53:25 | TRACE   | query_time, 0.0008137300610542297
2024-05-08 14:53:25 | TRACE   | query_time, 0.0008520632982254028
2024-05-08 14:53:25 | TRACE   | query_time, 0.0009923018515110016
2024-05-08 14:53:25 | TRACE   | query_time, 0.0009094439446926117
2024-05-08 14:53:25 | TRACE   | query_time, 0.000813458114862442
2024-05-08 14:53:25 | TRACE   | query_time, 0.001001846045255661
2024-05-08 14:53:25 | TRACE   | query_time, 0.0009918883442878723
2024-05-08 14:53:25 | TRACE   | query_time, 0.0008175931870937347
2024-05-08 14:53:25 | TRACE   | query_time, 0.0009197890758514404
2024-05-08 14:53:25 | TRACE   | query_time, 0.0008396580815315247
2024-05-08 14:53:25 | TRACE   | query_time, 0.0009756051003932953
2024-05-08 14:53:25 | TRACE   | query_time, 0.0008508898317813873
2024-05-08 14:53:25 | TRACE   | query_time, 0.0010110549628734589
2024-05-08 14:53:25 | TRACE   | query_time, 0.0008236803114414215
2024-05-08 14:53:25 | TRACE   | query_time, 0.0011180713772773743
2024-05-08 14:53:25 | TRACE   | query_time, 0.000959005206823349
2024-05-08 14:53:25 | TRACE   | query_time, 0.0009564012289047241
2024-05-08 14:53:25 | TRACE   | query_time, 0.0008161328732967377
2024-05-08 14:53:25 | TRACE   | query_time, 0.0008552558720111847
2024-05-08 14:53:25 | TRACE   | query_time, 0.00080915167927742
2024-05-08 14:53:25 | TRACE   | query_time, 0.001039266586303711
2024-05-08 14:53:25 | TRACE   | query_time, 0.0009106695652008057
2024-05-08 14:53:25 | TRACE   | query_time, 0.0009879134595394135
2024-05-08 14:53:25 | TRACE   | query_time, 0.0008496418595314026
2024-05-08 14:53:25 | TRACE   | query_time, 0.0008650049567222595
2024-05-08 14:53:25 | TRACE   | query_time, 0.000825781375169754
2024-05-08 14:53:25 | TRACE   | query_time, 0.000994950532913208
2024-05-08 14:53:25 | TRACE   | query_time, 0.0008999928832054138
2024-05-08 14:53:25 | TRACE   | query_time, 0.0009292475879192352
2024-05-08 14:53:25 | TRACE   | query_time, 0.0008260048925876617
2024-05-08 14:53:25 | TRACE   | query_time, 0.0010995343327522278
2024-05-08 14:53:25 | TRACE   | query_time, 0.0010183267295360565
2024-05-08 14:53:25 | TRACE   | query_time, 0.0009600557386875153
2024-05-08 14:53:25 | TRACE   | query_time, 0.0008170939981937408
2024-05-08 14:53:25 | TRACE   | query_time, 0.0008593648672103882
2024-05-08 14:53:25 | TRACE   | query_time, 0.0008168332278728485
2024-05-08 14:53:25 | TRACE   | query_time, 0.0008066073060035706
2024-05-08 14:53:25 | TRACE   | query_time, 0.000921938568353653
2024-05-08 14:53:25 | TRACE   | query_time, 0.0009351558983325958
2024-05-08 14:53:25 | TRACE   | query_time, 0.0010868608951568604
2024-05-08 14:53:25 | TRACE   | query_time, 0.0008103698492050171
2024-05-08 14:53:25 | TRACE   | query_time, 0.0008177496492862701
2024-05-08 14:53:25 | TRACE   | query_time, 0.0008179135620594025
2024-05-08 14:53:25 | TRACE   | query_time, 0.0008140876889228821
2024-05-08 14:53:25 | TRACE   | query_time, 0.0008524879813194275
2024-05-08 14:53:25 | TRACE   | query_time, 0.0008258484303951263
2024-05-08 14:53:25 | TRACE   | query_time, 0.0008434802293777466
2024-05-08 14:53:25 | TRACE   | query_time, 0.0009933337569236755
2024-05-08 14:53:25 | TRACE   | query_time, 0.0009135231375694275
2024-05-08 14:53:25 | TRACE   | query_time, 0.0009951293468475342
2024-05-08 14:53:25 | TRACE   | query_time, 0.0009928122162818909
2024-05-08 14:53:25 | TRACE   | query_time, 0.0008093081414699554
2024-05-08 14:53:25 | TRACE   | query_time, 0.0008079856634140015
2024-05-08 14:53:25 | TRACE   | query_time, 0.0009196661412715912
2024-05-08 14:53:25 | TRACE   | query_time, 0.000814683735370636
2024-05-08 14:53:25 | TRACE   | query_time, 0.0009605735540390015
2024-05-08 14:53:25 | TRACE   | query_time, 0.0008411109447479248
2024-05-08 14:53:25 | TRACE   | query_time, 0.0010083876550197601
2024-05-08 14:53:25 | TRACE   | query_time, 0.0009120255708694458
2024-05-08 14:53:25 | TRACE   | query_time, 0.0008134841918945312
2024-05-08 14:53:25 | TRACE   | query_time, 0.001100972294807434
2024-05-08 14:53:25 | TRACE   | query_time, 0.0009646713733673096
2024-05-08 14:53:25 | TRACE   | query_time, 0.0009567178785800934
2024-05-08 14:53:25 | TRACE   | query_time, 0.0008132681250572205
2024-05-08 14:53:25 | TRACE   | query_time, 0.0008602812886238098
2024-05-08 14:53:25 | TRACE   | query_time, 0.0008301548659801483
2024-05-08 14:53:25 | TRACE   | query_time, 0.0010454654693603516
2024-05-08 14:53:25 | TRACE   | query_time, 0.0009902529418468475
2024-05-08 14:53:25 | TRACE   | query_time, 0.0008441954851150513
2024-05-08 14:53:25 | TRACE   | query_time, 0.0008209645748138428
2024-05-08 14:53:25 | TRACE   | query_time, 0.0008751377463340759
2024-05-08 14:53:25 | TRACE   | query_time, 0.0008174777030944824
2024-05-08 14:53:25 | TRACE   | query_time, 0.000991523265838623
2024-05-08 14:53:25 | TRACE   | query_time, 0.0009081289172172546
2024-05-08 14:53:25 | TRACE   | query_time, 0.000929027795791626
2024-05-08 14:53:25 | TRACE   | query_time, 0.0008126981556415558
2024-05-08 14:53:25 | TRACE   | query_time, 0.0011014379560947418
2024-05-08 14:53:25 | TRACE   | query_time, 0.0010245703160762787
2024-05-08 14:53:25 | TRACE   | query_time, 0.0009596608579158783
2024-05-08 14:53:25 | TRACE   | query_time, 0.0008147172629833221
2024-05-08 14:53:25 | TRACE   | query_time, 0.0008603371679782867
2024-05-08 14:53:25 | TRACE   | query_time, 0.0008119866251945496
2024-05-08 14:53:25 | TRACE   | query_time, 0.0008126907050609589
2024-05-08 14:53:25 | TRACE   | query_time, 0.0009287744760513306
2024-05-08 14:53:25 | TRACE   | query_time, 0.0010835714638233185
2024-05-08 14:53:25 | TRACE   | query_time, 0.0008143037557601929
2024-05-08 14:53:25 | TRACE   | query_time, 0.0008123405277729034
2024-05-08 14:53:25 | TRACE   | query_time, 0.0008556470274925232
2024-05-08 14:53:25 | TRACE   | query_time, 0.0008086003363132477
2024-05-08 14:53:25 | TRACE   | query_time, 0.0008226595818996429
2024-05-08 14:53:25 | TRACE   | query_time, 0.00085420161485672
2024-05-08 14:53:25 | TRACE   | query_time, 0.0008092261850833893
2024-05-08 14:53:25 | TRACE   | query_time, 0.0009054504334926605
2024-05-08 14:53:25 | TRACE   | query_time, 0.0008447878062725067
2024-05-08 14:53:25 | TRACE   | query_time, 0.0009887516498565674
2024-05-08 14:53:25 | TRACE   | query_time, 0.0009155422449111938
2024-05-08 14:53:25 | TRACE   | query_time, 0.0008111968636512756
2024-05-08 14:53:25 | TRACE   | query_time, 0.0010231807827949524
2024-05-08 14:53:25 | TRACE   | query_time, 0.0009926855564117432
2024-05-08 14:53:25 | TRACE   | query_time, 0.0008109137415885925
2024-05-08 14:53:25 | TRACE   | query_time, 0.0008172430098056793
2024-05-08 14:53:25 | TRACE   | query_time, 0.0009181350469589233
2024-05-08 14:53:25 | TRACE   | query_time, 0.0008156299591064453
2024-05-08 14:53:25 | TRACE   | query_time, 0.002613350749015808
2024-05-08 14:53:25 | TRACE   | query_time, 0.0027363598346710205
2024-05-08 14:53:25 | TRACE   | query_time, 0.0024601854383945465
2024-05-08 14:53:25 | TRACE   | query_time, 0.002673603594303131
2024-05-08 14:53:25 | TRACE   | query_time, 0.0025828778743743896
2024-05-08 14:53:25 | TRACE   | query_time, 0.0023941397666931152
2024-05-08 14:53:25 | TRACE   | query_time, 0.0024209506809711456
2024-05-08 14:53:25 | TRACE   | query_time, 0.002611842006444931
2024-05-08 14:53:25 | TRACE   | query_time, 0.0024251528084278107
2024-05-08 14:53:25 | TRACE   | query_time, 0.0028398334980010986
2024-05-08 14:53:25 | TRACE   | query_time, 0.0025840140879154205
2024-05-08 14:53:25 | TRACE   | query_time, 0.002424720674753189
2024-05-08 14:53:25 | TRACE   | query_time, 0.002390991896390915
2024-05-08 14:53:25 | TRACE   | query_time, 0.002377524971961975
2024-05-08 14:53:25 | TRACE   | query_time, 0.0026573725044727325
2024-05-08 14:53:25 | TRACE   | query_time, 0.0023672133684158325
2024-05-08 14:53:25 | TRACE   | query_time, 0.0023590587079524994
2024-05-08 14:53:25 | TRACE   | query_time, 0.002480126917362213
2024-05-08 14:53:25 | TRACE   | query_time, 0.00234999880194664
2024-05-08 14:53:25 | TRACE   | query_time, 0.002613753080368042
2024-05-08 14:53:25 | TRACE   | query_time, 0.002401936799287796
2024-05-08 14:53:25 | TRACE   | query_time, 0.002348273992538452
2024-05-08 14:53:25 | TRACE   | query_time, 0.002621866762638092
2024-05-08 14:53:25 | TRACE   | query_time, 0.0024058371782302856
2024-05-08 14:53:25 | TRACE   | query_time, 0.0023446232080459595
2024-05-08 14:53:25 | TRACE   | query_time, 0.002353265881538391
2024-05-08 14:53:25 | TRACE   | query_time, 0.0025902651250362396
2024-05-08 14:53:25 | TRACE   | query_time, 0.0023827478289604187
2024-05-08 14:53:25 | TRACE   | query_time, 0.0023373961448669434
2024-05-08 14:53:25 | TRACE   | query_time, 0.0025256387889385223
2024-05-08 14:53:25 | TRACE   | query_time, 0.002380259335041046
2024-05-08 14:53:25 | TRACE   | query_time, 0.0027186833322048187
2024-05-08 14:53:25 | TRACE   | query_time, 0.0023845210671424866
2024-05-08 14:53:25 | TRACE   | query_time, 0.0023483596742153168
2024-05-08 14:53:25 | TRACE   | query_time, 0.002517063170671463
2024-05-08 14:53:25 | TRACE   | query_time, 0.002315964549779892
2024-05-08 14:53:25 | TRACE   | query_time, 0.003029651939868927
2024-05-08 14:53:25 | TRACE   | query_time, 0.0023581646382808685
2024-05-08 14:53:25 | TRACE   | query_time, 0.0023461468517780304
2024-05-08 14:53:25 | TRACE   | query_time, 0.0025809556245803833
2024-05-08 14:53:25 | TRACE   | query_time, 0.00235806405544281
2024-05-08 14:53:25 | TRACE   | query_time, 0.002534281462430954
2024-05-08 14:53:25 | TRACE   | query_time, 0.0025726817548274994
2024-05-08 14:53:25 | TRACE   | query_time, 0.002522747963666916
2024-05-08 14:53:25 | TRACE   | query_time, 0.0023543648421764374
2024-05-08 14:53:25 | TRACE   | query_time, 0.0023738667368888855
2024-05-08 14:53:25 | TRACE   | query_time, 0.0025276578962802887
2024-05-08 14:53:25 | TRACE   | query_time, 0.0023669861257076263
2024-05-08 14:53:25 | TRACE   | query_time, 0.0023364052176475525
2024-05-08 14:53:25 | TRACE   | query_time, 0.0023438334465026855
2024-05-08 14:53:25 | TRACE   | query_time, 0.0026188865303993225
2024-05-08 14:53:25 | TRACE   | query_time, 0.002362355589866638
2024-05-08 14:53:25 | TRACE   | query_time, 0.0023471303284168243
2024-05-08 14:53:25 | TRACE   | query_time, 0.002563025802373886
2024-05-08 14:53:25 | TRACE   | query_time, 0.0023618601262569427
2024-05-08 14:53:25 | TRACE   | query_time, 0.0024642199277877808
2024-05-08 14:53:25 | TRACE   | query_time, 0.0023235268890857697
2024-05-08 14:53:25 | TRACE   | query_time, 0.002328496426343918
2024-05-08 14:53:25 | TRACE   | query_time, 0.0023518577218055725
2024-05-08 14:53:25 | TRACE   | query_time, 0.002335112541913986
2024-05-08 14:53:25 | TRACE   | query_time, 0.002338457852602005
2024-05-08 14:53:25 | TRACE   | query_time, 0.002358175814151764
2024-05-08 14:53:25 | TRACE   | query_time, 0.002902708947658539
2024-05-08 14:53:25 | TRACE   | query_time, 0.002556338906288147
2024-05-08 14:53:25 | TRACE   | query_time, 0.00235704705119133
2024-05-08 14:53:25 | TRACE   | query_time, 0.0023294128477573395
2024-05-08 14:53:25 | TRACE   | query_time, 0.002511773258447647
2024-05-08 14:53:25 | TRACE   | query_time, 0.0023545213043689728
2024-05-08 14:53:25 | TRACE   | query_time, 0.00234777107834816
2024-05-08 14:53:25 | TRACE   | query_time, 0.0023304298520088196
2024-05-08 14:53:25 | TRACE   | query_time, 0.002534296363592148
2024-05-08 14:53:25 | TRACE   | query_time, 0.0023417435586452484
2024-05-08 14:53:25 | TRACE   | query_time, 0.002346150577068329
2024-05-08 14:53:25 | TRACE   | query_time, 0.002564042806625366
2024-05-08 14:53:25 | TRACE   | query_time, 0.0023435093462467194
2024-05-08 14:53:25 | TRACE   | query_time, 0.002324361354112625
2024-05-08 14:53:25 | TRACE   | query_time, 0.002537466585636139
2024-05-08 14:53:25 | TRACE   | query_time, 0.0023468881845474243
2024-05-08 14:53:25 | TRACE   | query_time, 0.00233280286192894
2024-05-08 14:53:25 | TRACE   | query_time, 0.002348601818084717
2024-05-08 14:53:25 | TRACE   | query_time, 0.0025239363312721252
2024-05-08 14:53:25 | TRACE   | query_time, 0.0023516304790973663
2024-05-08 14:53:25 | TRACE   | query_time, 0.002690844237804413
2024-05-08 14:53:25 | TRACE   | query_time, 0.002359651029109955
2024-05-08 14:53:25 | TRACE   | query_time, 0.0025025904178619385
2024-05-08 14:53:25 | TRACE   | query_time, 0.0023388564586639404
2024-05-08 14:53:25 | TRACE   | query_time, 0.002334378659725189
2024-05-08 14:53:25 | TRACE   | query_time, 0.0025421753525733948
2024-05-08 14:53:25 | TRACE   | query_time, 0.002358701080083847
2024-05-08 14:53:25 | TRACE   | query_time, 0.0023130886256694794
2024-05-08 14:53:25 | TRACE   | query_time, 0.0023447424173355103
2024-05-08 14:53:25 | TRACE   | query_time, 0.002538476139307022
2024-05-08 14:53:25 | TRACE   | query_time, 0.0025610998272895813
2024-05-08 14:53:25 | TRACE   | query_time, 0.0025023408234119415
2024-05-08 14:53:25 | TRACE   | query_time, 0.0023872777819633484
2024-05-08 14:53:25 | TRACE   | query_time, 0.0023598559200763702
2024-05-08 14:53:25 | TRACE   | query_time, 0.002524714916944504
2024-05-08 14:53:25 | TRACE   | query_time, 0.0023527145385742188
2024-05-08 14:53:25 | TRACE   | query_time, 0.002321746200323105
2024-05-08 14:53:25 | TRACE   | query_time, 0.0024757422506809235
2024-05-08 14:53:25 | TRACE   | query_time, 0.002340603619813919
2024-05-08 14:53:25 | TRACE   | query_time, 0.0023603513836860657
2024-05-08 14:53:25 | TRACE   | query_time, 0.002356644719839096
2024-05-08 14:53:25 | TRACE   | query_time, 0.002327095717191696
2024-05-08 14:53:25 | TRACE   | query_time, 0.0024610720574855804
2024-05-08 14:53:25 | TRACE   | query_time, 0.002341940999031067
2024-05-08 14:53:25 | TRACE   | query_time, 0.002504345029592514
2024-05-08 14:53:25 | TRACE   | query_time, 0.0023548901081085205
2024-05-08 14:53:25 | TRACE   | query_time, 0.0026700645685195923
2024-05-08 14:53:25 | TRACE   | query_time, 0.0023148655891418457
2024-05-08 14:53:25 | TRACE   | query_time, 0.0025043971836566925
2024-05-08 14:53:25 | TRACE   | query_time, 0.002345409244298935
2024-05-08 14:53:25 | TRACE   | query_time, 0.0025075674057006836
2024-05-08 14:53:25 | TRACE   | query_time, 0.002355217933654785
2024-05-08 14:53:25 | TRACE   | query_time, 0.0028942376375198364
2024-05-08 14:53:25 | TRACE   | query_time, 0.002548113465309143
2024-05-08 14:53:25 | TRACE   | query_time, 0.0023520514369010925
2024-05-08 14:53:25 | TRACE   | query_time, 0.0023324675858020782
2024-05-08 14:53:25 | TRACE   | query_time, 0.0025486573576927185
2024-05-08 14:53:25 | TRACE   | query_time, 0.002507530152797699
2024-05-08 14:53:25 | TRACE   | query_time, 0.0023238174617290497
2024-05-08 14:53:25 | TRACE   | query_time, 0.002418704330921173
2024-05-08 14:53:25 | TRACE   | query_time, 0.0025863945484161377
2024-05-08 14:53:25 | TRACE   | query_time, 0.0025449730455875397
2024-05-08 14:53:25 | TRACE   | query_time, 0.0030305124819278717
2024-05-08 14:53:25 | TRACE   | query_time, 0.0030225664377212524
2024-05-08 14:53:26 | TRACE   | query_time, 0.0030495747923851013
2024-05-08 14:53:26 | TRACE   | query_time, 0.0029991641640663147
2024-05-08 14:53:26 | TRACE   | query_time, 0.0029816851019859314
2024-05-08 14:53:26 | TRACE   | query_time, 0.003140624612569809
2024-05-08 14:53:26 | TRACE   | query_time, 0.003048822283744812
2024-05-08 14:53:26 | TRACE   | query_time, 0.0034605376422405243
2024-05-08 14:53:26 | TRACE   | query_time, 0.002984851598739624
2024-05-08 14:53:26 | TRACE   | query_time, 0.0031405091285705566
2024-05-08 14:53:26 | TRACE   | query_time, 0.0030856765806674957
2024-05-08 14:53:26 | TRACE   | query_time, 0.003008320927619934
2024-05-08 14:53:26 | TRACE   | query_time, 0.0031240247189998627
2024-05-08 14:53:26 | TRACE   | query_time, 0.0030000880360603333
2024-05-08 14:53:26 | TRACE   | query_time, 0.0030563101172447205
2024-05-08 14:53:26 | TRACE   | query_time, 0.003141801804304123
2024-05-08 14:53:26 | TRACE   | query_time, 0.002992022782564163
2024-05-08 14:53:26 | TRACE   | query_time, 0.0030224844813346863
2024-05-08 14:53:26 | TRACE   | query_time, 0.0030027367174625397
2024-05-08 14:53:26 | TRACE   | query_time, 0.003110293298959732
2024-05-08 14:53:26 | TRACE   | query_time, 0.0031340979039669037
2024-05-08 14:53:26 | TRACE   | query_time, 0.0029761902987957
2024-05-08 14:53:26 | TRACE   | query_time, 0.0030249878764152527
2024-05-08 14:53:26 | TRACE   | query_time, 0.0031626559793949127
2024-05-08 14:53:26 | TRACE   | query_time, 0.0033037029206752777
2024-05-08 14:53:26 | TRACE   | query_time, 0.0029652900993824005
2024-05-08 14:53:26 | TRACE   | query_time, 0.003002014011144638
2024-05-08 14:53:26 | TRACE   | query_time, 0.003011424094438553
2024-05-08 14:53:26 | TRACE   | query_time, 0.003358256071805954
2024-05-08 14:53:26 | TRACE   | query_time, 0.002995762974023819
2024-05-08 14:53:26 | TRACE   | query_time, 0.0031114667654037476
2024-05-08 14:53:26 | TRACE   | query_time, 0.0030090101063251495
2024-05-08 14:53:26 | TRACE   | query_time, 0.003015141934156418
2024-05-08 14:53:26 | TRACE   | query_time, 0.002979569137096405
2024-05-08 14:53:26 | TRACE   | query_time, 0.003123786300420761
2024-05-08 14:53:26 | TRACE   | query_time, 0.0030292756855487823
2024-05-08 14:53:26 | TRACE   | query_time, 0.0030466504395008087
2024-05-08 14:53:26 | TRACE   | query_time, 0.003021378070116043
2024-05-08 14:53:26 | TRACE   | query_time, 0.0030086562037467957
2024-05-08 14:53:26 | TRACE   | query_time, 0.0029987841844558716
2024-05-08 14:53:26 | TRACE   | query_time, 0.003093872219324112
2024-05-08 14:53:26 | TRACE   | query_time, 0.003219056874513626
2024-05-08 14:53:26 | TRACE   | query_time, 0.0029806867241859436
2024-05-08 14:53:26 | TRACE   | query_time, 0.0031012706458568573
2024-05-08 14:53:26 | TRACE   | query_time, 0.0031160712242126465
2024-05-08 14:53:26 | TRACE   | query_time, 0.00336465984582901
2024-05-08 14:53:26 | TRACE   | query_time, 0.0029718875885009766
2024-05-08 14:53:26 | TRACE   | query_time, 0.003059603273868561
2024-05-08 14:53:26 | TRACE   | query_time, 0.0029661469161510468
2024-05-08 14:53:26 | TRACE   | query_time, 0.0031209662556648254
2024-05-08 14:53:26 | TRACE   | query_time, 0.0031188391149044037
2024-05-08 14:53:26 | TRACE   | query_time, 0.002979360520839691
2024-05-08 14:53:26 | TRACE   | query_time, 0.003093898296356201
2024-05-08 14:53:26 | TRACE   | query_time, 0.0030047446489334106
2024-05-08 14:53:26 | TRACE   | query_time, 0.0030071698129177094
2024-05-08 14:53:26 | TRACE   | query_time, 0.0029984042048454285
2024-05-08 14:53:26 | TRACE   | query_time, 0.003141351044178009
2024-05-08 14:53:26 | TRACE   | query_time, 0.0029922649264335632
2024-05-08 14:53:26 | TRACE   | query_time, 0.003008950501680374
2024-05-08 14:53:26 | TRACE   | query_time, 0.002989925444126129
2024-05-08 14:53:26 | TRACE   | query_time, 0.003133963793516159
2024-05-08 14:53:26 | TRACE   | query_time, 0.002985384315252304
2024-05-08 14:53:26 | TRACE   | query_time, 0.0031955912709236145
2024-05-08 14:53:26 | TRACE   | query_time, 0.0029788799583911896
2024-05-08 14:53:26 | TRACE   | query_time, 0.0031226053833961487
2024-05-08 14:53:26 | TRACE   | query_time, 0.0029945559799671173
2024-05-08 14:53:26 | TRACE   | query_time, 0.003085620701313019
2024-05-08 14:53:26 | TRACE   | query_time, 0.003347344696521759
2024-05-08 14:53:26 | TRACE   | query_time, 0.0030071921646595
2024-05-08 14:53:26 | TRACE   | query_time, 0.002981908619403839
2024-05-08 14:53:26 | TRACE   | query_time, 0.0031109191477298737
2024-05-08 14:53:26 | TRACE   | query_time, 0.00308164581656456
2024-05-08 14:53:26 | TRACE   | query_time, 0.002970349043607712
2024-05-08 14:53:26 | TRACE   | query_time, 0.0031033940613269806
2024-05-08 14:53:26 | TRACE   | query_time, 0.0031317584216594696
2024-05-08 14:53:26 | TRACE   | query_time, 0.003117222338914871
2024-05-08 14:53:26 | TRACE   | query_time, 0.0030275359749794006
2024-05-08 14:53:26 | TRACE   | query_time, 0.003098268061876297
2024-05-08 14:53:26 | TRACE   | query_time, 0.002986643463373184
2024-05-08 14:53:26 | TRACE   | query_time, 0.002993278205394745
2024-05-08 14:53:26 | TRACE   | query_time, 0.0029977895319461823
2024-05-08 14:53:26 | TRACE   | query_time, 0.00318344309926033
2024-05-08 14:53:26 | TRACE   | query_time, 0.0029960647225379944
2024-05-08 14:53:26 | TRACE   | query_time, 0.0029758624732494354
2024-05-08 14:53:26 | TRACE   | query_time, 0.003080654889345169
2024-05-08 14:53:26 | TRACE   | query_time, 0.002963833510875702
2024-05-08 14:53:26 | TRACE   | query_time, 0.0029741525650024414
2024-05-08 14:53:26 | TRACE   | query_time, 0.0029960758984088898
2024-05-08 14:53:26 | TRACE   | query_time, 0.003091897815465927
2024-05-08 14:53:26 | TRACE   | query_time, 0.0029676519334316254
2024-05-08 14:53:26 | TRACE   | query_time, 0.0031087324023246765
2024-05-08 14:53:26 | TRACE   | query_time, 0.0031145960092544556
2024-05-08 14:53:26 | TRACE   | query_time, 0.002978585660457611
2024-05-08 14:53:26 | TRACE   | query_time, 0.003003165125846863
2024-05-08 14:53:26 | TRACE   | query_time, 0.0030471719801425934
2024-05-08 14:53:26 | TRACE   | query_time, 0.0029881782829761505
2024-05-08 14:53:26 | TRACE   | query_time, 0.003021489828824997
2024-05-08 14:53:26 | TRACE   | query_time, 0.00299980491399765
2024-05-08 14:53:26 | TRACE   | query_time, 0.0031238719820976257
2024-05-08 14:53:26 | TRACE   | query_time, 0.003144349902868271
2024-05-08 14:53:26 | TRACE   | query_time, 0.0029983483254909515
2024-05-08 14:53:26 | TRACE   | query_time, 0.0029614605009555817
2024-05-08 14:53:26 | TRACE   | query_time, 0.0031104087829589844
2024-05-08 14:53:26 | TRACE   | query_time, 0.0030001848936080933
2024-05-08 14:53:26 | TRACE   | query_time, 0.003220885992050171
2024-05-08 14:53:26 | TRACE   | query_time, 0.003031153231859207
2024-05-08 14:53:26 | TRACE   | query_time, 0.002980373799800873
2024-05-08 14:53:26 | TRACE   | query_time, 0.0030115246772766113
2024-05-08 14:53:26 | TRACE   | query_time, 0.002993375062942505
2024-05-08 14:53:26 | TRACE   | query_time, 0.00310472771525383
2024-05-08 14:53:26 | TRACE   | query_time, 0.0033655986189842224
2024-05-08 14:53:26 | TRACE   | query_time, 0.0030005238950252533
2024-05-08 14:53:26 | TRACE   | query_time, 0.003123406320810318
2024-05-08 14:53:26 | TRACE   | query_time, 0.002970285713672638
2024-05-08 14:53:26 | TRACE   | query_time, 0.0031273551285266876
2024-05-08 14:53:26 | TRACE   | query_time, 0.00298362597823143
2024-05-08 14:53:26 | TRACE   | query_time, 0.002997562289237976
2024-05-08 14:53:26 | TRACE   | query_time, 0.0030357688665390015
2024-05-08 14:53:26 | TRACE   | query_time, 0.0024545975029468536
2024-05-08 14:53:26 | TRACE   | query_time, 0.002025868743658066
2024-05-08 14:53:26 | TRACE   | query_time, 0.001960054039955139
2024-05-08 14:53:26 | TRACE   | query_time, 0.0019369684159755707
2024-05-08 14:53:26 | TRACE   | query_time, 0.0019467510282993317
2024-05-08 14:53:26 | TRACE   | query_time, 0.0020340904593467712
2024-05-08 14:53:26 | TRACE   | query_time, 0.0019661858677864075
2024-05-08 14:53:26 | TRACE   | query_time, 0.0019304528832435608
2024-05-08 14:53:26 | TRACE   | query_time, 0.0019891001284122467
2024-05-08 14:53:26 | TRACE   | query_time, 0.0019154474139213562
2024-05-08 14:53:26 | TRACE   | query_time, 0.0019338130950927734
2024-05-08 14:53:26 | TRACE   | query_time, 0.002007916569709778
2024-05-08 14:53:26 | TRACE   | query_time, 0.0020750537514686584
2024-05-08 14:53:26 | TRACE   | query_time, 0.0019251704216003418
2024-05-08 14:53:26 | TRACE   | query_time, 0.0019318647682666779
2024-05-08 14:53:26 | TRACE   | query_time, 0.002005685120820999
2024-05-08 14:53:26 | TRACE   | query_time, 0.0019547343254089355
2024-05-08 14:53:26 | TRACE   | query_time, 0.0019490905106067657
2024-05-08 14:53:26 | TRACE   | query_time, 0.0020028576254844666
2024-05-08 14:53:26 | TRACE   | query_time, 0.0019130147993564606
2024-05-08 14:53:26 | TRACE   | query_time, 0.0019450895488262177
