2024-05-08 15:13:41 | DEBUG   | {'input': PosixPath('data/gittables/indices/microbenchmarks/rebinning-k100.zst'), 'input_type': 'index', 'queries': PosixPath('data/gittables/queries/microbenchmarks.zst'), 'estimation_mode': None, 'index_mode': 'recall', 'output': None, 'workers': None, 'frequency_hists': False, 'suppress_results': True, 'log_level': 'INFO', 'log_file': PosixPath('logs/microbenchmarks/runtime/gittables-rebinning-k100-single_suppressed-3.log')}
2024-05-08 15:13:41 | DEBUG   | Loading input data from data/gittables/indices/microbenchmarks/rebinning-k100.zst
2024-05-08 15:13:57 | DEBUG   | Loading queries from data/gittables/queries/microbenchmarks.zst
2024-05-08 15:13:57 | TRACE   | bootstrap_time, 16.837696187198162
2024-05-08 15:13:57 | DEBUG   | Starting execution
2024-05-08 15:13:57 | TRACE   | query_time, 0.0006282031536102295
2024-05-08 15:13:57 | TRACE   | query_time, 0.00013488531112670898
2024-05-08 15:13:57 | TRACE   | query_time, 0.00016633421182632446
2024-05-08 15:13:57 | TRACE   | query_time, 0.00013587996363639832
2024-05-08 15:13:57 | TRACE   | query_time, 0.00013386830687522888
2024-05-08 15:13:57 | TRACE   | query_time, 0.00016267597675323486
2024-05-08 15:13:57 | TRACE   | query_time, 0.00016058236360549927
2024-05-08 15:13:57 | TRACE   | query_time, 0.00016010552644729614
2024-05-08 15:13:57 | TRACE   | query_time, 0.00012113898992538452
2024-05-08 15:13:57 | TRACE   | query_time, 0.0001299157738685608
2024-05-08 15:13:57 | TRACE   | query_time, 0.00011878833174705505
2024-05-08 15:13:57 | TRACE   | query_time, 0.00012217462062835693
2024-05-08 15:13:57 | TRACE   | query_time, 0.00015923753380775452
2024-05-08 15:13:57 | TRACE   | query_time, 0.0001307353377342224
2024-05-08 15:13:57 | TRACE   | query_time, 0.00013010576367378235
2024-05-08 15:13:57 | TRACE   | query_time, 0.00012916326522827148
2024-05-08 15:13:57 | TRACE   | query_time, 0.00012046843767166138
2024-05-08 15:13:57 | TRACE   | query_time, 0.00011993944644927979
2024-05-08 15:13:57 | TRACE   | query_time, 0.00012952089309692383
2024-05-08 15:13:57 | TRACE   | query_time, 0.00012153759598731995
2024-05-08 15:13:57 | TRACE   | query_time, 0.0001288987696170807
2024-05-08 15:13:57 | TRACE   | query_time, 0.00015940144658088684
2024-05-08 15:13:57 | TRACE   | query_time, 0.00013769790530204773
2024-05-08 15:13:57 | TRACE   | query_time, 0.00017013028264045715
2024-05-08 15:13:57 | TRACE   | query_time, 0.0001675225794315338
2024-05-08 15:13:57 | TRACE   | query_time, 0.00013851746916770935
2024-05-08 15:13:57 | TRACE   | query_time, 0.00013866275548934937
2024-05-08 15:13:57 | TRACE   | query_time, 0.00015994533896446228
2024-05-08 15:13:57 | TRACE   | query_time, 0.0001280568540096283
2024-05-08 15:13:57 | TRACE   | query_time, 0.00016972795128822327
2024-05-08 15:13:57 | TRACE   | query_time, 0.00017006322741508484
2024-05-08 15:13:57 | TRACE   | query_time, 0.000169314444065094
2024-05-08 15:13:57 | TRACE   | query_time, 0.00017584487795829773
2024-05-08 15:13:57 | TRACE   | query_time, 0.00017095357179641724
2024-05-08 15:13:57 | TRACE   | query_time, 0.0001273900270462036
2024-05-08 15:13:57 | TRACE   | query_time, 0.00013609230518341064
2024-05-08 15:13:57 | TRACE   | query_time, 0.0001672990620136261
2024-05-08 15:13:57 | TRACE   | query_time, 0.00012700632214546204
2024-05-08 15:13:57 | TRACE   | query_time, 0.00013583898544311523
2024-05-08 15:13:57 | TRACE   | query_time, 0.00012631341814994812
2024-05-08 15:13:57 | TRACE   | query_time, 0.0001696757972240448
2024-05-08 15:13:57 | TRACE   | query_time, 0.00013649463653564453
2024-05-08 15:13:57 | TRACE   | query_time, 0.00013951584696769714
2024-05-08 15:13:57 | TRACE   | query_time, 0.00016840919852256775
2024-05-08 15:13:57 | TRACE   | query_time, 0.00017102062702178955
2024-05-08 15:13:57 | TRACE   | query_time, 0.00016720592975616455
2024-05-08 15:13:57 | TRACE   | query_time, 0.00013630837202072144
2024-05-08 15:13:57 | TRACE   | query_time, 0.00012567266821861267
2024-05-08 15:13:57 | TRACE   | query_time, 0.00015669316053390503
2024-05-08 15:13:57 | TRACE   | query_time, 0.00016755610704421997
2024-05-08 15:13:57 | TRACE   | query_time, 0.00013894587755203247
2024-05-08 15:13:57 | TRACE   | query_time, 0.00014358386397361755
2024-05-08 15:13:57 | TRACE   | query_time, 0.00013522058725357056
2024-05-08 15:13:57 | TRACE   | query_time, 0.00012664496898651123
2024-05-08 15:13:57 | TRACE   | query_time, 0.00012934952974319458
2024-05-08 15:13:57 | TRACE   | query_time, 0.00013771653175354004
2024-05-08 15:13:57 | TRACE   | query_time, 0.00012600049376487732
2024-05-08 15:13:57 | TRACE   | query_time, 0.00015709549188613892
2024-05-08 15:13:57 | TRACE   | query_time, 0.00013678893446922302
2024-05-08 15:13:57 | TRACE   | query_time, 0.00016815215349197388
2024-05-08 15:13:57 | TRACE   | query_time, 0.00016740337014198303
2024-05-08 15:13:57 | TRACE   | query_time, 0.0001369081437587738
2024-05-08 15:13:57 | TRACE   | query_time, 0.000165451318025589
2024-05-08 15:13:57 | TRACE   | query_time, 0.00016720592975616455
2024-05-08 15:13:57 | TRACE   | query_time, 0.00013860687613487244
2024-05-08 15:13:57 | TRACE   | query_time, 0.00013560429215431213
2024-05-08 15:13:57 | TRACE   | query_time, 0.00015561655163764954
2024-05-08 15:13:57 | TRACE   | query_time, 0.00016996636986732483
2024-05-08 15:13:57 | TRACE   | query_time, 0.00013801828026771545
2024-05-08 15:13:57 | TRACE   | query_time, 0.00016655772924423218
2024-05-08 15:13:57 | TRACE   | query_time, 0.00016903504729270935
2024-05-08 15:13:57 | TRACE   | query_time, 0.0001264326274394989
2024-05-08 15:13:57 | TRACE   | query_time, 0.00016866624355316162
2024-05-08 15:13:57 | TRACE   | query_time, 0.00016738846898078918
2024-05-08 15:13:57 | TRACE   | query_time, 0.00015547126531600952
2024-05-08 15:13:57 | TRACE   | query_time, 0.00011780858039855957
2024-05-08 15:13:57 | TRACE   | query_time, 0.00012784451246261597
2024-05-08 15:13:57 | TRACE   | query_time, 0.000156305730342865
2024-05-08 15:13:57 | TRACE   | query_time, 0.00012765824794769287
2024-05-08 15:13:57 | TRACE   | query_time, 0.00012838095426559448
2024-05-08 15:13:57 | TRACE   | query_time, 0.00015395879745483398
2024-05-08 15:13:57 | TRACE   | query_time, 0.00012641772627830505
2024-05-08 15:13:57 | TRACE   | query_time, 0.0001560598611831665
2024-05-08 15:13:57 | TRACE   | query_time, 0.00012780725955963135
2024-05-08 15:13:57 | TRACE   | query_time, 0.00015624985098838806
2024-05-08 15:13:57 | TRACE   | query_time, 0.00015548616647720337
2024-05-08 15:13:57 | TRACE   | query_time, 0.00011847913265228271
2024-05-08 15:13:57 | TRACE   | query_time, 0.00012757256627082825
2024-05-08 15:13:57 | TRACE   | query_time, 0.0001460537314414978
2024-05-08 15:13:57 | TRACE   | query_time, 0.00017093122005462646
2024-05-08 15:13:57 | TRACE   | query_time, 0.00015648454427719116
2024-05-08 15:13:57 | TRACE   | query_time, 0.0001275762915611267
2024-05-08 15:13:57 | TRACE   | query_time, 0.0001280754804611206
2024-05-08 15:13:57 | TRACE   | query_time, 0.00012693926692008972
2024-05-08 15:13:57 | TRACE   | query_time, 0.00011783093214035034
2024-05-08 15:13:57 | TRACE   | query_time, 0.00011840090155601501
2024-05-08 15:13:57 | TRACE   | query_time, 0.00012660399079322815
2024-05-08 15:13:57 | TRACE   | query_time, 0.00011775270104408264
2024-05-08 15:13:57 | TRACE   | query_time, 0.00014710798859596252
2024-05-08 15:13:57 | TRACE   | query_time, 0.00012645870447158813
2024-05-08 15:13:57 | TRACE   | query_time, 0.000155765563249588
2024-05-08 15:13:57 | TRACE   | query_time, 0.00015469267964363098
2024-05-08 15:13:57 | TRACE   | query_time, 0.0001330748200416565
2024-05-08 15:13:57 | TRACE   | query_time, 0.00015483051538467407
2024-05-08 15:13:57 | TRACE   | query_time, 0.00012800097465515137
2024-05-08 15:13:57 | TRACE   | query_time, 0.00012710317969322205
2024-05-08 15:13:57 | TRACE   | query_time, 0.00014655664563179016
2024-05-08 15:13:57 | TRACE   | query_time, 0.000155717134475708
2024-05-08 15:13:57 | TRACE   | query_time, 0.00015664845705032349
2024-05-08 15:13:57 | TRACE   | query_time, 0.00015792995691299438
2024-05-08 15:13:57 | TRACE   | query_time, 0.00011957809329032898
2024-05-08 15:13:57 | TRACE   | query_time, 0.00015760213136672974
2024-05-08 15:13:57 | TRACE   | query_time, 0.00015709176659584045
2024-05-08 15:13:57 | TRACE   | query_time, 0.00015530362725257874
2024-05-08 15:13:57 | TRACE   | query_time, 0.00011834129691123962
2024-05-08 15:13:57 | TRACE   | query_time, 0.00012775510549545288
2024-05-08 15:13:57 | TRACE   | query_time, 0.0001271851360797882
2024-05-08 15:13:57 | TRACE   | query_time, 0.00015612691640853882
2024-05-08 15:13:57 | TRACE   | query_time, 0.00012622401118278503
2024-05-08 15:13:57 | TRACE   | query_time, 0.00015564635396003723
2024-05-08 15:13:57 | TRACE   | query_time, 0.00012820586562156677
2024-05-08 15:13:57 | TRACE   | query_time, 0.000118304044008255
2024-05-08 15:13:57 | TRACE   | query_time, 0.0001269318163394928
2024-05-08 15:13:57 | TRACE   | query_time, 0.0001184120774269104
2024-05-08 15:13:57 | TRACE   | query_time, 0.00015535950660705566
2024-05-08 15:13:57 | TRACE   | query_time, 0.00012748688459396362
2024-05-08 15:13:57 | TRACE   | query_time, 0.00015511363744735718
2024-05-08 15:13:57 | TRACE   | query_time, 0.0001278705894947052
2024-05-08 15:13:57 | TRACE   | query_time, 0.00015601888298988342
2024-05-08 15:13:57 | TRACE   | query_time, 0.00015544891357421875
2024-05-08 15:13:57 | TRACE   | query_time, 0.0001616068184375763
2024-05-08 15:13:57 | TRACE   | query_time, 0.00011808425188064575
2024-05-08 15:13:57 | TRACE   | query_time, 0.00012739375233650208
2024-05-08 15:13:57 | TRACE   | query_time, 0.00011682882905006409
2024-05-08 15:13:57 | TRACE   | query_time, 0.00014615803956985474
2024-05-08 15:13:57 | TRACE   | query_time, 0.00015491992235183716
2024-05-08 15:13:57 | TRACE   | query_time, 0.00015547499060630798
2024-05-08 15:13:57 | TRACE   | query_time, 0.00012730807065963745
2024-05-08 15:13:57 | TRACE   | query_time, 0.00012772530317306519
2024-05-08 15:13:57 | TRACE   | query_time, 0.00012727826833724976
2024-05-08 15:13:57 | TRACE   | query_time, 0.00011868774890899658
2024-05-08 15:13:57 | TRACE   | query_time, 0.00011845305562019348
2024-05-08 15:13:57 | TRACE   | query_time, 0.0001275576651096344
2024-05-08 15:13:57 | TRACE   | query_time, 0.00011963769793510437
2024-05-08 15:13:57 | TRACE   | query_time, 0.00012781471014022827
2024-05-08 15:13:57 | TRACE   | query_time, 0.00015524029731750488
2024-05-08 15:13:57 | TRACE   | query_time, 0.00015377625823020935
2024-05-08 15:13:57 | TRACE   | query_time, 0.00012753158807754517
2024-05-08 15:13:57 | TRACE   | query_time, 0.00015464425086975098
2024-05-08 15:13:57 | TRACE   | query_time, 0.00015604868531227112
2024-05-08 15:13:57 | TRACE   | query_time, 0.0001317150890827179
2024-05-08 15:13:57 | TRACE   | query_time, 0.00014564767479896545
2024-05-08 15:13:57 | TRACE   | query_time, 0.00011884421110153198
2024-05-08 15:13:57 | TRACE   | query_time, 0.00015558302402496338
2024-05-08 15:13:57 | TRACE   | query_time, 0.00012756884098052979
2024-05-08 15:13:57 | TRACE   | query_time, 0.00015508383512496948
2024-05-08 15:13:57 | TRACE   | query_time, 0.0001557469367980957
2024-05-08 15:13:57 | TRACE   | query_time, 0.00015548616647720337
2024-05-08 15:13:57 | TRACE   | query_time, 0.00015526264905929565
2024-05-08 15:13:57 | TRACE   | query_time, 0.00011949241161346436
2024-05-08 15:13:57 | TRACE   | query_time, 0.00012784823775291443
2024-05-08 15:13:57 | TRACE   | query_time, 0.0001270882785320282
2024-05-08 15:13:57 | TRACE   | query_time, 0.00015600770711898804
2024-05-08 15:13:57 | TRACE   | query_time, 0.00012650340795516968
2024-05-08 15:13:57 | TRACE   | query_time, 0.00015512481331825256
2024-05-08 15:13:57 | TRACE   | query_time, 0.0001275278627872467
2024-05-08 15:13:57 | TRACE   | query_time, 0.0001259930431842804
2024-05-08 15:13:57 | TRACE   | query_time, 0.00011878833174705505
2024-05-08 15:13:57 | TRACE   | query_time, 0.00015553459525108337
2024-05-08 15:13:57 | TRACE   | query_time, 0.0001270584762096405
2024-05-08 15:13:57 | TRACE   | query_time, 0.0001277327537536621
2024-05-08 15:13:57 | TRACE   | query_time, 0.0001710951328277588
2024-05-08 15:13:57 | TRACE   | query_time, 0.00015813857316970825
2024-05-08 15:13:57 | TRACE   | query_time, 0.0001563243567943573
2024-05-08 15:13:57 | TRACE   | query_time, 0.00011841952800750732
2024-05-08 15:13:57 | TRACE   | query_time, 0.00011761486530303955
2024-05-08 15:13:57 | TRACE   | query_time, 0.00011886656284332275
2024-05-08 15:13:57 | TRACE   | query_time, 0.00014542043209075928
2024-05-08 15:13:57 | TRACE   | query_time, 0.0001569017767906189
2024-05-08 15:13:57 | TRACE   | query_time, 0.0001557469367980957
2024-05-08 15:13:57 | TRACE   | query_time, 0.00012813135981559753
2024-05-08 15:13:57 | TRACE   | query_time, 0.00012871623039245605
2024-05-08 15:13:57 | TRACE   | query_time, 0.00011844933032989502
2024-05-08 15:13:57 | TRACE   | query_time, 0.00011960789561271667
2024-05-08 15:13:57 | TRACE   | query_time, 0.0001276172697544098
2024-05-08 15:13:57 | TRACE   | query_time, 0.00011838972568511963
2024-05-08 15:13:57 | TRACE   | query_time, 0.0001475512981414795
2024-05-08 15:13:57 | TRACE   | query_time, 0.00012744590640068054
2024-05-08 15:13:57 | TRACE   | query_time, 0.00015594437718391418
2024-05-08 15:13:57 | TRACE   | query_time, 0.0001554526388645172
2024-05-08 15:13:57 | TRACE   | query_time, 0.0001286342740058899
2024-05-08 15:13:57 | TRACE   | query_time, 0.0001596584916114807
2024-05-08 15:13:57 | TRACE   | query_time, 0.00015643611550331116
2024-05-08 15:13:57 | TRACE   | query_time, 0.00012839585542678833
2024-05-08 15:13:57 | TRACE   | query_time, 0.00012666359543800354
2024-05-08 15:13:57 | TRACE   | query_time, 0.00014597922563552856
2024-05-08 15:13:57 | TRACE   | query_time, 0.00011850893497467041
2024-05-08 15:13:57 | TRACE   | query_time, 0.00015587732195854187
2024-05-08 15:13:57 | TRACE   | query_time, 0.00012720748782157898
2024-05-08 15:13:57 | TRACE   | query_time, 0.0001554042100906372
2024-05-08 15:13:57 | TRACE   | query_time, 0.00015712901949882507
2024-05-08 15:13:57 | TRACE   | query_time, 0.00011925399303436279
2024-05-08 15:13:57 | TRACE   | query_time, 0.00015579909086227417
2024-05-08 15:13:57 | TRACE   | query_time, 0.00015601888298988342
2024-05-08 15:13:57 | TRACE   | query_time, 0.00015675649046897888
2024-05-08 15:13:57 | TRACE   | query_time, 0.0001274794340133667
2024-05-08 15:13:57 | TRACE   | query_time, 0.00012765824794769287
2024-05-08 15:13:57 | TRACE   | query_time, 0.00015486404299736023
2024-05-08 15:13:57 | TRACE   | query_time, 0.00012714415788650513
2024-05-08 15:13:57 | TRACE   | query_time, 0.00015687942504882812
2024-05-08 15:13:57 | TRACE   | query_time, 0.00012889504432678223
2024-05-08 15:13:57 | TRACE   | query_time, 0.0001234784722328186
2024-05-08 15:13:57 | TRACE   | query_time, 0.00012762472033500671
2024-05-08 15:13:57 | TRACE   | query_time, 0.00011748075485229492
2024-05-08 15:13:57 | TRACE   | query_time, 0.0001283399760723114
2024-05-08 15:13:57 | TRACE   | query_time, 0.00015625730156898499
2024-05-08 15:13:57 | TRACE   | query_time, 0.0001550130546092987
2024-05-08 15:13:57 | TRACE   | query_time, 0.00015744194388389587
2024-05-08 15:13:57 | TRACE   | query_time, 0.0001187548041343689
2024-05-08 15:13:57 | TRACE   | query_time, 0.00012831762433052063
2024-05-08 15:13:57 | TRACE   | query_time, 0.00011942535638809204
2024-05-08 15:13:57 | TRACE   | query_time, 0.00011925771832466125
2024-05-08 15:13:57 | TRACE   | query_time, 0.0001461133360862732
2024-05-08 15:13:57 | TRACE   | query_time, 0.00015552714467048645
2024-05-08 15:13:57 | TRACE   | query_time, 0.0001559630036354065
2024-05-08 15:13:57 | TRACE   | query_time, 0.00012745708227157593
2024-05-08 15:13:57 | TRACE   | query_time, 0.00012697279453277588
2024-05-08 15:13:57 | TRACE   | query_time, 0.00011687725782394409
2024-05-08 15:13:57 | TRACE   | query_time, 0.00011854618787765503
2024-05-08 15:13:57 | TRACE   | query_time, 0.00012835487723350525
2024-05-08 15:13:57 | TRACE   | query_time, 0.00011915713548660278
2024-05-08 15:13:57 | TRACE   | query_time, 0.00012674927711486816
2024-05-08 15:13:57 | TRACE   | query_time, 0.0001595914363861084
2024-05-08 15:13:57 | TRACE   | query_time, 0.00015733018517494202
2024-05-08 15:13:57 | TRACE   | query_time, 0.0001286715269088745
2024-05-08 15:13:57 | TRACE   | query_time, 0.0001578107476234436
2024-05-08 15:13:57 | TRACE   | query_time, 0.00015698745846748352
2024-05-08 15:13:57 | TRACE   | query_time, 0.0001279972493648529
2024-05-08 15:13:57 | TRACE   | query_time, 0.00014981627464294434
2024-05-08 15:13:57 | TRACE   | query_time, 0.00012073293328285217
2024-05-08 15:13:57 | TRACE   | query_time, 0.00015902891755104065
2024-05-08 15:13:57 | TRACE   | query_time, 0.0001309216022491455
2024-05-08 15:13:57 | TRACE   | query_time, 0.00015698373317718506
2024-05-08 15:13:57 | TRACE   | query_time, 0.00011884048581123352
2024-05-08 15:13:57 | TRACE   | query_time, 0.00015664473176002502
2024-05-08 15:13:57 | TRACE   | query_time, 0.0001556016504764557
2024-05-08 15:13:57 | TRACE   | query_time, 0.0001563243567943573
2024-05-08 15:13:57 | TRACE   | query_time, 0.00011897459626197815
2024-05-08 15:13:57 | TRACE   | query_time, 0.000128086656332016
2024-05-08 15:13:57 | TRACE   | query_time, 0.00012682750821113586
2024-05-08 15:13:57 | TRACE   | query_time, 0.00015531107783317566
2024-05-08 15:13:57 | TRACE   | query_time, 0.00012740865349769592
2024-05-08 15:13:57 | TRACE   | query_time, 0.00016122311353683472
2024-05-08 15:13:57 | TRACE   | query_time, 0.00012805312871932983
2024-05-08 15:13:57 | TRACE   | query_time, 0.00012811273336410522
2024-05-08 15:13:57 | TRACE   | query_time, 0.00011835619807243347
2024-05-08 15:13:57 | TRACE   | query_time, 0.00015616044402122498
2024-05-08 15:13:57 | TRACE   | query_time, 0.00012831762433052063
2024-05-08 15:13:57 | TRACE   | query_time, 0.00015586987137794495
2024-05-08 15:13:57 | TRACE   | query_time, 0.0001296699047088623
2024-05-08 15:13:57 | TRACE   | query_time, 0.0001563243567943573
2024-05-08 15:13:57 | TRACE   | query_time, 0.00015658140182495117
2024-05-08 15:13:57 | TRACE   | query_time, 0.0001558251678943634
2024-05-08 15:13:57 | TRACE   | query_time, 0.00011875852942466736
2024-05-08 15:13:57 | TRACE   | query_time, 0.00012901052832603455
2024-05-08 15:13:57 | TRACE   | query_time, 0.00011893734335899353
2024-05-08 15:13:57 | TRACE   | query_time, 0.00011733919382095337
2024-05-08 15:13:57 | TRACE   | query_time, 0.00014551356434822083
2024-05-08 15:13:57 | TRACE   | query_time, 0.0001561678946018219
2024-05-08 15:13:57 | TRACE   | query_time, 0.0001559928059577942
2024-05-08 15:13:57 | TRACE   | query_time, 0.00012839213013648987
2024-05-08 15:13:57 | TRACE   | query_time, 0.000127498060464859
2024-05-08 15:13:57 | TRACE   | query_time, 0.00012470781803131104
2024-05-08 15:13:57 | TRACE   | query_time, 0.00011840462684631348
2024-05-08 15:13:57 | TRACE   | query_time, 0.00012737512588500977
2024-05-08 15:13:57 | TRACE   | query_time, 0.00011863932013511658
2024-05-08 15:13:57 | TRACE   | query_time, 0.00012798607349395752
2024-05-08 15:13:57 | TRACE   | query_time, 0.00015641748905181885
2024-05-08 15:13:57 | TRACE   | query_time, 0.00015516206622123718
2024-05-08 15:13:57 | TRACE   | query_time, 0.0001554824411869049
2024-05-08 15:13:57 | TRACE   | query_time, 0.0001552775502204895
2024-05-08 15:13:57 | TRACE   | query_time, 0.000128917396068573
2024-05-08 15:13:57 | TRACE   | query_time, 0.00012885034084320068
2024-05-08 15:13:57 | TRACE   | query_time, 0.0001470819115638733
2024-05-08 15:13:57 | TRACE   | query_time, 0.00011848285794258118
2024-05-08 15:13:57 | TRACE   | query_time, 0.00015539303421974182
2024-05-08 15:13:57 | TRACE   | query_time, 0.00012787431478500366
2024-05-08 15:13:57 | TRACE   | query_time, 0.00015565752983093262
2024-05-08 15:13:57 | TRACE   | query_time, 0.00015503168106079102
2024-05-08 15:13:57 | TRACE   | query_time, 0.00011885911226272583
2024-05-08 15:13:57 | TRACE   | query_time, 0.0001558847725391388
2024-05-08 15:13:57 | TRACE   | query_time, 0.00015480071306228638
2024-05-08 15:13:57 | TRACE   | query_time, 0.00016160309314727783
2024-05-08 15:13:57 | TRACE   | query_time, 0.00011915713548660278
2024-05-08 15:13:57 | TRACE   | query_time, 0.00012825429439544678
2024-05-08 15:13:57 | TRACE   | query_time, 0.0001273117959499359
2024-05-08 15:13:57 | TRACE   | query_time, 0.0001572147011756897
2024-05-08 15:13:57 | TRACE   | query_time, 0.00015469640493392944
2024-05-08 15:13:57 | TRACE   | query_time, 0.00012772530317306519
2024-05-08 15:13:57 | TRACE   | query_time, 0.00011831149458885193
2024-05-08 15:13:57 | TRACE   | query_time, 0.00012878328561782837
2024-05-08 15:13:57 | TRACE   | query_time, 0.0001186951994895935
2024-05-08 15:13:57 | TRACE   | query_time, 0.00015520304441452026
2024-05-08 15:13:57 | TRACE   | query_time, 0.0001281537115573883
2024-05-08 15:13:57 | TRACE   | query_time, 0.00015557557344436646
2024-05-08 15:13:57 | TRACE   | query_time, 0.00012783706188201904
2024-05-08 15:13:57 | TRACE   | query_time, 0.00015457719564437866
2024-05-08 15:13:57 | TRACE   | query_time, 0.00015558302402496338
2024-05-08 15:13:57 | TRACE   | query_time, 0.00015620887279510498
2024-05-08 15:13:57 | TRACE   | query_time, 0.00011970102787017822
2024-05-08 15:13:57 | TRACE   | query_time, 0.00012793764472007751
2024-05-08 15:13:57 | TRACE   | query_time, 0.00011867284774780273
2024-05-08 15:13:57 | TRACE   | query_time, 0.00011816248297691345
2024-05-08 15:13:57 | TRACE   | query_time, 0.00016077235341072083
2024-05-08 15:13:57 | TRACE   | query_time, 0.00015614554286003113
2024-05-08 15:13:57 | TRACE   | query_time, 0.00012792646884918213
2024-05-08 15:13:57 | TRACE   | query_time, 0.00012927129864692688
2024-05-08 15:13:57 | TRACE   | query_time, 0.00012791529297828674
2024-05-08 15:13:57 | TRACE   | query_time, 0.00011933594942092896
2024-05-08 15:13:57 | TRACE   | query_time, 0.00011738389730453491
2024-05-08 15:13:57 | TRACE   | query_time, 0.0001268535852432251
2024-05-08 15:13:57 | TRACE   | query_time, 0.00011890009045600891
2024-05-08 15:13:57 | TRACE   | query_time, 0.00014616549015045166
2024-05-08 15:13:57 | TRACE   | query_time, 0.00012755393981933594
2024-05-08 15:13:57 | TRACE   | query_time, 0.0001555606722831726
2024-05-08 15:13:57 | TRACE   | query_time, 0.00015464797616004944
2024-05-08 15:13:57 | TRACE   | query_time, 0.00012703239917755127
2024-05-08 15:13:57 | TRACE   | query_time, 0.00015528500080108643
2024-05-08 15:13:57 | TRACE   | query_time, 0.00015443190932273865
2024-05-08 15:13:57 | TRACE   | query_time, 0.00012733414769172668
2024-05-08 15:13:57 | TRACE   | query_time, 0.00012854859232902527
2024-05-08 15:13:57 | TRACE   | query_time, 0.0001461505889892578
2024-05-08 15:13:57 | TRACE   | query_time, 0.00011770427227020264
2024-05-08 15:13:57 | TRACE   | query_time, 0.00027026981115341187
2024-05-08 15:13:57 | TRACE   | query_time, 0.00030741095542907715
2024-05-08 15:13:57 | TRACE   | query_time, 0.00025473907589912415
2024-05-08 15:13:57 | TRACE   | query_time, 0.00029339268803596497
2024-05-08 15:13:57 | TRACE   | query_time, 0.00029272958636283875
2024-05-08 15:13:57 | TRACE   | query_time, 0.0002642534673213959
2024-05-08 15:13:57 | TRACE   | query_time, 0.0002820901572704315
2024-05-08 15:13:57 | TRACE   | query_time, 0.00029144808650016785
2024-05-08 15:13:57 | TRACE   | query_time, 0.0002829022705554962
2024-05-08 15:13:57 | TRACE   | query_time, 0.0003130584955215454
2024-05-08 15:13:57 | TRACE   | query_time, 0.00029058754444122314
2024-05-08 15:13:57 | TRACE   | query_time, 0.0002544708549976349
2024-05-08 15:13:57 | TRACE   | query_time, 0.0002611391246318817
2024-05-08 15:13:57 | TRACE   | query_time, 0.00028209388256073
2024-05-08 15:13:57 | TRACE   | query_time, 0.00029223784804344177
2024-05-08 15:13:57 | TRACE   | query_time, 0.00025126710534095764
2024-05-08 15:13:57 | TRACE   | query_time, 0.0002536363899707794
2024-05-08 15:13:57 | TRACE   | query_time, 0.0002880468964576721
2024-05-08 15:13:57 | TRACE   | query_time, 0.0002794414758682251
2024-05-08 15:13:57 | TRACE   | query_time, 0.0002924017608165741
2024-05-08 15:13:57 | TRACE   | query_time, 0.00028082355856895447
2024-05-08 15:13:57 | TRACE   | query_time, 0.00025472044944763184
2024-05-08 15:13:57 | TRACE   | query_time, 0.0002913437783718109
2024-05-08 15:13:57 | TRACE   | query_time, 0.000254068523645401
2024-05-08 15:13:57 | TRACE   | query_time, 0.0002560168504714966
2024-05-08 15:13:57 | TRACE   | query_time, 0.0002531372010707855
2024-05-08 15:13:57 | TRACE   | query_time, 0.0002930052578449249
2024-05-08 15:13:57 | TRACE   | query_time, 0.0002519451081752777
2024-05-08 15:13:57 | TRACE   | query_time, 0.0002630092203617096
2024-05-08 15:13:57 | TRACE   | query_time, 0.00028960034251213074
2024-05-08 15:13:57 | TRACE   | query_time, 0.0002808906137943268
2024-05-08 15:13:57 | TRACE   | query_time, 0.00030936673283576965
2024-05-08 15:13:57 | TRACE   | query_time, 0.00025233253836631775
2024-05-08 15:13:57 | TRACE   | query_time, 0.00027204304933547974
2024-05-08 15:13:57 | TRACE   | query_time, 0.0002893507480621338
2024-05-08 15:13:57 | TRACE   | query_time, 0.00025111064314842224
2024-05-08 15:13:57 | TRACE   | query_time, 0.00032960250973701477
2024-05-08 15:13:57 | TRACE   | query_time, 0.00025139376521110535
2024-05-08 15:13:57 | TRACE   | query_time, 0.0002506040036678314
2024-05-08 15:13:57 | TRACE   | query_time, 0.00029276683926582336
2024-05-08 15:13:57 | TRACE   | query_time, 0.0002796389162540436
2024-05-08 15:13:57 | TRACE   | query_time, 0.00029016658663749695
2024-05-08 15:13:57 | TRACE   | query_time, 0.00028992071747779846
2024-05-08 15:13:57 | TRACE   | query_time, 0.0002893619239330292
2024-05-08 15:13:57 | TRACE   | query_time, 0.00025253742933273315
2024-05-08 15:13:57 | TRACE   | query_time, 0.00027899444103240967
2024-05-08 15:13:57 | TRACE   | query_time, 0.00028739869594573975
2024-05-08 15:13:57 | TRACE   | query_time, 0.0002535879611968994
2024-05-08 15:13:57 | TRACE   | query_time, 0.00027511268854141235
2024-05-08 15:13:57 | TRACE   | query_time, 0.0002509206533432007
2024-05-08 15:13:57 | TRACE   | query_time, 0.00029360875487327576
2024-05-08 15:13:57 | TRACE   | query_time, 0.0002527758479118347
2024-05-08 15:13:57 | TRACE   | query_time, 0.00025208666920661926
2024-05-08 15:13:57 | TRACE   | query_time, 0.00028830021619796753
2024-05-08 15:13:57 | TRACE   | query_time, 0.0002811439335346222
2024-05-08 15:13:57 | TRACE   | query_time, 0.000289086252450943
2024-05-08 15:13:57 | TRACE   | query_time, 0.00025992095470428467
2024-05-08 15:13:57 | TRACE   | query_time, 0.0002526193857192993
2024-05-08 15:13:57 | TRACE   | query_time, 0.00027978792786598206
2024-05-08 15:13:57 | TRACE   | query_time, 0.00025247782468795776
2024-05-08 15:13:57 | TRACE   | query_time, 0.0002558566629886627
2024-05-08 15:13:57 | TRACE   | query_time, 0.00025232136249542236
2024-05-08 15:13:57 | TRACE   | query_time, 0.000321902334690094
2024-05-08 15:13:57 | TRACE   | query_time, 0.0002890080213546753
2024-05-08 15:13:57 | TRACE   | query_time, 0.00025060027837753296
2024-05-08 15:13:57 | TRACE   | query_time, 0.0002802237868309021
2024-05-08 15:13:57 | TRACE   | query_time, 0.0002889670431613922
2024-05-08 15:13:57 | TRACE   | query_time, 0.000252600759267807
2024-05-08 15:13:57 | TRACE   | query_time, 0.0002508983016014099
2024-05-08 15:13:57 | TRACE   | query_time, 0.00025088340044021606
2024-05-08 15:13:57 | TRACE   | query_time, 0.00028921663761138916
2024-05-08 15:13:57 | TRACE   | query_time, 0.000250302255153656
2024-05-08 15:13:57 | TRACE   | query_time, 0.0002537257969379425
2024-05-08 15:13:57 | TRACE   | query_time, 0.0002886354923248291
2024-05-08 15:13:57 | TRACE   | query_time, 0.000250842422246933
2024-05-08 15:13:57 | TRACE   | query_time, 0.00025271251797676086
2024-05-08 15:13:57 | TRACE   | query_time, 0.00028916820883750916
2024-05-08 15:13:57 | TRACE   | query_time, 0.00028008967638015747
2024-05-08 15:13:57 | TRACE   | query_time, 0.0002595148980617523
2024-05-08 15:13:57 | TRACE   | query_time, 0.00027865171432495117
2024-05-08 15:13:57 | TRACE   | query_time, 0.0002893991768360138
2024-05-08 15:13:57 | TRACE   | query_time, 0.00027981027960777283
2024-05-08 15:13:57 | TRACE   | query_time, 0.0003077499568462372
2024-05-08 15:13:57 | TRACE   | query_time, 0.00025297701358795166
2024-05-08 15:13:57 | TRACE   | query_time, 0.00029113516211509705
2024-05-08 15:13:57 | TRACE   | query_time, 0.0002535916864871979
2024-05-08 15:13:57 | TRACE   | query_time, 0.0002518109977245331
2024-05-08 15:13:57 | TRACE   | query_time, 0.0002934373915195465
2024-05-08 15:13:57 | TRACE   | query_time, 0.00025237351655960083
2024-05-08 15:13:57 | TRACE   | query_time, 0.0002495385706424713
2024-05-08 15:13:57 | TRACE   | query_time, 0.0002515539526939392
2024-05-08 15:13:57 | TRACE   | query_time, 0.0002882033586502075
2024-05-08 15:13:57 | TRACE   | query_time, 0.00028832629323005676
2024-05-08 15:13:57 | TRACE   | query_time, 0.0002883411943912506
2024-05-08 15:13:57 | TRACE   | query_time, 0.0002803020179271698
2024-05-08 15:13:57 | TRACE   | query_time, 0.00025005266070365906
2024-05-08 15:13:57 | TRACE   | query_time, 0.00029414519667625427
2024-05-08 15:13:57 | TRACE   | query_time, 0.0002512037754058838
2024-05-08 15:13:57 | TRACE   | query_time, 0.0002528764307498932
2024-05-08 15:13:57 | TRACE   | query_time, 0.00029108673334121704
2024-05-08 15:13:57 | TRACE   | query_time, 0.0002527683973312378
2024-05-08 15:13:57 | TRACE   | query_time, 0.0002540871500968933
2024-05-08 15:13:57 | TRACE   | query_time, 0.0002510435879230499
2024-05-08 15:13:57 | TRACE   | query_time, 0.00025054439902305603
2024-05-08 15:13:57 | TRACE   | query_time, 0.000289231538772583
2024-05-08 15:13:57 | TRACE   | query_time, 0.00025080516934394836
2024-05-08 15:13:57 | TRACE   | query_time, 0.0002907179296016693
2024-05-08 15:13:57 | TRACE   | query_time, 0.00028078630566596985
2024-05-08 15:13:57 | TRACE   | query_time, 0.00030880048871040344
2024-05-08 15:13:57 | TRACE   | query_time, 0.00025148317217826843
2024-05-08 15:13:57 | TRACE   | query_time, 0.00028868019580841064
2024-05-08 15:13:57 | TRACE   | query_time, 0.0002508684992790222
2024-05-08 15:13:57 | TRACE   | query_time, 0.0002874433994293213
2024-05-08 15:13:57 | TRACE   | query_time, 0.0002801045775413513
2024-05-08 15:13:57 | TRACE   | query_time, 0.00031788647174835205
2024-05-08 15:13:57 | TRACE   | query_time, 0.0002875588834285736
2024-05-08 15:13:57 | TRACE   | query_time, 0.0002498254179954529
2024-05-08 15:13:57 | TRACE   | query_time, 0.00027899444103240967
2024-05-08 15:13:57 | TRACE   | query_time, 0.0002872943878173828
2024-05-08 15:13:57 | TRACE   | query_time, 0.00028747692704200745
2024-05-08 15:13:57 | TRACE   | query_time, 0.000255439430475235
2024-05-08 15:13:57 | TRACE   | query_time, 0.000289376825094223
2024-05-08 15:13:57 | TRACE   | query_time, 0.00029250606894493103
2024-05-08 15:13:57 | TRACE   | query_time, 0.0002899952232837677
2024-05-08 15:13:57 | TRACE   | query_time, 0.0003231428563594818
2024-05-08 15:13:57 | TRACE   | query_time, 0.0002989917993545532
2024-05-08 15:13:57 | TRACE   | query_time, 0.00032146647572517395
2024-05-08 15:13:57 | TRACE   | query_time, 0.0002967454493045807
2024-05-08 15:13:57 | TRACE   | query_time, 0.0003117285668849945
2024-05-08 15:13:57 | TRACE   | query_time, 0.0003279782831668854
2024-05-08 15:13:57 | TRACE   | query_time, 0.0002961456775665283
2024-05-08 15:13:57 | TRACE   | query_time, 0.00035778433084487915
2024-05-08 15:13:57 | TRACE   | query_time, 0.00029493123292922974
2024-05-08 15:13:57 | TRACE   | query_time, 0.0003287084400653839
2024-05-08 15:13:57 | TRACE   | query_time, 0.00032566487789154053
2024-05-08 15:13:57 | TRACE   | query_time, 0.00032022222876548767
2024-05-08 15:13:57 | TRACE   | query_time, 0.00032804161310195923
2024-05-08 15:13:57 | TRACE   | query_time, 0.00029324740171432495
2024-05-08 15:13:57 | TRACE   | query_time, 0.0003292672336101532
2024-05-08 15:13:57 | TRACE   | query_time, 0.0003313794732093811
2024-05-08 15:13:57 | TRACE   | query_time, 0.0003189295530319214
2024-05-08 15:13:57 | TRACE   | query_time, 0.00029700249433517456
2024-05-08 15:13:57 | TRACE   | query_time, 0.0003025755286216736
2024-05-08 15:13:57 | TRACE   | query_time, 0.0002976134419441223
2024-05-08 15:13:57 | TRACE   | query_time, 0.0003272518515586853
2024-05-08 15:13:57 | TRACE   | query_time, 0.0003193803131580353
2024-05-08 15:13:57 | TRACE   | query_time, 0.0002961941063404083
2024-05-08 15:13:57 | TRACE   | query_time, 0.0003306269645690918
2024-05-08 15:13:57 | TRACE   | query_time, 0.0003473535180091858
2024-05-08 15:13:57 | TRACE   | query_time, 0.0002964138984680176
2024-05-08 15:13:57 | TRACE   | query_time, 0.00029397010803222656
2024-05-08 15:13:57 | TRACE   | query_time, 0.00029333680868148804
2024-05-08 15:13:57 | TRACE   | query_time, 0.0003508664667606354
2024-05-08 15:13:57 | TRACE   | query_time, 0.0003117695450782776
2024-05-08 15:13:57 | TRACE   | query_time, 0.0003291293978691101
2024-05-08 15:13:57 | TRACE   | query_time, 0.000294707715511322
2024-05-08 15:13:57 | TRACE   | query_time, 0.00031841546297073364
2024-05-08 15:13:57 | TRACE   | query_time, 0.0002958811819553375
2024-05-08 15:13:57 | TRACE   | query_time, 0.00033016130328178406
2024-05-08 15:13:57 | TRACE   | query_time, 0.0002958737313747406
2024-05-08 15:13:57 | TRACE   | query_time, 0.0003275275230407715
2024-05-08 15:13:57 | TRACE   | query_time, 0.0002956204116344452
2024-05-08 15:13:57 | TRACE   | query_time, 0.00029781460762023926
2024-05-08 15:13:57 | TRACE   | query_time, 0.00032518431544303894
2024-05-08 15:13:57 | TRACE   | query_time, 0.0003283657133579254
2024-05-08 15:13:57 | TRACE   | query_time, 0.0003478899598121643
2024-05-08 15:13:57 | TRACE   | query_time, 0.0002956874668598175
2024-05-08 15:13:57 | TRACE   | query_time, 0.00033070892095565796
2024-05-08 15:13:57 | TRACE   | query_time, 0.0003318600356578827
2024-05-08 15:13:57 | TRACE   | query_time, 0.00035188719630241394
2024-05-08 15:13:57 | TRACE   | query_time, 0.00029668211936950684
2024-05-08 15:13:57 | TRACE   | query_time, 0.0003278777003288269
2024-05-08 15:13:57 | TRACE   | query_time, 0.0003208555281162262
2024-05-08 15:13:57 | TRACE   | query_time, 0.0003291107714176178
2024-05-08 15:13:57 | TRACE   | query_time, 0.00033389031887054443
2024-05-08 15:13:57 | TRACE   | query_time, 0.00031943991780281067
2024-05-08 15:13:57 | TRACE   | query_time, 0.0003257356584072113
2024-05-08 15:13:57 | TRACE   | query_time, 0.0003170892596244812
2024-05-08 15:13:57 | TRACE   | query_time, 0.00029394030570983887
2024-05-08 15:13:57 | TRACE   | query_time, 0.0002938881516456604
2024-05-08 15:13:57 | TRACE   | query_time, 0.0003294162452220917
2024-05-08 15:13:57 | TRACE   | query_time, 0.00029439106583595276
2024-05-08 15:13:57 | TRACE   | query_time, 0.0002954117953777313
2024-05-08 15:13:57 | TRACE   | query_time, 0.0002933293581008911
2024-05-08 15:13:57 | TRACE   | query_time, 0.00032703205943107605
2024-05-08 15:13:57 | TRACE   | query_time, 0.0003210790455341339
2024-05-08 15:13:57 | TRACE   | query_time, 0.00034480541944503784
2024-05-08 15:13:57 | TRACE   | query_time, 0.0002950802445411682
2024-05-08 15:13:57 | TRACE   | query_time, 0.000326789915561676
2024-05-08 15:13:57 | TRACE   | query_time, 0.00029473379254341125
2024-05-08 15:13:57 | TRACE   | query_time, 0.00032677873969078064
2024-05-08 15:13:57 | TRACE   | query_time, 0.0003509223461151123
2024-05-08 15:13:57 | TRACE   | query_time, 0.000293634831905365
2024-05-08 15:13:57 | TRACE   | query_time, 0.00029355287551879883
2024-05-08 15:13:57 | TRACE   | query_time, 0.00032784417271614075
2024-05-08 15:13:57 | TRACE   | query_time, 0.00032937154173851013
2024-05-08 15:13:57 | TRACE   | query_time, 0.00031830742955207825
2024-05-08 15:13:57 | TRACE   | query_time, 0.0003249160945415497
2024-05-08 15:13:57 | TRACE   | query_time, 0.0003250204026699066
2024-05-08 15:13:57 | TRACE   | query_time, 0.0003271140158176422
2024-05-08 15:13:57 | TRACE   | query_time, 0.0002953074872493744
2024-05-08 15:13:57 | TRACE   | query_time, 0.0003275759518146515
2024-05-08 15:13:57 | TRACE   | query_time, 0.00029171258211135864
2024-05-08 15:13:57 | TRACE   | query_time, 0.0002932697534561157
2024-05-08 15:13:57 | TRACE   | query_time, 0.000294320285320282
2024-05-08 15:13:57 | TRACE   | query_time, 0.0003368370234966278
2024-05-08 15:13:57 | TRACE   | query_time, 0.00029801949858665466
2024-05-08 15:13:57 | TRACE   | query_time, 0.0002957358956336975
2024-05-08 15:13:57 | TRACE   | query_time, 0.00032566487789154053
2024-05-08 15:13:57 | TRACE   | query_time, 0.00030325353145599365
2024-05-08 15:13:57 | TRACE   | query_time, 0.000293586403131485
2024-05-08 15:13:57 | TRACE   | query_time, 0.0002934299409389496
2024-05-08 15:13:57 | TRACE   | query_time, 0.0003258846700191498
2024-05-08 15:13:57 | TRACE   | query_time, 0.00029410794377326965
2024-05-08 15:13:57 | TRACE   | query_time, 0.0003264620900154114
2024-05-08 15:13:57 | TRACE   | query_time, 0.0003267154097557068
2024-05-08 15:13:57 | TRACE   | query_time, 0.00031882524490356445
2024-05-08 15:13:57 | TRACE   | query_time, 0.0002978779375553131
2024-05-08 15:13:57 | TRACE   | query_time, 0.00032769516110420227
2024-05-08 15:13:57 | TRACE   | query_time, 0.00029630959033966064
2024-05-08 15:13:57 | TRACE   | query_time, 0.0002954117953777313
2024-05-08 15:13:57 | TRACE   | query_time, 0.00029485300183296204
2024-05-08 15:13:57 | TRACE   | query_time, 0.00033533573150634766
2024-05-08 15:13:57 | TRACE   | query_time, 0.0003251880407333374
2024-05-08 15:13:57 | TRACE   | query_time, 0.00031604617834091187
2024-05-08 15:13:57 | TRACE   | query_time, 0.0003187544643878937
2024-05-08 15:13:57 | TRACE   | query_time, 0.00032617151737213135
2024-05-08 15:13:57 | TRACE   | query_time, 0.0003213919699192047
2024-05-08 15:13:57 | TRACE   | query_time, 0.0003494173288345337
2024-05-08 15:13:57 | TRACE   | query_time, 0.00029521435499191284
2024-05-08 15:13:57 | TRACE   | query_time, 0.00031217560172080994
2024-05-08 15:13:57 | TRACE   | query_time, 0.00029561296105384827
2024-05-08 15:13:57 | TRACE   | query_time, 0.0002931356430053711
2024-05-08 15:13:57 | TRACE   | query_time, 0.00032581016421318054
2024-05-08 15:13:57 | TRACE   | query_time, 0.00035167112946510315
2024-05-08 15:13:57 | TRACE   | query_time, 0.0002961680293083191
2024-05-08 15:13:57 | TRACE   | query_time, 0.0003279484808444977
2024-05-08 15:13:57 | TRACE   | query_time, 0.0003185756504535675
2024-05-08 15:13:57 | TRACE   | query_time, 0.00033309683203697205
2024-05-08 15:13:57 | TRACE   | query_time, 0.00029501691460609436
2024-05-08 15:13:57 | TRACE   | query_time, 0.00029370933771133423
2024-05-08 15:13:57 | TRACE   | query_time, 0.0003270246088504791
2024-05-08 15:13:57 | TRACE   | query_time, 0.00029360130429267883
2024-05-08 15:13:57 | TRACE   | query_time, 0.0003279149532318115
2024-05-08 15:13:57 | TRACE   | query_time, 0.0002935566008090973
2024-05-08 15:13:57 | TRACE   | query_time, 0.00031989067792892456
2024-05-08 15:13:57 | TRACE   | query_time, 0.0002947375178337097
2024-05-08 15:13:57 | TRACE   | query_time, 0.0003367401659488678
2024-05-08 15:13:57 | TRACE   | query_time, 0.00029376521706581116
2024-05-08 15:13:57 | TRACE   | query_time, 0.0002977736294269562
2024-05-08 15:13:57 | TRACE   | query_time, 0.00032627955079078674
2024-05-08 15:13:57 | TRACE   | query_time, 0.0003014281392097473
2024-05-08 15:13:57 | TRACE   | query_time, 0.00031881779432296753
2024-05-08 15:13:57 | TRACE   | query_time, 0.0003280229866504669
2024-05-08 15:13:57 | TRACE   | query_time, 0.00034415721893310547
