2024-05-08 19:30:35 | DEBUG   | {'input': PosixPath('data/gittables/indices/microbenchmarks/rebinning-k350.zst'), 'input_type': 'index', 'queries': PosixPath('data/gittables/queries/microbenchmarks.zst'), 'estimation_mode': None, 'index_mode': 'recall', 'output': None, 'workers': None, 'frequency_hists': False, 'suppress_results': True, 'log_level': 'INFO', 'log_file': PosixPath('logs/microbenchmarks/runtime/gittables-rebinning-k350-single_suppressed-2.log')}
2024-05-08 19:30:35 | DEBUG   | Loading input data from data/gittables/indices/microbenchmarks/rebinning-k350.zst
2024-05-08 19:30:41 | DEBUG   | Loading queries from data/gittables/queries/microbenchmarks.zst
2024-05-08 19:30:41 | TRACE   | bootstrap_time, 6.699565667659044
2024-05-08 19:30:41 | DEBUG   | Starting execution
2024-05-08 19:30:41 | TRACE   | query_time, 0.0004561692476272583
2024-05-08 19:30:41 | TRACE   | query_time, 0.00024985894560813904
2024-05-08 19:30:41 | TRACE   | query_time, 0.0003252476453781128
2024-05-08 19:30:41 | TRACE   | query_time, 0.0003048256039619446
2024-05-08 19:30:41 | TRACE   | query_time, 0.00024354085326194763
2024-05-08 19:30:41 | TRACE   | query_time, 0.00035195425152778625
2024-05-08 19:30:41 | TRACE   | query_time, 0.00032031163573265076
2024-05-08 19:30:41 | TRACE   | query_time, 0.00031005218625068665
2024-05-08 19:30:41 | TRACE   | query_time, 0.0002436712384223938
2024-05-08 19:30:41 | TRACE   | query_time, 0.00025175511837005615
2024-05-08 19:30:41 | TRACE   | query_time, 0.00024042651057243347
2024-05-08 19:30:41 | TRACE   | query_time, 0.00024376064538955688
2024-05-08 19:30:41 | TRACE   | query_time, 0.0002995729446411133
2024-05-08 19:30:41 | TRACE   | query_time, 0.000242576003074646
2024-05-08 19:30:41 | TRACE   | query_time, 0.00024085119366645813
2024-05-08 19:30:41 | TRACE   | query_time, 0.00025455281138420105
2024-05-08 19:30:41 | TRACE   | query_time, 0.00024028122425079346
2024-05-08 19:30:41 | TRACE   | query_time, 0.00024233385920524597
2024-05-08 19:30:41 | TRACE   | query_time, 0.00025233253836631775
2024-05-08 19:30:41 | TRACE   | query_time, 0.00024136528372764587
2024-05-08 19:30:41 | TRACE   | query_time, 0.00024926289916038513
2024-05-08 19:30:41 | TRACE   | query_time, 0.00029034167528152466
2024-05-08 19:30:41 | TRACE   | query_time, 0.00024157017469406128
2024-05-08 19:30:41 | TRACE   | query_time, 0.0003152415156364441
2024-05-08 19:30:41 | TRACE   | query_time, 0.00031706318259239197
2024-05-08 19:30:41 | TRACE   | query_time, 0.00024123117327690125
2024-05-08 19:30:41 | TRACE   | query_time, 0.0002419687807559967
2024-05-08 19:30:41 | TRACE   | query_time, 0.0002961792051792145
2024-05-08 19:30:41 | TRACE   | query_time, 0.000242576003074646
2024-05-08 19:30:41 | TRACE   | query_time, 0.0003090612590312958
2024-05-08 19:30:41 | TRACE   | query_time, 0.00031735002994537354
2024-05-08 19:30:41 | TRACE   | query_time, 0.00029116496443748474
2024-05-08 19:30:41 | TRACE   | query_time, 0.0003676973283290863
2024-05-08 19:30:41 | TRACE   | query_time, 0.0003059767186641693
2024-05-08 19:30:41 | TRACE   | query_time, 0.0002416260540485382
2024-05-08 19:30:41 | TRACE   | query_time, 0.0002500675618648529
2024-05-08 19:30:41 | TRACE   | query_time, 0.0003199279308319092
2024-05-08 19:30:41 | TRACE   | query_time, 0.00024099275469779968
2024-05-08 19:30:41 | TRACE   | query_time, 0.0002674274146556854
2024-05-08 19:30:41 | TRACE   | query_time, 0.0002433471381664276
2024-05-08 19:30:41 | TRACE   | query_time, 0.00031297653913497925
2024-05-08 19:30:41 | TRACE   | query_time, 0.0002859458327293396
2024-05-08 19:30:41 | TRACE   | query_time, 0.00024109706282615662
2024-05-08 19:30:41 | TRACE   | query_time, 0.000342048704624176
2024-05-08 19:30:41 | TRACE   | query_time, 0.00031241029500961304
2024-05-08 19:30:41 | TRACE   | query_time, 0.0003035813570022583
2024-05-08 19:30:41 | TRACE   | query_time, 0.00024973228573799133
2024-05-08 19:30:41 | TRACE   | query_time, 0.00023989751935005188
2024-05-08 19:30:41 | TRACE   | query_time, 0.0002870038151741028
2024-05-08 19:30:41 | TRACE   | query_time, 0.000341024249792099
2024-05-08 19:30:41 | TRACE   | query_time, 0.0002621561288833618
2024-05-08 19:30:41 | TRACE   | query_time, 0.00024179741740226746
2024-05-08 19:30:41 | TRACE   | query_time, 0.0002503134310245514
2024-05-08 19:30:41 | TRACE   | query_time, 0.00023979321122169495
2024-05-08 19:30:41 | TRACE   | query_time, 0.0002406500279903412
2024-05-08 19:30:41 | TRACE   | query_time, 0.00025011226534843445
2024-05-08 19:30:41 | TRACE   | query_time, 0.00024011358618736267
2024-05-08 19:30:41 | TRACE   | query_time, 0.0002867281436920166
2024-05-08 19:30:41 | TRACE   | query_time, 0.00024924054741859436
2024-05-08 19:30:41 | TRACE   | query_time, 0.0003126002848148346
2024-05-08 19:30:41 | TRACE   | query_time, 0.0002851523458957672
2024-05-08 19:30:41 | TRACE   | query_time, 0.00024056807160377502
2024-05-08 19:30:41 | TRACE   | query_time, 0.00031487271189689636
2024-05-08 19:30:41 | TRACE   | query_time, 0.00031967833638191223
2024-05-08 19:30:41 | TRACE   | query_time, 0.0002409704029560089
2024-05-08 19:30:41 | TRACE   | query_time, 0.0002408139407634735
2024-05-08 19:30:41 | TRACE   | query_time, 0.00028549134731292725
2024-05-08 19:30:41 | TRACE   | query_time, 0.00030370429158210754
2024-05-08 19:30:41 | TRACE   | query_time, 0.0002491660416126251
2024-05-08 19:30:41 | TRACE   | query_time, 0.00031250715255737305
2024-05-08 19:30:41 | TRACE   | query_time, 0.00028613582253456116
2024-05-08 19:30:41 | TRACE   | query_time, 0.0002381838858127594
2024-05-08 19:30:41 | TRACE   | query_time, 0.00035868212580680847
2024-05-08 19:30:41 | TRACE   | query_time, 0.00030548498034477234
2024-05-08 19:30:41 | TRACE   | query_time, 0.0003103874623775482
2024-05-08 19:30:41 | TRACE   | query_time, 0.00024040788412094116
2024-05-08 19:30:41 | TRACE   | query_time, 0.0002892687916755676
2024-05-08 19:30:41 | TRACE   | query_time, 0.00031479448080062866
2024-05-08 19:30:41 | TRACE   | query_time, 0.00024999678134918213
2024-05-08 19:30:41 | TRACE   | query_time, 0.0002675876021385193
2024-05-08 19:30:41 | TRACE   | query_time, 0.0003113783895969391
2024-05-08 19:30:41 | TRACE   | query_time, 0.00028534233570098877
2024-05-08 19:30:41 | TRACE   | query_time, 0.00029514357447624207
2024-05-08 19:30:41 | TRACE   | query_time, 0.00024094805121421814
2024-05-08 19:30:41 | TRACE   | query_time, 0.0003400258719921112
2024-05-08 19:30:41 | TRACE   | query_time, 0.00030292943120002747
2024-05-08 19:30:41 | TRACE   | query_time, 0.00024570152163505554
2024-05-08 19:30:41 | TRACE   | query_time, 0.0002495311200618744
2024-05-08 19:30:41 | TRACE   | query_time, 0.000285416841506958
2024-05-08 19:30:41 | TRACE   | query_time, 0.00029509514570236206
2024-05-08 19:30:41 | TRACE   | query_time, 0.0003415904939174652
2024-05-08 19:30:41 | TRACE   | query_time, 0.00023975223302841187
2024-05-08 19:30:41 | TRACE   | query_time, 0.0002408847212791443
2024-05-08 19:30:41 | TRACE   | query_time, 0.00024880096316337585
2024-05-08 19:30:41 | TRACE   | query_time, 0.00023984909057617188
2024-05-08 19:30:41 | TRACE   | query_time, 0.00024085119366645813
2024-05-08 19:30:41 | TRACE   | query_time, 0.0002486780285835266
2024-05-08 19:30:41 | TRACE   | query_time, 0.0002398453652858734
2024-05-08 19:30:41 | TRACE   | query_time, 0.0002968311309814453
2024-05-08 19:30:41 | TRACE   | query_time, 0.0002491176128387451
2024-05-08 19:30:41 | TRACE   | query_time, 0.00031348317861557007
2024-05-08 19:30:41 | TRACE   | query_time, 0.0002851821482181549
2024-05-08 19:30:41 | TRACE   | query_time, 0.00024000927805900574
2024-05-08 19:30:41 | TRACE   | query_time, 0.0003119856119155884
2024-05-08 19:30:41 | TRACE   | query_time, 0.00023912638425827026
2024-05-08 19:30:41 | TRACE   | query_time, 0.00023944303393363953
2024-05-08 19:30:41 | TRACE   | query_time, 0.0002857781946659088
2024-05-08 19:30:41 | TRACE   | query_time, 0.0003026798367500305
2024-05-08 19:30:41 | TRACE   | query_time, 0.00031278282403945923
2024-05-08 19:30:41 | TRACE   | query_time, 0.0002852901816368103
2024-05-08 19:30:41 | TRACE   | query_time, 0.0002451986074447632
2024-05-08 19:30:41 | TRACE   | query_time, 0.0003613494336605072
2024-05-08 19:30:41 | TRACE   | query_time, 0.00030564144253730774
2024-05-08 19:30:41 | TRACE   | query_time, 0.0003050118684768677
2024-05-08 19:30:41 | TRACE   | query_time, 0.00024218112230300903
2024-05-08 19:30:41 | TRACE   | query_time, 0.00025307759642601013
2024-05-08 19:30:41 | TRACE   | query_time, 0.00024363026022911072
2024-05-08 19:30:41 | TRACE   | query_time, 0.0003163740038871765
2024-05-08 19:30:41 | TRACE   | query_time, 0.00028906017541885376
2024-05-08 19:30:41 | TRACE   | query_time, 0.0003144703805446625
2024-05-08 19:30:41 | TRACE   | query_time, 0.00025235116481781006
2024-05-08 19:30:41 | TRACE   | query_time, 0.00024382025003433228
2024-05-08 19:30:41 | TRACE   | query_time, 0.0002823546528816223
2024-05-08 19:30:41 | TRACE   | query_time, 0.00024141371250152588
2024-05-08 19:30:41 | TRACE   | query_time, 0.000314079225063324
2024-05-08 19:30:41 | TRACE   | query_time, 0.0002857819199562073
2024-05-08 19:30:41 | TRACE   | query_time, 0.0002954155206680298
2024-05-08 19:30:41 | TRACE   | query_time, 0.00024060159921646118
2024-05-08 19:30:41 | TRACE   | query_time, 0.0003393031656742096
2024-05-08 19:30:41 | TRACE   | query_time, 0.0003158748149871826
2024-05-08 19:30:41 | TRACE   | query_time, 0.00030270591378211975
2024-05-08 19:30:41 | TRACE   | query_time, 0.0002417825162410736
2024-05-08 19:30:41 | TRACE   | query_time, 0.00025035440921783447
2024-05-08 19:30:41 | TRACE   | query_time, 0.0002410411834716797
2024-05-08 19:30:41 | TRACE   | query_time, 0.0002906695008277893
2024-05-08 19:30:41 | TRACE   | query_time, 0.0002957582473754883
2024-05-08 19:30:41 | TRACE   | query_time, 0.0003405474126338959
2024-05-08 19:30:41 | TRACE   | query_time, 0.0002410002052783966
2024-05-08 19:30:41 | TRACE   | query_time, 0.00024049729108810425
2024-05-08 19:30:41 | TRACE   | query_time, 0.00024874135851860046
2024-05-08 19:30:41 | TRACE   | query_time, 0.00023992732167243958
2024-05-08 19:30:41 | TRACE   | query_time, 0.00023969262838363647
2024-05-08 19:30:41 | TRACE   | query_time, 0.00024871155619621277
2024-05-08 19:30:41 | TRACE   | query_time, 0.00024243071675300598
2024-05-08 19:30:41 | TRACE   | query_time, 0.00024875253438949585
2024-05-08 19:30:41 | TRACE   | query_time, 0.0003109462559223175
2024-05-08 19:30:41 | TRACE   | query_time, 0.0002890154719352722
2024-05-08 19:30:41 | TRACE   | query_time, 0.00023971498012542725
2024-05-08 19:30:41 | TRACE   | query_time, 0.00031139329075813293
2024-05-08 19:30:41 | TRACE   | query_time, 0.00031116604804992676
2024-05-08 19:30:41 | TRACE   | query_time, 0.00024091824889183044
2024-05-08 19:30:41 | TRACE   | query_time, 0.00028485432267189026
2024-05-08 19:30:41 | TRACE   | query_time, 0.00024070590734481812
2024-05-08 19:30:41 | TRACE   | query_time, 0.0003030933439731598
2024-05-08 19:30:41 | TRACE   | query_time, 0.0002484247088432312
2024-05-08 19:30:41 | TRACE   | query_time, 0.00031395256519317627
2024-05-08 19:30:41 | TRACE   | query_time, 0.0003585442900657654
2024-05-08 19:30:41 | TRACE   | query_time, 0.0003019087016582489
2024-05-08 19:30:41 | TRACE   | query_time, 0.00030820444226264954
2024-05-08 19:30:41 | TRACE   | query_time, 0.00024068355560302734
2024-05-08 19:30:41 | TRACE   | query_time, 0.0002487599849700928
2024-05-08 19:30:41 | TRACE   | query_time, 0.00024056807160377502
2024-05-08 19:30:41 | TRACE   | query_time, 0.0003120414912700653
2024-05-08 19:30:41 | TRACE   | query_time, 0.0002871416509151459
2024-05-08 19:30:41 | TRACE   | query_time, 0.000313684344291687
2024-05-08 19:30:41 | TRACE   | query_time, 0.0002500303089618683
2024-05-08 19:30:41 | TRACE   | query_time, 0.000266198068857193
2024-05-08 19:30:41 | TRACE   | query_time, 0.00024005770683288574
2024-05-08 19:30:41 | TRACE   | query_time, 0.0003093034029006958
2024-05-08 19:30:41 | TRACE   | query_time, 0.00028532370924949646
2024-05-08 19:30:41 | TRACE   | query_time, 0.0002447068691253662
2024-05-08 19:30:41 | TRACE   | query_time, 0.00033715739846229553
2024-05-08 19:30:41 | TRACE   | query_time, 0.00031284987926483154
2024-05-08 19:30:41 | TRACE   | query_time, 0.0003040879964828491
2024-05-08 19:30:41 | TRACE   | query_time, 0.0002404637634754181
2024-05-08 19:30:41 | TRACE   | query_time, 0.00024062767624855042
2024-05-08 19:30:41 | TRACE   | query_time, 0.00023960694670677185
2024-05-08 19:30:41 | TRACE   | query_time, 0.00028388574719429016
2024-05-08 19:30:41 | TRACE   | query_time, 0.000295981764793396
2024-05-08 19:30:41 | TRACE   | query_time, 0.0003391876816749573
2024-05-08 19:30:41 | TRACE   | query_time, 0.00024211034178733826
2024-05-08 19:30:41 | TRACE   | query_time, 0.0002499297261238098
2024-05-08 19:30:41 | TRACE   | query_time, 0.00024126097559928894
2024-05-08 19:30:41 | TRACE   | query_time, 0.00024083256721496582
2024-05-08 19:30:41 | TRACE   | query_time, 0.0002508014440536499
2024-05-08 19:30:41 | TRACE   | query_time, 0.00023932009935379028
2024-05-08 19:30:41 | TRACE   | query_time, 0.000283949077129364
2024-05-08 19:30:41 | TRACE   | query_time, 0.00024859607219696045
2024-05-08 19:30:41 | TRACE   | query_time, 0.00031070783734321594
2024-05-08 19:30:41 | TRACE   | query_time, 0.000285077840089798
2024-05-08 19:30:41 | TRACE   | query_time, 0.00024057552218437195
2024-05-08 19:30:41 | TRACE   | query_time, 0.000310409814119339
2024-05-08 19:30:41 | TRACE   | query_time, 0.00031106919050216675
2024-05-08 19:30:41 | TRACE   | query_time, 0.00023962929844856262
2024-05-08 19:30:41 | TRACE   | query_time, 0.0002445243299007416
2024-05-08 19:30:41 | TRACE   | query_time, 0.0002852827310562134
2024-05-08 19:30:41 | TRACE   | query_time, 0.00023986771702766418
2024-05-08 19:30:41 | TRACE   | query_time, 0.00030536577105522156
2024-05-08 19:30:41 | TRACE   | query_time, 0.0002509504556655884
2024-05-08 19:30:41 | TRACE   | query_time, 0.0003136545419692993
2024-05-08 19:30:41 | TRACE   | query_time, 0.00028623268008232117
2024-05-08 19:30:41 | TRACE   | query_time, 0.00024064257740974426
2024-05-08 19:30:41 | TRACE   | query_time, 0.0003594309091567993
2024-05-08 19:30:41 | TRACE   | query_time, 0.00030536577105522156
2024-05-08 19:30:41 | TRACE   | query_time, 0.0003073960542678833
2024-05-08 19:30:41 | TRACE   | query_time, 0.00025108829140663147
2024-05-08 19:30:41 | TRACE   | query_time, 0.00024265795946121216
2024-05-08 19:30:41 | TRACE   | query_time, 0.00031549111008644104
2024-05-08 19:30:41 | TRACE   | query_time, 0.0002883411943912506
2024-05-08 19:30:41 | TRACE   | query_time, 0.0003127753734588623
2024-05-08 19:30:41 | TRACE   | query_time, 0.00024982914328575134
2024-05-08 19:30:41 | TRACE   | query_time, 0.00024133920669555664
2024-05-08 19:30:41 | TRACE   | query_time, 0.0002698563039302826
2024-05-08 19:30:41 | TRACE   | query_time, 0.00024016574025154114
2024-05-08 19:30:41 | TRACE   | query_time, 0.00024063512682914734
2024-05-08 19:30:41 | TRACE   | query_time, 0.0003400929272174835
2024-05-08 19:30:41 | TRACE   | query_time, 0.00031552836298942566
2024-05-08 19:30:41 | TRACE   | query_time, 0.00030948594212532043
2024-05-08 19:30:41 | TRACE   | query_time, 0.00024145841598510742
2024-05-08 19:30:41 | TRACE   | query_time, 0.0002497248351573944
2024-05-08 19:30:41 | TRACE   | query_time, 0.00024083629250526428
2024-05-08 19:30:41 | TRACE   | query_time, 0.00024120882153511047
2024-05-08 19:30:41 | TRACE   | query_time, 0.0002873055636882782
2024-05-08 19:30:41 | TRACE   | query_time, 0.0002953857183456421
2024-05-08 19:30:41 | TRACE   | query_time, 0.00034154951572418213
2024-05-08 19:30:41 | TRACE   | query_time, 0.00024266913533210754
2024-05-08 19:30:41 | TRACE   | query_time, 0.0002522096037864685
2024-05-08 19:30:41 | TRACE   | query_time, 0.0002404823899269104
2024-05-08 19:30:41 | TRACE   | query_time, 0.00024043023586273193
2024-05-08 19:30:41 | TRACE   | query_time, 0.00024944916367530823
2024-05-08 19:30:41 | TRACE   | query_time, 0.0002475753426551819
2024-05-08 19:30:41 | TRACE   | query_time, 0.00024968385696411133
2024-05-08 19:30:41 | TRACE   | query_time, 0.0003139413893222809
2024-05-08 19:30:41 | TRACE   | query_time, 0.00028602778911590576
2024-05-08 19:30:41 | TRACE   | query_time, 0.00024246424436569214
2024-05-08 19:30:41 | TRACE   | query_time, 0.0003132559359073639
2024-05-08 19:30:41 | TRACE   | query_time, 0.0003139972686767578
2024-05-08 19:30:41 | TRACE   | query_time, 0.00024261325597763062
2024-05-08 19:30:41 | TRACE   | query_time, 0.00029082223773002625
2024-05-08 19:30:41 | TRACE   | query_time, 0.00024618208408355713
2024-05-08 19:30:41 | TRACE   | query_time, 0.00030928850173950195
2024-05-08 19:30:41 | TRACE   | query_time, 0.0002536475658416748
2024-05-08 19:30:41 | TRACE   | query_time, 0.00032038614153862
2024-05-08 19:30:41 | TRACE   | query_time, 0.00024022161960601807
2024-05-08 19:30:41 | TRACE   | query_time, 0.0003566369414329529
2024-05-08 19:30:41 | TRACE   | query_time, 0.00030300021171569824
2024-05-08 19:30:41 | TRACE   | query_time, 0.0003028102219104767
2024-05-08 19:30:41 | TRACE   | query_time, 0.00024024024605751038
2024-05-08 19:30:41 | TRACE   | query_time, 0.0002480410039424896
2024-05-08 19:30:41 | TRACE   | query_time, 0.0002386234700679779
2024-05-08 19:30:41 | TRACE   | query_time, 0.0003109946846961975
2024-05-08 19:30:41 | TRACE   | query_time, 0.00028528645634651184
2024-05-08 19:30:41 | TRACE   | query_time, 0.00031204521656036377
2024-05-08 19:30:41 | TRACE   | query_time, 0.00025210902094841003
2024-05-08 19:30:41 | TRACE   | query_time, 0.0002656392753124237
2024-05-08 19:30:41 | TRACE   | query_time, 0.0002397596836090088
2024-05-08 19:30:41 | TRACE   | query_time, 0.0003100447356700897
2024-05-08 19:30:41 | TRACE   | query_time, 0.00028242170810699463
2024-05-08 19:30:41 | TRACE   | query_time, 0.0002938173711299896
2024-05-08 19:30:41 | TRACE   | query_time, 0.0002391710877418518
2024-05-08 19:30:41 | TRACE   | query_time, 0.0003367029130458832
2024-05-08 19:30:41 | TRACE   | query_time, 0.0003108792006969452
2024-05-08 19:30:41 | TRACE   | query_time, 0.00030349940061569214
2024-05-08 19:30:41 | TRACE   | query_time, 0.00023903697729110718
2024-05-08 19:30:41 | TRACE   | query_time, 0.0002483651041984558
2024-05-08 19:30:41 | TRACE   | query_time, 0.00024368613958358765
2024-05-08 19:30:41 | TRACE   | query_time, 0.000238712877035141
2024-05-08 19:30:41 | TRACE   | query_time, 0.00028519704937934875
2024-05-08 19:30:41 | TRACE   | query_time, 0.0002944767475128174
2024-05-08 19:30:41 | TRACE   | query_time, 0.00033707544207572937
2024-05-08 19:30:41 | TRACE   | query_time, 0.0002389661967754364
2024-05-08 19:30:41 | TRACE   | query_time, 0.00024010241031646729
2024-05-08 19:30:41 | TRACE   | query_time, 0.00023961439728736877
2024-05-08 19:30:41 | TRACE   | query_time, 0.00023964792490005493
2024-05-08 19:30:41 | TRACE   | query_time, 0.00024817511439323425
2024-05-08 19:30:41 | TRACE   | query_time, 0.00023919343948364258
2024-05-08 19:30:41 | TRACE   | query_time, 0.0002491772174835205
2024-05-08 19:30:41 | TRACE   | query_time, 0.00031079351902008057
2024-05-08 19:30:41 | TRACE   | query_time, 0.00028861314058303833
2024-05-08 19:30:41 | TRACE   | query_time, 0.00031055882573127747
2024-05-08 19:30:41 | TRACE   | query_time, 0.00031254440546035767
2024-05-08 19:30:41 | TRACE   | query_time, 0.0002412460744380951
2024-05-08 19:30:41 | TRACE   | query_time, 0.00023948028683662415
2024-05-08 19:30:41 | TRACE   | query_time, 0.00028424710035324097
2024-05-08 19:30:41 | TRACE   | query_time, 0.00023863092064857483
2024-05-08 19:30:41 | TRACE   | query_time, 0.00030035898089408875
2024-05-08 19:30:41 | TRACE   | query_time, 0.0002487599849700928
2024-05-08 19:30:41 | TRACE   | query_time, 0.0003109946846961975
2024-05-08 19:30:41 | TRACE   | query_time, 0.0002844668924808502
2024-05-08 19:30:41 | TRACE   | query_time, 0.00024020299315452576
2024-05-08 19:30:41 | TRACE   | query_time, 0.000359121710062027
2024-05-08 19:30:41 | TRACE   | query_time, 0.00030010566115379333
2024-05-08 19:30:41 | TRACE   | query_time, 0.00030034780502319336
2024-05-08 19:30:41 | TRACE   | query_time, 0.0002404525876045227
2024-05-08 19:30:41 | TRACE   | query_time, 0.0002485699951648712
2024-05-08 19:30:41 | TRACE   | query_time, 0.00023978576064109802
2024-05-08 19:30:41 | TRACE   | query_time, 0.00031160563230514526
2024-05-08 19:30:41 | TRACE   | query_time, 0.0003114752471446991
2024-05-08 19:30:41 | TRACE   | query_time, 0.000250253826379776
2024-05-08 19:30:41 | TRACE   | query_time, 0.00024031847715377808
2024-05-08 19:30:41 | TRACE   | query_time, 0.0002651102840900421
2024-05-08 19:30:41 | TRACE   | query_time, 0.0002390742301940918
2024-05-08 19:30:41 | TRACE   | query_time, 0.0003140978515148163
2024-05-08 19:30:41 | TRACE   | query_time, 0.00028534233570098877
2024-05-08 19:30:41 | TRACE   | query_time, 0.00029003992676734924
2024-05-08 19:30:41 | TRACE   | query_time, 0.00024010241031646729
2024-05-08 19:30:41 | TRACE   | query_time, 0.00033839792013168335
2024-05-08 19:30:41 | TRACE   | query_time, 0.0003109350800514221
2024-05-08 19:30:41 | TRACE   | query_time, 0.00030265748500823975
2024-05-08 19:30:41 | TRACE   | query_time, 0.00023934245109558105
2024-05-08 19:30:41 | TRACE   | query_time, 0.00024805590510368347
2024-05-08 19:30:41 | TRACE   | query_time, 0.00023847073316574097
2024-05-08 19:30:41 | TRACE   | query_time, 0.0002390258014202118
2024-05-08 19:30:41 | TRACE   | query_time, 0.0002916082739830017
2024-05-08 19:30:41 | TRACE   | query_time, 0.0003378540277481079
2024-05-08 19:30:41 | TRACE   | query_time, 0.0002406090497970581
2024-05-08 19:30:41 | TRACE   | query_time, 0.00023878365755081177
2024-05-08 19:30:41 | TRACE   | query_time, 0.00024826452136039734
2024-05-08 19:30:41 | TRACE   | query_time, 0.00024050474166870117
2024-05-08 19:30:41 | TRACE   | query_time, 0.0002397671341896057
2024-05-08 19:30:41 | TRACE   | query_time, 0.00024846941232681274
2024-05-08 19:30:41 | TRACE   | query_time, 0.00023888424038887024
2024-05-08 19:30:41 | TRACE   | query_time, 0.00028281286358833313
2024-05-08 19:30:41 | TRACE   | query_time, 0.0002483576536178589
2024-05-08 19:30:41 | TRACE   | query_time, 0.00031346455216407776
2024-05-08 19:30:41 | TRACE   | query_time, 0.00028508156538009644
2024-05-08 19:30:41 | TRACE   | query_time, 0.00024333596229553223
2024-05-08 19:30:41 | TRACE   | query_time, 0.00031028687953948975
2024-05-08 19:30:41 | TRACE   | query_time, 0.00031028687953948975
2024-05-08 19:30:41 | TRACE   | query_time, 0.00023919716477394104
2024-05-08 19:30:41 | TRACE   | query_time, 0.00024044513702392578
2024-05-08 19:30:41 | TRACE   | query_time, 0.0002853907644748688
2024-05-08 19:30:41 | TRACE   | query_time, 0.00023910030722618103
2024-05-08 19:30:41 | TRACE   | query_time, 0.000622529536485672
2024-05-08 19:30:41 | TRACE   | query_time, 0.0006872937083244324
2024-05-08 19:30:41 | TRACE   | query_time, 0.0006047934293746948
2024-05-08 19:30:41 | TRACE   | query_time, 0.00065666064620018
2024-05-08 19:30:41 | TRACE   | query_time, 0.0006536208093166351
2024-05-08 19:30:41 | TRACE   | query_time, 0.0006070882081985474
2024-05-08 19:30:41 | TRACE   | query_time, 0.0006300061941146851
2024-05-08 19:30:41 | TRACE   | query_time, 0.0006414428353309631
2024-05-08 19:30:41 | TRACE   | query_time, 0.0006013661623001099
2024-05-08 19:30:41 | TRACE   | query_time, 0.0006992444396018982
2024-05-08 19:30:41 | TRACE   | query_time, 0.0006474703550338745
2024-05-08 19:30:41 | TRACE   | query_time, 0.0006016232073307037
2024-05-08 19:30:41 | TRACE   | query_time, 0.0005876198410987854
2024-05-08 19:30:41 | TRACE   | query_time, 0.0006271079182624817
2024-05-08 19:30:41 | TRACE   | query_time, 0.000653434544801712
2024-05-08 19:30:41 | TRACE   | query_time, 0.0005974099040031433
2024-05-08 19:30:41 | TRACE   | query_time, 0.0005944669246673584
2024-05-08 19:30:41 | TRACE   | query_time, 0.0006405450403690338
2024-05-08 19:30:41 | TRACE   | query_time, 0.0006187967956066132
2024-05-08 19:30:41 | TRACE   | query_time, 0.0006345584988594055
2024-05-08 19:30:41 | TRACE   | query_time, 0.0006312504410743713
2024-05-08 19:30:41 | TRACE   | query_time, 0.0005965717136859894
2024-05-08 19:30:41 | TRACE   | query_time, 0.0006459206342697144
2024-05-08 19:30:41 | TRACE   | query_time, 0.0005970597267150879
2024-05-08 19:30:41 | TRACE   | query_time, 0.0005928389728069305
2024-05-08 19:30:41 | TRACE   | query_time, 0.0005866251885890961
2024-05-08 19:30:41 | TRACE   | query_time, 0.000650554895401001
2024-05-08 19:30:41 | TRACE   | query_time, 0.0005935542285442352
2024-05-08 19:30:41 | TRACE   | query_time, 0.0006066858768463135
2024-05-08 19:30:41 | TRACE   | query_time, 0.0006371103227138519
2024-05-08 19:30:41 | TRACE   | query_time, 0.0005959048867225647
2024-05-08 19:30:41 | TRACE   | query_time, 0.0006956644356250763
2024-05-08 19:30:41 | TRACE   | query_time, 0.0005956180393695831
2024-05-08 19:30:41 | TRACE   | query_time, 0.0006057173013687134
2024-05-08 19:30:41 | TRACE   | query_time, 0.0006412900984287262
2024-05-08 19:30:41 | TRACE   | query_time, 0.0005850009620189667
2024-05-08 19:30:41 | TRACE   | query_time, 0.0007573924958705902
2024-05-08 19:30:41 | TRACE   | query_time, 0.0006041564047336578
2024-05-08 19:30:41 | TRACE   | query_time, 0.0005887113511562347
2024-05-08 19:30:41 | TRACE   | query_time, 0.0006475634872913361
2024-05-08 19:30:41 | TRACE   | query_time, 0.0006182827055454254
2024-05-08 19:30:41 | TRACE   | query_time, 0.0006271563470363617
2024-05-08 19:30:41 | TRACE   | query_time, 0.0006431303918361664
2024-05-08 19:30:41 | TRACE   | query_time, 0.0006354264914989471
2024-05-08 19:30:41 | TRACE   | query_time, 0.0006072893738746643
2024-05-08 19:30:41 | TRACE   | query_time, 0.0006243623793125153
2024-05-08 19:30:41 | TRACE   | query_time, 0.0006448477506637573
2024-05-08 19:30:41 | TRACE   | query_time, 0.0005939304828643799
2024-05-08 19:30:41 | TRACE   | query_time, 0.000586826354265213
2024-05-08 19:30:41 | TRACE   | query_time, 0.000601012259721756
2024-05-08 19:30:41 | TRACE   | query_time, 0.000654071569442749
2024-05-08 19:30:41 | TRACE   | query_time, 0.0005985274910926819
2024-05-08 19:30:41 | TRACE   | query_time, 0.0005967430770397186
2024-05-08 19:30:41 | TRACE   | query_time, 0.0006459690630435944
2024-05-08 19:30:41 | TRACE   | query_time, 0.0006221756339073181
2024-05-08 19:30:41 | TRACE   | query_time, 0.0006438791751861572
2024-05-08 19:30:41 | TRACE   | query_time, 0.0006043389439582825
2024-05-08 19:30:41 | TRACE   | query_time, 0.0005816109478473663
2024-05-08 19:30:41 | TRACE   | query_time, 0.0005949065089225769
2024-05-08 19:30:41 | TRACE   | query_time, 0.0005857124924659729
2024-05-08 19:30:41 | TRACE   | query_time, 0.000590011477470398
2024-05-08 19:30:41 | TRACE   | query_time, 0.0005960613489151001
2024-05-08 19:30:41 | TRACE   | query_time, 0.0007474981248378754
2024-05-08 19:30:41 | TRACE   | query_time, 0.0006465204060077667
2024-05-08 19:30:41 | TRACE   | query_time, 0.0005923882126808167
2024-05-08 19:30:41 | TRACE   | query_time, 0.0006126090884208679
2024-05-08 19:30:41 | TRACE   | query_time, 0.0006332695484161377
2024-05-08 19:30:41 | TRACE   | query_time, 0.0005966871976852417
2024-05-08 19:30:41 | TRACE   | query_time, 0.0005920268595218658
2024-05-08 19:30:41 | TRACE   | query_time, 0.0005925409495830536
2024-05-08 19:30:41 | TRACE   | query_time, 0.0006417036056518555
2024-05-08 19:30:41 | TRACE   | query_time, 0.000591181218624115
2024-05-08 19:30:41 | TRACE   | query_time, 0.0005909837782382965
2024-05-08 19:30:41 | TRACE   | query_time, 0.0006431043148040771
2024-05-08 19:30:41 | TRACE   | query_time, 0.0005911923944950104
2024-05-08 19:30:41 | TRACE   | query_time, 0.0005847439169883728
2024-05-08 19:30:41 | TRACE   | query_time, 0.0006421692669391632
2024-05-08 19:30:41 | TRACE   | query_time, 0.0006188228726387024
2024-05-08 19:30:41 | TRACE   | query_time, 0.0005981996655464172
2024-05-08 19:30:41 | TRACE   | query_time, 0.0006220564246177673
2024-05-08 19:30:41 | TRACE   | query_time, 0.0006303414702415466
2024-05-08 19:30:41 | TRACE   | query_time, 0.0005924366414546967
2024-05-08 19:30:41 | TRACE   | query_time, 0.0006896480917930603
2024-05-08 19:30:41 | TRACE   | query_time, 0.0005937628448009491
2024-05-08 19:30:41 | TRACE   | query_time, 0.0006464011967182159
2024-05-08 19:30:41 | TRACE   | query_time, 0.0005918778479099274
2024-05-08 19:30:41 | TRACE   | query_time, 0.000587809830904007
2024-05-08 19:30:41 | TRACE   | query_time, 0.0006318762898445129
2024-05-08 19:30:41 | TRACE   | query_time, 0.0005917549133300781
2024-05-08 19:30:41 | TRACE   | query_time, 0.0005841366946697235
2024-05-08 19:30:41 | TRACE   | query_time, 0.0005914494395256042
2024-05-08 19:30:41 | TRACE   | query_time, 0.0006253346800804138
2024-05-08 19:30:41 | TRACE   | query_time, 0.0006444454193115234
2024-05-08 19:30:41 | TRACE   | query_time, 0.000634215772151947
2024-05-08 19:30:41 | TRACE   | query_time, 0.0006251074373722076
2024-05-08 19:30:41 | TRACE   | query_time, 0.0005931742489337921
2024-05-08 19:30:41 | TRACE   | query_time, 0.0006438083946704865
2024-05-08 19:30:41 | TRACE   | query_time, 0.0005910247564315796
2024-05-08 19:30:41 | TRACE   | query_time, 0.0005862191319465637
2024-05-08 19:30:41 | TRACE   | query_time, 0.0006415732204914093
2024-05-08 19:30:41 | TRACE   | query_time, 0.0005870573222637177
2024-05-08 19:30:41 | TRACE   | query_time, 0.0005956999957561493
2024-05-08 19:30:41 | TRACE   | query_time, 0.0005969181656837463
2024-05-08 19:30:41 | TRACE   | query_time, 0.000583302229642868
2024-05-08 19:30:41 | TRACE   | query_time, 0.0006410852074623108
2024-05-08 19:30:41 | TRACE   | query_time, 0.0005925558507442474
2024-05-08 19:30:41 | TRACE   | query_time, 0.0006324499845504761
2024-05-08 19:30:41 | TRACE   | query_time, 0.0005949288606643677
2024-05-08 19:30:41 | TRACE   | query_time, 0.0006934180855751038
2024-05-08 19:30:41 | TRACE   | query_time, 0.0005828104913234711
2024-05-08 19:30:41 | TRACE   | query_time, 0.0006434470415115356
2024-05-08 19:30:41 | TRACE   | query_time, 0.0005933903157711029
2024-05-08 19:30:41 | TRACE   | query_time, 0.0006393864750862122
2024-05-08 19:30:41 | TRACE   | query_time, 0.0006209500133991241
2024-05-08 19:30:41 | TRACE   | query_time, 0.0007504820823669434
2024-05-08 19:30:41 | TRACE   | query_time, 0.0006462261080741882
2024-05-08 19:30:41 | TRACE   | query_time, 0.0005897283554077148
2024-05-08 19:30:41 | TRACE   | query_time, 0.0006139688193798065
2024-05-08 19:30:41 | TRACE   | query_time, 0.0006459541618824005
2024-05-08 19:30:41 | TRACE   | query_time, 0.0006323903799057007
2024-05-08 19:30:41 | TRACE   | query_time, 0.0005925185978412628
2024-05-08 19:30:41 | TRACE   | query_time, 0.000634457916021347
2024-05-08 19:30:41 | TRACE   | query_time, 0.0006453916430473328
2024-05-08 19:30:41 | TRACE   | query_time, 0.0006440244615077972
2024-05-08 19:30:41 | TRACE   | query_time, 0.0007745996117591858
2024-05-08 19:30:41 | TRACE   | query_time, 0.0007524937391281128
2024-05-08 19:30:41 | TRACE   | query_time, 0.000750858336687088
2024-05-08 19:30:41 | TRACE   | query_time, 0.0007499866187572479
2024-05-08 19:30:41 | TRACE   | query_time, 0.0007526837289333344
2024-05-08 19:30:41 | TRACE   | query_time, 0.0007837675511837006
2024-05-08 19:30:41 | TRACE   | query_time, 0.0007565133273601532
2024-05-08 19:30:41 | TRACE   | query_time, 0.0008706934750080109
2024-05-08 19:30:41 | TRACE   | query_time, 0.0007424838840961456
2024-05-08 19:30:41 | TRACE   | query_time, 0.0007845759391784668
2024-05-08 19:30:41 | TRACE   | query_time, 0.0007836446166038513
2024-05-08 19:30:41 | TRACE   | query_time, 0.0007618442177772522
2024-05-08 19:30:41 | TRACE   | query_time, 0.0007806234061717987
2024-05-08 19:30:41 | TRACE   | query_time, 0.0007415041327476501
2024-05-08 19:30:41 | TRACE   | query_time, 0.0007768906652927399
2024-05-08 19:30:41 | TRACE   | query_time, 0.0007828399538993835
2024-05-08 19:30:41 | TRACE   | query_time, 0.000776682049036026
2024-05-08 19:30:41 | TRACE   | query_time, 0.0007504522800445557
2024-05-08 19:30:41 | TRACE   | query_time, 0.0007462836802005768
2024-05-08 19:30:41 | TRACE   | query_time, 0.0007549747824668884
2024-05-08 19:30:41 | TRACE   | query_time, 0.0007811412215232849
2024-05-08 19:30:41 | TRACE   | query_time, 0.0007692202925682068
2024-05-08 19:30:41 | TRACE   | query_time, 0.0007473044097423553
2024-05-08 19:30:41 | TRACE   | query_time, 0.0007832571864128113
2024-05-08 19:30:41 | TRACE   | query_time, 0.0008289925754070282
2024-05-08 19:30:41 | TRACE   | query_time, 0.0007388405501842499
2024-05-08 19:30:41 | TRACE   | query_time, 0.0007511377334594727
2024-05-08 19:30:41 | TRACE   | query_time, 0.0007429085671901703
2024-05-08 19:30:41 | TRACE   | query_time, 0.00086921826004982
2024-05-08 19:30:41 | TRACE   | query_time, 0.0007504560053348541
2024-05-08 19:30:41 | TRACE   | query_time, 0.0007897131145000458
2024-05-08 19:30:41 | TRACE   | query_time, 0.0007497929036617279
2024-05-08 19:30:41 | TRACE   | query_time, 0.0007676370441913605
2024-05-08 19:30:41 | TRACE   | query_time, 0.0007502175867557526
2024-05-08 19:30:41 | TRACE   | query_time, 0.0007766410708427429
2024-05-08 19:30:41 | TRACE   | query_time, 0.0007482059299945831
2024-05-08 19:30:41 | TRACE   | query_time, 0.0007788389921188354
2024-05-08 19:30:41 | TRACE   | query_time, 0.0007459186017513275
2024-05-08 19:30:41 | TRACE   | query_time, 0.0007387064397335052
2024-05-08 19:30:41 | TRACE   | query_time, 0.0007697828114032745
2024-05-08 19:30:41 | TRACE   | query_time, 0.0007918626070022583
2024-05-08 19:30:41 | TRACE   | query_time, 0.0008270852267742157
2024-05-08 19:30:41 | TRACE   | query_time, 0.0007399581372737885
2024-05-08 19:30:41 | TRACE   | query_time, 0.000782698392868042
2024-05-08 19:30:41 | TRACE   | query_time, 0.0007754862308502197
2024-05-08 19:30:41 | TRACE   | query_time, 0.0008693039417266846
2024-05-08 19:30:41 | TRACE   | query_time, 0.0007377006113529205
2024-05-08 19:30:41 | TRACE   | query_time, 0.0007875636219978333
2024-05-08 19:30:41 | TRACE   | query_time, 0.0007641464471817017
2024-05-08 19:30:41 | TRACE   | query_time, 0.0007705390453338623
2024-05-08 19:30:41 | TRACE   | query_time, 0.0007814541459083557
2024-05-08 19:30:41 | TRACE   | query_time, 0.0007585585117340088
2024-05-08 19:30:41 | TRACE   | query_time, 0.0007790848612785339
2024-05-08 19:30:41 | TRACE   | query_time, 0.0007660165429115295
2024-05-08 19:30:41 | TRACE   | query_time, 0.0007496140897274017
2024-05-08 19:30:41 | TRACE   | query_time, 0.0007448084652423859
2024-05-08 19:30:41 | TRACE   | query_time, 0.0007813684642314911
2024-05-08 19:30:41 | TRACE   | query_time, 0.0007437430322170258
2024-05-08 19:30:41 | TRACE   | query_time, 0.0007531344890594482
2024-05-08 19:30:41 | TRACE   | query_time, 0.0007410496473312378
2024-05-08 19:30:41 | TRACE   | query_time, 0.00077873095870018
2024-05-08 19:30:41 | TRACE   | query_time, 0.0007638633251190186
2024-05-08 19:30:41 | TRACE   | query_time, 0.0008182041347026825
2024-05-08 19:30:41 | TRACE   | query_time, 0.0007379613816738129
2024-05-08 19:30:41 | TRACE   | query_time, 0.0007820688188076019
2024-05-08 19:30:41 | TRACE   | query_time, 0.0007369779050350189
2024-05-08 19:30:41 | TRACE   | query_time, 0.0007744058966636658
2024-05-08 19:30:41 | TRACE   | query_time, 0.0008620992302894592
2024-05-08 19:30:41 | TRACE   | query_time, 0.0007432140409946442
2024-05-08 19:30:41 | TRACE   | query_time, 0.0007429346442222595
2024-05-08 19:30:41 | TRACE   | query_time, 0.0007810667157173157
2024-05-08 19:30:41 | TRACE   | query_time, 0.0007801130414009094
2024-05-08 19:30:41 | TRACE   | query_time, 0.0007561855018138885
2024-05-08 19:30:41 | TRACE   | query_time, 0.0007633194327354431
2024-05-08 19:30:41 | TRACE   | query_time, 0.0007825270295143127
2024-05-08 19:30:41 | TRACE   | query_time, 0.0007755346596240997
2024-05-08 19:30:41 | TRACE   | query_time, 0.0007532835006713867
2024-05-08 19:30:41 | TRACE   | query_time, 0.0007809437811374664
2024-05-08 19:30:41 | TRACE   | query_time, 0.0007457174360752106
2024-05-08 19:30:41 | TRACE   | query_time, 0.0007425956428050995
2024-05-08 19:30:41 | TRACE   | query_time, 0.0007418803870677948
2024-05-08 19:30:41 | TRACE   | query_time, 0.0008087754249572754
2024-05-08 19:30:41 | TRACE   | query_time, 0.0007354393601417542
2024-05-08 19:30:41 | TRACE   | query_time, 0.0007422678172588348
2024-05-08 19:30:41 | TRACE   | query_time, 0.0007826909422874451
2024-05-08 19:30:41 | TRACE   | query_time, 0.0007493197917938232
2024-05-08 19:30:41 | TRACE   | query_time, 0.0007402002811431885
2024-05-08 19:30:41 | TRACE   | query_time, 0.0007451102137565613
2024-05-08 19:30:41 | TRACE   | query_time, 0.000773649662733078
2024-05-08 19:30:41 | TRACE   | query_time, 0.0007331296801567078
2024-05-08 19:30:41 | TRACE   | query_time, 0.0007633082568645477
2024-05-08 19:30:41 | TRACE   | query_time, 0.0007778815925121307
2024-05-08 19:30:41 | TRACE   | query_time, 0.0007582530379295349
2024-05-08 19:30:41 | TRACE   | query_time, 0.0007513724267482758
2024-05-08 19:30:41 | TRACE   | query_time, 0.0007782019674777985
2024-05-08 19:30:41 | TRACE   | query_time, 0.0007400698959827423
2024-05-08 19:30:42 | TRACE   | query_time, 0.0007503032684326172
2024-05-08 19:30:42 | TRACE   | query_time, 0.0007464326918125153
2024-05-08 19:30:42 | TRACE   | query_time, 0.0008105747401714325
2024-05-08 19:30:42 | TRACE   | query_time, 0.0007805787026882172
2024-05-08 19:30:42 | TRACE   | query_time, 0.0007661953568458557
2024-05-08 19:30:42 | TRACE   | query_time, 0.0007643848657608032
2024-05-08 19:30:42 | TRACE   | query_time, 0.0007721707224845886
2024-05-08 19:30:42 | TRACE   | query_time, 0.0007541067898273468
2024-05-08 19:30:42 | TRACE   | query_time, 0.0008178763091564178
2024-05-08 19:30:42 | TRACE   | query_time, 0.0007461868226528168
2024-05-08 19:30:42 | TRACE   | query_time, 0.000752568244934082
2024-05-08 19:30:42 | TRACE   | query_time, 0.0007551424205303192
2024-05-08 19:30:42 | TRACE   | query_time, 0.0007436536252498627
2024-05-08 19:30:42 | TRACE   | query_time, 0.0007694326341152191
2024-05-08 19:30:42 | TRACE   | query_time, 0.0008586309850215912
2024-05-08 19:30:42 | TRACE   | query_time, 0.000744108110666275
2024-05-08 19:30:42 | TRACE   | query_time, 0.000788666307926178
2024-05-08 19:30:42 | TRACE   | query_time, 0.0007594302296638489
2024-05-08 19:30:42 | TRACE   | query_time, 0.0007785521447658539
2024-05-08 19:30:42 | TRACE   | query_time, 0.0007475987076759338
2024-05-08 19:30:42 | TRACE   | query_time, 0.0007455870509147644
2024-05-08 19:30:42 | TRACE   | query_time, 0.0007783100008964539
2024-05-08 19:30:42 | TRACE   | query_time, 0.0007444620132446289
2024-05-08 19:30:42 | TRACE   | query_time, 0.0007773265242576599
2024-05-08 19:30:42 | TRACE   | query_time, 0.0007357150316238403
2024-05-08 19:30:42 | TRACE   | query_time, 0.0007636621594429016
2024-05-08 19:30:42 | TRACE   | query_time, 0.0007439479231834412
2024-05-08 19:30:42 | TRACE   | query_time, 0.000803627073764801
2024-05-08 19:30:42 | TRACE   | query_time, 0.0007519423961639404
2024-05-08 19:30:42 | TRACE   | query_time, 0.0007334128022193909
2024-05-08 19:30:42 | TRACE   | query_time, 0.0007847100496292114
2024-05-08 19:30:42 | TRACE   | query_time, 0.0007553622126579285
2024-05-08 19:30:42 | TRACE   | query_time, 0.0007657483220100403
2024-05-08 19:30:42 | TRACE   | query_time, 0.0007680468261241913
2024-05-08 19:30:42 | TRACE   | query_time, 0.0008206069469451904
2024-05-08 19:30:42 | TRACE   | query_time, 0.0007576458156108856
2024-05-08 19:30:42 | TRACE   | query_time, 0.0007395409047603607
2024-05-08 19:30:42 | TRACE   | query_time, 0.0007811523973941803
