2024-05-08 14:59:11 | DEBUG   | {'input': PosixPath('data/gittables/indices/microbenchmarks/rebinning-k700.zst'), 'input_type': 'index', 'queries': PosixPath('data/gittables/queries/microbenchmarks.zst'), 'estimation_mode': None, 'index_mode': 'recall', 'output': None, 'workers': None, 'frequency_hists': False, 'suppress_results': True, 'log_level': 'INFO', 'log_file': PosixPath('logs/microbenchmarks/runtime/gittables-rebinning-k700-single_suppressed-3.log')}
2024-05-08 14:59:11 | DEBUG   | Loading input data from data/gittables/indices/microbenchmarks/rebinning-k700.zst
2024-05-08 14:59:16 | DEBUG   | Loading queries from data/gittables/queries/microbenchmarks.zst
2024-05-08 14:59:16 | TRACE   | bootstrap_time, 4.877655170857906
2024-05-08 14:59:16 | DEBUG   | Starting execution
2024-05-08 14:59:16 | TRACE   | query_time, 0.0010975748300552368
2024-05-08 14:59:16 | TRACE   | query_time, 0.0006766133010387421
2024-05-08 14:59:16 | TRACE   | query_time, 0.0008577778935432434
2024-05-08 14:59:16 | TRACE   | query_time, 0.0007493495941162109
2024-05-08 14:59:16 | TRACE   | query_time, 0.0006489753723144531
2024-05-08 14:59:16 | TRACE   | query_time, 0.0009342730045318604
2024-05-08 14:59:16 | TRACE   | query_time, 0.0008230656385421753
2024-05-08 14:59:16 | TRACE   | query_time, 0.0008216463029384613
2024-05-08 14:59:16 | TRACE   | query_time, 0.0006460286676883698
2024-05-08 14:59:16 | TRACE   | query_time, 0.0006852373480796814
2024-05-08 14:59:16 | TRACE   | query_time, 0.0006454437971115112
2024-05-08 14:59:16 | TRACE   | query_time, 0.0006428472697734833
2024-05-08 14:59:16 | TRACE   | query_time, 0.0007976889610290527
2024-05-08 14:59:16 | TRACE   | query_time, 0.0006437897682189941
2024-05-08 14:59:16 | TRACE   | query_time, 0.0006446056067943573
2024-05-08 14:59:16 | TRACE   | query_time, 0.0006674602627754211
2024-05-08 14:59:16 | TRACE   | query_time, 0.0006439909338951111
2024-05-08 14:59:16 | TRACE   | query_time, 0.0006544850766658783
2024-05-08 14:59:16 | TRACE   | query_time, 0.0006690807640552521
2024-05-08 14:59:16 | TRACE   | query_time, 0.0006415620446205139
2024-05-08 14:59:16 | TRACE   | query_time, 0.0006617233157157898
2024-05-08 14:59:16 | TRACE   | query_time, 0.0007708035409450531
2024-05-08 14:59:16 | TRACE   | query_time, 0.0006766021251678467
2024-05-08 14:59:16 | TRACE   | query_time, 0.0008094795048236847
2024-05-08 14:59:16 | TRACE   | query_time, 0.0008096694946289062
2024-05-08 14:59:16 | TRACE   | query_time, 0.0006413273513317108
2024-05-08 14:59:16 | TRACE   | query_time, 0.0006412342190742493
2024-05-08 14:59:16 | TRACE   | query_time, 0.0007633715867996216
2024-05-08 14:59:16 | TRACE   | query_time, 0.0006385296583175659
2024-05-08 14:59:16 | TRACE   | query_time, 0.000807497650384903
2024-05-08 14:59:16 | TRACE   | query_time, 0.0008107349276542664
2024-05-08 14:59:16 | TRACE   | query_time, 0.0007696039974689484
2024-05-08 14:59:16 | TRACE   | query_time, 0.0009444504976272583
2024-05-08 14:59:16 | TRACE   | query_time, 0.0008073300123214722
2024-05-08 14:59:16 | TRACE   | query_time, 0.0006350763142108917
2024-05-08 14:59:16 | TRACE   | query_time, 0.0006560720503330231
2024-05-08 14:59:16 | TRACE   | query_time, 0.0008254721760749817
2024-05-08 14:59:16 | TRACE   | query_time, 0.0006364621222019196
2024-05-08 14:59:16 | TRACE   | query_time, 0.0006746202707290649
2024-05-08 14:59:16 | TRACE   | query_time, 0.000638280063867569
2024-05-08 14:59:16 | TRACE   | query_time, 0.0007984526455402374
2024-05-08 14:59:16 | TRACE   | query_time, 0.0007566921412944794
2024-05-08 14:59:16 | TRACE   | query_time, 0.0006389059126377106
2024-05-08 14:59:16 | TRACE   | query_time, 0.0008927024900913239
2024-05-08 14:59:16 | TRACE   | query_time, 0.0007980503141880035
2024-05-08 14:59:16 | TRACE   | query_time, 0.0008075274527072906
2024-05-08 14:59:16 | TRACE   | query_time, 0.0006684400141239166
2024-05-08 14:59:16 | TRACE   | query_time, 0.0006360486149787903
2024-05-08 14:59:16 | TRACE   | query_time, 0.0007367059588432312
2024-05-08 14:59:16 | TRACE   | query_time, 0.0008859895169734955
2024-05-08 14:59:16 | TRACE   | query_time, 0.0006436742842197418
2024-05-08 14:59:16 | TRACE   | query_time, 0.0006376057863235474
2024-05-08 14:59:16 | TRACE   | query_time, 0.000663023442029953
2024-05-08 14:59:16 | TRACE   | query_time, 0.0006385855376720428
2024-05-08 14:59:16 | TRACE   | query_time, 0.0006360597908496857
2024-05-08 14:59:16 | TRACE   | query_time, 0.0006630308926105499
2024-05-08 14:59:16 | TRACE   | query_time, 0.0006342083215713501
2024-05-08 14:59:16 | TRACE   | query_time, 0.0007502064108848572
2024-05-08 14:59:16 | TRACE   | query_time, 0.0006491094827651978
2024-05-08 14:59:16 | TRACE   | query_time, 0.0007950961589813232
2024-05-08 14:59:16 | TRACE   | query_time, 0.0007547661662101746
2024-05-08 14:59:16 | TRACE   | query_time, 0.0006351284682750702
2024-05-08 14:59:16 | TRACE   | query_time, 0.0007877536118030548
2024-05-08 14:59:16 | TRACE   | query_time, 0.0007973536849021912
2024-05-08 14:59:16 | TRACE   | query_time, 0.0006350316107273102
2024-05-08 14:59:16 | TRACE   | query_time, 0.0006330423057079315
2024-05-08 14:59:16 | TRACE   | query_time, 0.0007339753210544586
2024-05-08 14:59:16 | TRACE   | query_time, 0.0007939375936985016
2024-05-08 14:59:16 | TRACE   | query_time, 0.0006474703550338745
2024-05-08 14:59:16 | TRACE   | query_time, 0.0007971227169036865
2024-05-08 14:59:16 | TRACE   | query_time, 0.0007612407207489014
2024-05-08 14:59:16 | TRACE   | query_time, 0.0006409399211406708
2024-05-08 14:59:16 | TRACE   | query_time, 0.0009154006838798523
2024-05-08 14:59:16 | TRACE   | query_time, 0.0008044987916946411
2024-05-08 14:59:16 | TRACE   | query_time, 0.0007924772799015045
2024-05-08 14:59:16 | TRACE   | query_time, 0.0006451047956943512
2024-05-08 14:59:16 | TRACE   | query_time, 0.0007318556308746338
2024-05-08 14:59:16 | TRACE   | query_time, 0.0008003935217857361
2024-05-08 14:59:16 | TRACE   | query_time, 0.0006467103958129883
2024-05-08 14:59:16 | TRACE   | query_time, 0.0006743818521499634
2024-05-08 14:59:16 | TRACE   | query_time, 0.0008047483861446381
2024-05-08 14:59:16 | TRACE   | query_time, 0.0007197745144367218
2024-05-08 14:59:16 | TRACE   | query_time, 0.0007621496915817261
2024-05-08 14:59:16 | TRACE   | query_time, 0.0006280504167079926
2024-05-08 14:59:16 | TRACE   | query_time, 0.0008917525410652161
2024-05-08 14:59:16 | TRACE   | query_time, 0.0007943101227283478
2024-05-08 14:59:16 | TRACE   | query_time, 0.0006317570805549622
2024-05-08 14:59:16 | TRACE   | query_time, 0.0006627514958381653
2024-05-08 14:59:16 | TRACE   | query_time, 0.0007350631058216095
2024-05-08 14:59:16 | TRACE   | query_time, 0.0007776208221912384
2024-05-08 14:59:16 | TRACE   | query_time, 0.0008703768253326416
2024-05-08 14:59:16 | TRACE   | query_time, 0.0006343759596347809
2024-05-08 14:59:16 | TRACE   | query_time, 0.0006325468420982361
2024-05-08 14:59:16 | TRACE   | query_time, 0.0006614141166210175
2024-05-08 14:59:16 | TRACE   | query_time, 0.0006432496011257172
2024-05-08 14:59:16 | TRACE   | query_time, 0.000634901225566864
2024-05-08 14:59:16 | TRACE   | query_time, 0.0006632395088672638
2024-05-08 14:59:16 | TRACE   | query_time, 0.00063285231590271
2024-05-08 14:59:16 | TRACE   | query_time, 0.0007370784878730774
2024-05-08 14:59:16 | TRACE   | query_time, 0.0006508789956569672
2024-05-08 14:59:16 | TRACE   | query_time, 0.0007967688143253326
2024-05-08 14:59:16 | TRACE   | query_time, 0.0007484741508960724
2024-05-08 14:59:16 | TRACE   | query_time, 0.0006354525685310364
2024-05-08 14:59:16 | TRACE   | query_time, 0.000795416533946991
2024-05-08 14:59:16 | TRACE   | query_time, 0.0006390400230884552
2024-05-08 14:59:16 | TRACE   | query_time, 0.0006347410380840302
2024-05-08 14:59:16 | TRACE   | query_time, 0.0007316507399082184
2024-05-08 14:59:16 | TRACE   | query_time, 0.0007996447384357452
2024-05-08 14:59:16 | TRACE   | query_time, 0.0007937438786029816
2024-05-08 14:59:16 | TRACE   | query_time, 0.000760890543460846
2024-05-08 14:59:16 | TRACE   | query_time, 0.000636611133813858
2024-05-08 14:59:16 | TRACE   | query_time, 0.0009099915623664856
2024-05-08 14:59:16 | TRACE   | query_time, 0.0007916167378425598
2024-05-08 14:59:16 | TRACE   | query_time, 0.0007963813841342926
2024-05-08 14:59:16 | TRACE   | query_time, 0.0006446093320846558
2024-05-08 14:59:16 | TRACE   | query_time, 0.0006512850522994995
2024-05-08 14:59:16 | TRACE   | query_time, 0.0006353966891765594
2024-05-08 14:59:16 | TRACE   | query_time, 0.0007974542677402496
2024-05-08 14:59:16 | TRACE   | query_time, 0.0007243119180202484
2024-05-08 14:59:16 | TRACE   | query_time, 0.000802990049123764
2024-05-08 14:59:16 | TRACE   | query_time, 0.0006526671350002289
2024-05-08 14:59:16 | TRACE   | query_time, 0.0006313249468803406
2024-05-08 14:59:16 | TRACE   | query_time, 0.0006775334477424622
2024-05-08 14:59:16 | TRACE   | query_time, 0.0006338022649288177
2024-05-08 14:59:16 | TRACE   | query_time, 0.0008080229163169861
2024-05-08 14:59:16 | TRACE   | query_time, 0.0007225535809993744
2024-05-08 14:59:16 | TRACE   | query_time, 0.0007633529603481293
2024-05-08 14:59:16 | TRACE   | query_time, 0.0006336942315101624
2024-05-08 14:59:16 | TRACE   | query_time, 0.000882711261510849
2024-05-08 14:59:16 | TRACE   | query_time, 0.0007986165583133698
2024-05-08 14:59:16 | TRACE   | query_time, 0.0007895119488239288
2024-05-08 14:59:16 | TRACE   | query_time, 0.0006361417472362518
2024-05-08 14:59:16 | TRACE   | query_time, 0.0006604157388210297
2024-05-08 14:59:16 | TRACE   | query_time, 0.0006347335875034332
2024-05-08 14:59:16 | TRACE   | query_time, 0.0007386691868305206
2024-05-08 14:59:16 | TRACE   | query_time, 0.0007618777453899384
2024-05-08 14:59:16 | TRACE   | query_time, 0.0008705779910087585
2024-05-08 14:59:16 | TRACE   | query_time, 0.0006316490471363068
2024-05-08 14:59:16 | TRACE   | query_time, 0.0006421618163585663
2024-05-08 14:59:16 | TRACE   | query_time, 0.0006553046405315399
2024-05-08 14:59:16 | TRACE   | query_time, 0.0006316713988780975
2024-05-08 14:59:16 | TRACE   | query_time, 0.0006328821182250977
2024-05-08 14:59:16 | TRACE   | query_time, 0.0006628930568695068
2024-05-08 14:59:16 | TRACE   | query_time, 0.0006338395178318024
2024-05-08 14:59:16 | TRACE   | query_time, 0.0006786361336708069
2024-05-08 14:59:16 | TRACE   | query_time, 0.0007992759346961975
2024-05-08 14:59:16 | TRACE   | query_time, 0.0007520914077758789
2024-05-08 14:59:16 | TRACE   | query_time, 0.000636223703622818
2024-05-08 14:59:16 | TRACE   | query_time, 0.0007886774837970734
2024-05-08 14:59:16 | TRACE   | query_time, 0.0008003450930118561
2024-05-08 14:59:16 | TRACE   | query_time, 0.0006343834102153778
2024-05-08 14:59:16 | TRACE   | query_time, 0.000736534595489502
2024-05-08 14:59:16 | TRACE   | query_time, 0.0006344467401504517
2024-05-08 14:59:16 | TRACE   | query_time, 0.0008030720055103302
2024-05-08 14:59:16 | TRACE   | query_time, 0.0006519034504890442
2024-05-08 14:59:16 | TRACE   | query_time, 0.0007981285452842712
2024-05-08 14:59:16 | TRACE   | query_time, 0.000914938747882843
2024-05-08 14:59:16 | TRACE   | query_time, 0.0007964223623275757
2024-05-08 14:59:16 | TRACE   | query_time, 0.0008017346262931824
2024-05-08 14:59:16 | TRACE   | query_time, 0.0006367750465869904
2024-05-08 14:59:16 | TRACE   | query_time, 0.0006477609276771545
2024-05-08 14:59:16 | TRACE   | query_time, 0.0006345435976982117
2024-05-08 14:59:16 | TRACE   | query_time, 0.0007949620485305786
2024-05-08 14:59:16 | TRACE   | query_time, 0.0007335804402828217
2024-05-08 14:59:16 | TRACE   | query_time, 0.0008046180009841919
2024-05-08 14:59:16 | TRACE   | query_time, 0.0006519444286823273
2024-05-08 14:59:16 | TRACE   | query_time, 0.0006789006292819977
2024-05-08 14:59:16 | TRACE   | query_time, 0.0006338097155094147
2024-05-08 14:59:16 | TRACE   | query_time, 0.0008036494255065918
2024-05-08 14:59:16 | TRACE   | query_time, 0.0007230751216411591
2024-05-08 14:59:16 | TRACE   | query_time, 0.0006337352097034454
2024-05-08 14:59:16 | TRACE   | query_time, 0.0008836463093757629
2024-05-08 14:59:16 | TRACE   | query_time, 0.0007993467152118683
2024-05-08 14:59:16 | TRACE   | query_time, 0.000795803964138031
2024-05-08 14:59:16 | TRACE   | query_time, 0.0006353557109832764
2024-05-08 14:59:16 | TRACE   | query_time, 0.0006354600191116333
2024-05-08 14:59:16 | TRACE   | query_time, 0.0006330832839012146
2024-05-08 14:59:16 | TRACE   | query_time, 0.0007370375096797943
2024-05-08 14:59:16 | TRACE   | query_time, 0.0007662065327167511
2024-05-08 14:59:16 | TRACE   | query_time, 0.0008766800165176392
2024-05-08 14:59:16 | TRACE   | query_time, 0.0006325282156467438
2024-05-08 14:59:16 | TRACE   | query_time, 0.0006619952619075775
2024-05-08 14:59:16 | TRACE   | query_time, 0.0006669275462627411
2024-05-08 14:59:16 | TRACE   | query_time, 0.0010377578437328339
2024-05-08 14:59:16 | TRACE   | query_time, 0.0006753914058208466
2024-05-08 14:59:16 | TRACE   | query_time, 0.0006379522383213043
2024-05-08 14:59:16 | TRACE   | query_time, 0.0007351748645305634
2024-05-08 14:59:16 | TRACE   | query_time, 0.0006460398435592651
2024-05-08 14:59:16 | TRACE   | query_time, 0.0007926486432552338
2024-05-08 14:59:16 | TRACE   | query_time, 0.0007594600319862366
2024-05-08 14:59:16 | TRACE   | query_time, 0.0006354190409183502
2024-05-08 14:59:16 | TRACE   | query_time, 0.000791989266872406
2024-05-08 14:59:16 | TRACE   | query_time, 0.0007986314594745636
2024-05-08 14:59:16 | TRACE   | query_time, 0.0006385669112205505
2024-05-08 14:59:16 | TRACE   | query_time, 0.0006433874368667603
2024-05-08 14:59:16 | TRACE   | query_time, 0.0007367581129074097
2024-05-08 14:59:16 | TRACE   | query_time, 0.0006350763142108917
2024-05-08 14:59:16 | TRACE   | query_time, 0.0008009523153305054
2024-05-08 14:59:16 | TRACE   | query_time, 0.0006502158939838409
2024-05-08 14:59:16 | TRACE   | query_time, 0.0008077956736087799
2024-05-08 14:59:16 | TRACE   | query_time, 0.0007584132254123688
2024-05-08 14:59:16 | TRACE   | query_time, 0.0006349943578243256
2024-05-08 14:59:16 | TRACE   | query_time, 0.0009168386459350586
2024-05-08 14:59:16 | TRACE   | query_time, 0.0007960647344589233
2024-05-08 14:59:16 | TRACE   | query_time, 0.0008049719035625458
2024-05-08 14:59:16 | TRACE   | query_time, 0.0006471350789070129
2024-05-08 14:59:16 | TRACE   | query_time, 0.0006357170641422272
2024-05-08 14:59:16 | TRACE   | query_time, 0.0007956996560096741
2024-05-08 14:59:16 | TRACE   | query_time, 0.0007189847528934479
2024-05-08 14:59:16 | TRACE   | query_time, 0.0008024610579013824
2024-05-08 14:59:16 | TRACE   | query_time, 0.0006492473185062408
2024-05-08 14:59:16 | TRACE   | query_time, 0.0006328821182250977
2024-05-08 14:59:16 | TRACE   | query_time, 0.0006819143891334534
2024-05-08 14:59:16 | TRACE   | query_time, 0.000636756420135498
2024-05-08 14:59:16 | TRACE   | query_time, 0.0006529428064823151
2024-05-08 14:59:16 | TRACE   | query_time, 0.0008902512490749359
2024-05-08 14:59:16 | TRACE   | query_time, 0.0007937774062156677
2024-05-08 14:59:16 | TRACE   | query_time, 0.0007941052317619324
2024-05-08 14:59:16 | TRACE   | query_time, 0.0006455555558204651
2024-05-08 14:59:16 | TRACE   | query_time, 0.0006645023822784424
2024-05-08 14:59:16 | TRACE   | query_time, 0.000636465847492218
2024-05-08 14:59:16 | TRACE   | query_time, 0.0006322488188743591
2024-05-08 14:59:16 | TRACE   | query_time, 0.0007349438965320587
2024-05-08 14:59:16 | TRACE   | query_time, 0.0007761828601360321
2024-05-08 14:59:16 | TRACE   | query_time, 0.0008710511028766632
2024-05-08 14:59:16 | TRACE   | query_time, 0.0006330013275146484
2024-05-08 14:59:16 | TRACE   | query_time, 0.000659208744764328
2024-05-08 14:59:16 | TRACE   | query_time, 0.0006339363753795624
2024-05-08 14:59:16 | TRACE   | query_time, 0.0006352066993713379
2024-05-08 14:59:16 | TRACE   | query_time, 0.0006697587668895721
2024-05-08 14:59:16 | TRACE   | query_time, 0.0006363280117511749
2024-05-08 14:59:16 | TRACE   | query_time, 0.0006471127271652222
2024-05-08 14:59:16 | TRACE   | query_time, 0.0007951743900775909
2024-05-08 14:59:16 | TRACE   | query_time, 0.0007632002234458923
2024-05-08 14:59:16 | TRACE   | query_time, 0.000636909157037735
2024-05-08 14:59:16 | TRACE   | query_time, 0.0007908567786216736
2024-05-08 14:59:16 | TRACE   | query_time, 0.0007917247712612152
2024-05-08 14:59:16 | TRACE   | query_time, 0.0006409958004951477
2024-05-08 14:59:16 | TRACE   | query_time, 0.0007484294474124908
2024-05-08 14:59:16 | TRACE   | query_time, 0.0006486885249614716
2024-05-08 14:59:16 | TRACE   | query_time, 0.0008054114878177643
2024-05-08 14:59:16 | TRACE   | query_time, 0.0006551593542098999
2024-05-08 14:59:16 | TRACE   | query_time, 0.0007982663810253143
2024-05-08 14:59:16 | TRACE   | query_time, 0.0006416626274585724
2024-05-08 14:59:16 | TRACE   | query_time, 0.0009173564612865448
2024-05-08 14:59:16 | TRACE   | query_time, 0.0007946901023387909
2024-05-08 14:59:16 | TRACE   | query_time, 0.0007942318916320801
2024-05-08 14:59:16 | TRACE   | query_time, 0.0006347112357616425
2024-05-08 14:59:16 | TRACE   | query_time, 0.0006575100123882294
2024-05-08 14:59:16 | TRACE   | query_time, 0.0006347373127937317
2024-05-08 14:59:16 | TRACE   | query_time, 0.0007935203611850739
2024-05-08 14:59:16 | TRACE   | query_time, 0.0007219873368740082
2024-05-08 14:59:16 | TRACE   | query_time, 0.0007928758859634399
2024-05-08 14:59:16 | TRACE   | query_time, 0.0006648115813732147
2024-05-08 14:59:16 | TRACE   | query_time, 0.0006804279983043671
2024-05-08 14:59:16 | TRACE   | query_time, 0.0006346628069877625
2024-05-08 14:59:16 | TRACE   | query_time, 0.0007955580949783325
2024-05-08 14:59:16 | TRACE   | query_time, 0.0007233992218971252
2024-05-08 14:59:16 | TRACE   | query_time, 0.0007729604840278625
2024-05-08 14:59:16 | TRACE   | query_time, 0.0006321854889392853
2024-05-08 14:59:16 | TRACE   | query_time, 0.0008847340941429138
2024-05-08 14:59:16 | TRACE   | query_time, 0.0007967427372932434
2024-05-08 14:59:16 | TRACE   | query_time, 0.0007991641759872437
2024-05-08 14:59:16 | TRACE   | query_time, 0.0006362199783325195
2024-05-08 14:59:16 | TRACE   | query_time, 0.0006595589220523834
2024-05-08 14:59:16 | TRACE   | query_time, 0.0006312690675258636
2024-05-08 14:59:16 | TRACE   | query_time, 0.0006308704614639282
2024-05-08 14:59:16 | TRACE   | query_time, 0.0007364749908447266
2024-05-08 14:59:16 | TRACE   | query_time, 0.0007694773375988007
2024-05-08 14:59:16 | TRACE   | query_time, 0.0008702240884304047
2024-05-08 14:59:16 | TRACE   | query_time, 0.0006353035569190979
2024-05-08 14:59:16 | TRACE   | query_time, 0.0006327703595161438
2024-05-08 14:59:16 | TRACE   | query_time, 0.0006447136402130127
2024-05-08 14:59:16 | TRACE   | query_time, 0.000632118433713913
2024-05-08 14:59:16 | TRACE   | query_time, 0.0006680227816104889
2024-05-08 14:59:16 | TRACE   | query_time, 0.0006303973495960236
2024-05-08 14:59:16 | TRACE   | query_time, 0.000649772584438324
2024-05-08 14:59:16 | TRACE   | query_time, 0.0007946863770484924
2024-05-08 14:59:16 | TRACE   | query_time, 0.0007567740976810455
2024-05-08 14:59:16 | TRACE   | query_time, 0.0007963627576828003
2024-05-08 14:59:16 | TRACE   | query_time, 0.0007953792810440063
2024-05-08 14:59:16 | TRACE   | query_time, 0.0006335712969303131
2024-05-08 14:59:16 | TRACE   | query_time, 0.0006411746144294739
2024-05-08 14:59:16 | TRACE   | query_time, 0.0007408596575260162
2024-05-08 14:59:16 | TRACE   | query_time, 0.0006370954215526581
2024-05-08 14:59:16 | TRACE   | query_time, 0.0007939934730529785
2024-05-08 14:59:16 | TRACE   | query_time, 0.0006526336073875427
2024-05-08 14:59:16 | TRACE   | query_time, 0.0008038915693759918
2024-05-08 14:59:16 | TRACE   | query_time, 0.0007518976926803589
2024-05-08 14:59:16 | TRACE   | query_time, 0.0006321407854557037
2024-05-08 14:59:16 | TRACE   | query_time, 0.0009067840874195099
2024-05-08 14:59:16 | TRACE   | query_time, 0.0007946491241455078
2024-05-08 14:59:16 | TRACE   | query_time, 0.000806022435426712
2024-05-08 14:59:16 | TRACE   | query_time, 0.0006339773535728455
2024-05-08 14:59:16 | TRACE   | query_time, 0.000649578869342804
2024-05-08 14:59:16 | TRACE   | query_time, 0.0006370916962623596
2024-05-08 14:59:16 | TRACE   | query_time, 0.0007949396967887878
2024-05-08 14:59:16 | TRACE   | query_time, 0.0008035115897655487
2024-05-08 14:59:16 | TRACE   | query_time, 0.0006518252193927765
2024-05-08 14:59:16 | TRACE   | query_time, 0.0006393268704414368
2024-05-08 14:59:16 | TRACE   | query_time, 0.0006816908717155457
2024-05-08 14:59:16 | TRACE   | query_time, 0.000634409487247467
2024-05-08 14:59:16 | TRACE   | query_time, 0.0007977411150932312
2024-05-08 14:59:16 | TRACE   | query_time, 0.0007209144532680511
2024-05-08 14:59:16 | TRACE   | query_time, 0.0007657743990421295
2024-05-08 14:59:16 | TRACE   | query_time, 0.000636659562587738
2024-05-08 14:59:16 | TRACE   | query_time, 0.0008931085467338562
2024-05-08 14:59:16 | TRACE   | query_time, 0.0008068457245826721
2024-05-08 14:59:16 | TRACE   | query_time, 0.0007907412946224213
2024-05-08 14:59:16 | TRACE   | query_time, 0.0006331875920295715
2024-05-08 14:59:16 | TRACE   | query_time, 0.0006594546139240265
2024-05-08 14:59:16 | TRACE   | query_time, 0.0006361417472362518
2024-05-08 14:59:16 | TRACE   | query_time, 0.0006403177976608276
2024-05-08 14:59:16 | TRACE   | query_time, 0.0007636584341526031
2024-05-08 14:59:16 | TRACE   | query_time, 0.0008673742413520813
2024-05-08 14:59:16 | TRACE   | query_time, 0.0006338693201541901
2024-05-08 14:59:16 | TRACE   | query_time, 0.0006341338157653809
2024-05-08 14:59:16 | TRACE   | query_time, 0.0006718635559082031
2024-05-08 14:59:16 | TRACE   | query_time, 0.0006376542150974274
2024-05-08 14:59:16 | TRACE   | query_time, 0.0006365440785884857
2024-05-08 14:59:16 | TRACE   | query_time, 0.0006658881902694702
2024-05-08 14:59:16 | TRACE   | query_time, 0.0006352998316287994
2024-05-08 14:59:16 | TRACE   | query_time, 0.004900861531496048
2024-05-08 14:59:16 | TRACE   | query_time, 0.0006804876029491425
2024-05-08 14:59:16 | TRACE   | query_time, 0.0007984526455402374
2024-05-08 14:59:16 | TRACE   | query_time, 0.0007527321577072144
2024-05-08 14:59:16 | TRACE   | query_time, 0.0006375014781951904
2024-05-08 14:59:16 | TRACE   | query_time, 0.0007976219058036804
2024-05-08 14:59:16 | TRACE   | query_time, 0.0007926896214485168
2024-05-08 14:59:16 | TRACE   | query_time, 0.0006375499069690704
2024-05-08 14:59:16 | TRACE   | query_time, 0.0006314031779766083
2024-05-08 14:59:16 | TRACE   | query_time, 0.0007395781576633453
2024-05-08 14:59:16 | TRACE   | query_time, 0.0006333403289318085
2024-05-08 14:59:16 | TRACE   | query_time, 0.0018048733472824097
2024-05-08 14:59:16 | TRACE   | query_time, 0.002028226852416992
2024-05-08 14:59:16 | TRACE   | query_time, 0.0017104633152484894
2024-05-08 14:59:16 | TRACE   | query_time, 0.001989651471376419
2024-05-08 14:59:16 | TRACE   | query_time, 0.0018752552568912506
2024-05-08 14:59:16 | TRACE   | query_time, 0.0017148591578006744
2024-05-08 14:59:16 | TRACE   | query_time, 0.0017915740609169006
2024-05-08 14:59:16 | TRACE   | query_time, 0.001918356865644455
2024-05-08 14:59:16 | TRACE   | query_time, 0.0017765872180461884
2024-05-08 14:59:16 | TRACE   | query_time, 0.002041291445493698
2024-05-08 14:59:16 | TRACE   | query_time, 0.001880001276731491
2024-05-08 14:59:16 | TRACE   | query_time, 0.0017156526446342468
2024-05-08 14:59:16 | TRACE   | query_time, 0.0016951672732830048
2024-05-08 14:59:16 | TRACE   | query_time, 0.0018018931150436401
2024-05-08 14:59:16 | TRACE   | query_time, 0.0019069984555244446
2024-05-08 14:59:16 | TRACE   | query_time, 0.0016775280237197876
2024-05-08 14:59:16 | TRACE   | query_time, 0.001675974577665329
2024-05-08 14:59:16 | TRACE   | query_time, 0.0012831203639507294
2024-05-08 14:59:16 | TRACE   | query_time, 0.0011677257716655731
2024-05-08 14:59:16 | TRACE   | query_time, 0.0012331120669841766
2024-05-08 14:59:16 | TRACE   | query_time, 0.00116623193025589
2024-05-08 14:59:16 | TRACE   | query_time, 0.0010950565338134766
2024-05-08 14:59:16 | TRACE   | query_time, 0.0012301765382289886
2024-05-08 14:59:16 | TRACE   | query_time, 0.0011050626635551453
2024-05-08 14:59:16 | TRACE   | query_time, 0.0010761208832263947
2024-05-08 14:59:16 | TRACE   | query_time, 0.0011094659566879272
2024-05-08 14:59:16 | TRACE   | query_time, 0.0012650974094867706
2024-05-08 14:59:16 | TRACE   | query_time, 0.0011185891926288605
2024-05-08 14:59:16 | TRACE   | query_time, 0.0011047981679439545
2024-05-08 14:59:16 | TRACE   | query_time, 0.0012151747941970825
2024-05-08 14:59:16 | TRACE   | query_time, 0.0011304505169391632
2024-05-08 14:59:16 | TRACE   | query_time, 0.0013149455189704895
2024-05-08 14:59:16 | TRACE   | query_time, 0.0011273324489593506
2024-05-08 14:59:16 | TRACE   | query_time, 0.0011055916547775269
2024-05-08 14:59:16 | TRACE   | query_time, 0.001209106296300888
2024-05-08 14:59:16 | TRACE   | query_time, 0.0010982304811477661
2024-05-08 14:59:16 | TRACE   | query_time, 0.0014492832124233246
2024-05-08 14:59:16 | TRACE   | query_time, 0.0010891593992710114
2024-05-08 14:59:16 | TRACE   | query_time, 0.0010996535420417786
2024-05-08 14:59:16 | TRACE   | query_time, 0.0012158043682575226
2024-05-08 14:59:16 | TRACE   | query_time, 0.0011474378407001495
2024-05-08 14:59:16 | TRACE   | query_time, 0.001212969422340393
2024-05-08 14:59:16 | TRACE   | query_time, 0.0012503601610660553
2024-05-08 14:59:16 | TRACE   | query_time, 0.0012087449431419373
2024-05-08 14:59:16 | TRACE   | query_time, 0.001093987375497818
2024-05-08 14:59:16 | TRACE   | query_time, 0.0011570416390895844
2024-05-08 14:59:16 | TRACE   | query_time, 0.0012033917009830475
2024-05-08 14:59:16 | TRACE   | query_time, 0.0011055618524551392
2024-05-08 14:59:16 | TRACE   | query_time, 0.0011122822761535645
2024-05-08 14:59:16 | TRACE   | query_time, 0.001071937382221222
2024-05-08 14:59:16 | TRACE   | query_time, 0.001255922019481659
2024-05-08 14:59:16 | TRACE   | query_time, 0.0010824277997016907
2024-05-08 14:59:16 | TRACE   | query_time, 0.0010797269642353058
2024-05-08 14:59:16 | TRACE   | query_time, 0.0012485794723033905
2024-05-08 14:59:16 | TRACE   | query_time, 0.0011551901698112488
2024-05-08 14:59:16 | TRACE   | query_time, 0.0011720061302185059
2024-05-08 14:59:16 | TRACE   | query_time, 0.0010830387473106384
2024-05-08 14:59:16 | TRACE   | query_time, 0.001105811446905136
2024-05-08 14:59:16 | TRACE   | query_time, 0.0011281631886959076
2024-05-08 14:59:16 | TRACE   | query_time, 0.001083575189113617
2024-05-08 14:59:16 | TRACE   | query_time, 0.0010692961513996124
2024-05-08 14:59:16 | TRACE   | query_time, 0.0010908618569374084
2024-05-08 14:59:16 | TRACE   | query_time, 0.0014012865722179413
2024-05-08 14:59:16 | TRACE   | query_time, 0.0012089088559150696
2024-05-08 14:59:16 | TRACE   | query_time, 0.0010843612253665924
2024-05-08 14:59:16 | TRACE   | query_time, 0.0011340752243995667
2024-05-08 14:59:16 | TRACE   | query_time, 0.0012038089334964752
2024-05-08 14:59:16 | TRACE   | query_time, 0.0010840296745300293
2024-05-08 14:59:16 | TRACE   | query_time, 0.0010910630226135254
2024-05-08 14:59:16 | TRACE   | query_time, 0.0010612793266773224
2024-05-08 14:59:16 | TRACE   | query_time, 0.0012052766978740692
2024-05-08 14:59:16 | TRACE   | query_time, 0.0010963194072246552
2024-05-08 14:59:16 | TRACE   | query_time, 0.0010677240788936615
2024-05-08 14:59:16 | TRACE   | query_time, 0.0012262612581253052
2024-05-08 14:59:16 | TRACE   | query_time, 0.0010763444006443024
2024-05-08 14:59:16 | TRACE   | query_time, 0.001085180789232254
2024-05-08 14:59:16 | TRACE   | query_time, 0.001243792474269867
2024-05-08 14:59:16 | TRACE   | query_time, 0.0011313296854496002
2024-05-08 14:59:16 | TRACE   | query_time, 0.0010812506079673767
2024-05-08 14:59:16 | TRACE   | query_time, 0.00112847238779068
2024-05-08 14:59:16 | TRACE   | query_time, 0.0011995024979114532
2024-05-08 14:59:16 | TRACE   | query_time, 0.001124206930398941
2024-05-08 14:59:16 | TRACE   | query_time, 0.0012919232249259949
2024-05-08 14:59:16 | TRACE   | query_time, 0.0010961517691612244
2024-05-08 14:59:16 | TRACE   | query_time, 0.0011934489011764526
2024-05-08 14:59:16 | TRACE   | query_time, 0.0010684244334697723
2024-05-08 14:59:16 | TRACE   | query_time, 0.001079794019460678
2024-05-08 14:59:16 | TRACE   | query_time, 0.0012099146842956543
2024-05-08 14:59:16 | TRACE   | query_time, 0.0010728910565376282
2024-05-08 14:59:16 | TRACE   | query_time, 0.0010826662182807922
2024-05-08 14:59:16 | TRACE   | query_time, 0.0010647736489772797
2024-05-08 14:59:16 | TRACE   | query_time, 0.0011910274624824524
2024-05-08 14:59:16 | TRACE   | query_time, 0.0012271776795387268
2024-05-08 14:59:16 | TRACE   | query_time, 0.0011913031339645386
2024-05-08 14:59:16 | TRACE   | query_time, 0.0011529773473739624
2024-05-08 14:59:16 | TRACE   | query_time, 0.0010912567377090454
2024-05-08 14:59:16 | TRACE   | query_time, 0.0011879466474056244
2024-05-08 14:59:16 | TRACE   | query_time, 0.0011002495884895325
2024-05-08 14:59:16 | TRACE   | query_time, 0.0010903999209403992
2024-05-08 14:59:16 | TRACE   | query_time, 0.0011606961488723755
2024-05-08 14:59:16 | TRACE   | query_time, 0.0010796040296554565
2024-05-08 14:59:16 | TRACE   | query_time, 0.0010755546391010284
2024-05-08 14:59:16 | TRACE   | query_time, 0.0010576918721199036
2024-05-08 14:59:16 | TRACE   | query_time, 0.0010720007121562958
2024-05-08 14:59:16 | TRACE   | query_time, 0.0011658743023872375
2024-05-08 14:59:16 | TRACE   | query_time, 0.001078244298696518
2024-05-08 14:59:16 | TRACE   | query_time, 0.0011901110410690308
2024-05-08 14:59:16 | TRACE   | query_time, 0.0011102072894573212
2024-05-08 14:59:16 | TRACE   | query_time, 0.001267407089471817
2024-05-08 14:59:16 | TRACE   | query_time, 0.001073542982339859
2024-05-08 14:59:16 | TRACE   | query_time, 0.0011717677116394043
2024-05-08 14:59:16 | TRACE   | query_time, 0.001063905656337738
2024-05-08 14:59:16 | TRACE   | query_time, 0.0011790208518505096
2024-05-08 14:59:16 | TRACE   | query_time, 0.0011278465390205383
2024-05-08 14:59:16 | TRACE   | query_time, 0.0013837739825248718
2024-05-08 14:59:16 | TRACE   | query_time, 0.0012015961110591888
2024-05-08 14:59:16 | TRACE   | query_time, 0.0010599195957183838
2024-05-08 14:59:16 | TRACE   | query_time, 0.0011326596140861511
2024-05-08 14:59:16 | TRACE   | query_time, 0.0012240409851074219
2024-05-08 14:59:16 | TRACE   | query_time, 0.0011820271611213684
2024-05-08 14:59:16 | TRACE   | query_time, 0.0010892897844314575
2024-05-08 14:59:16 | TRACE   | query_time, 0.0011442825198173523
2024-05-08 14:59:16 | TRACE   | query_time, 0.0011957474052906036
2024-05-08 14:59:16 | TRACE   | query_time, 0.0012154653668403625
2024-05-08 14:59:16 | TRACE   | query_time, 0.0014717355370521545
2024-05-08 14:59:16 | TRACE   | query_time, 0.0014072135090827942
2024-05-08 14:59:16 | TRACE   | query_time, 0.0014596469700336456
2024-05-08 14:59:16 | TRACE   | query_time, 0.001425568014383316
2024-05-08 14:59:16 | TRACE   | query_time, 0.0014072954654693604
2024-05-08 14:59:16 | TRACE   | query_time, 0.0014945678412914276
2024-05-08 14:59:16 | TRACE   | query_time, 0.0014076083898544312
2024-05-08 14:59:16 | TRACE   | query_time, 0.001675136387348175
2024-05-08 14:59:16 | TRACE   | query_time, 0.0013954639434814453
2024-05-08 14:59:16 | TRACE   | query_time, 0.001489046961069107
2024-05-08 14:59:16 | TRACE   | query_time, 0.00147252157330513
2024-05-08 14:59:16 | TRACE   | query_time, 0.0014614351093769073
2024-05-08 14:59:16 | TRACE   | query_time, 0.001499909907579422
2024-05-08 14:59:16 | TRACE   | query_time, 0.0014143064618110657
2024-05-08 14:59:16 | TRACE   | query_time, 0.0014713145792484283
2024-05-08 14:59:16 | TRACE   | query_time, 0.0015267953276634216
2024-05-08 14:59:16 | TRACE   | query_time, 0.0014519952237606049
2024-05-08 14:59:16 | TRACE   | query_time, 0.0014072805643081665
2024-05-08 14:59:16 | TRACE   | query_time, 0.0013967975974082947
2024-05-08 14:59:16 | TRACE   | query_time, 0.0014048963785171509
2024-05-08 14:59:16 | TRACE   | query_time, 0.0015270896255970001
2024-05-08 14:59:16 | TRACE   | query_time, 0.0014489293098449707
2024-05-08 14:59:16 | TRACE   | query_time, 0.001424536108970642
2024-05-08 14:59:16 | TRACE   | query_time, 0.001517023891210556
2024-05-08 14:59:16 | TRACE   | query_time, 0.0015683025121688843
2024-05-08 14:59:16 | TRACE   | query_time, 0.0013983435928821564
2024-05-08 14:59:16 | TRACE   | query_time, 0.0014016106724739075
2024-05-08 14:59:16 | TRACE   | query_time, 0.0014105699956417084
2024-05-08 14:59:16 | TRACE   | query_time, 0.0016428828239440918
2024-05-08 14:59:16 | TRACE   | query_time, 0.0013971664011478424
2024-05-08 14:59:16 | TRACE   | query_time, 0.0014802627265453339
2024-05-08 14:59:16 | TRACE   | query_time, 0.0013940557837486267
2024-05-08 14:59:16 | TRACE   | query_time, 0.0014543235301971436
2024-05-08 14:59:16 | TRACE   | query_time, 0.0013985410332679749
2024-05-08 14:59:16 | TRACE   | query_time, 0.0014889687299728394
2024-05-08 14:59:16 | TRACE   | query_time, 0.0014229491353034973
2024-05-08 14:59:16 | TRACE   | query_time, 0.0014683343470096588
2024-05-08 14:59:16 | TRACE   | query_time, 0.001384105533361435
2024-05-08 14:59:16 | TRACE   | query_time, 0.0014019422233104706
2024-05-08 14:59:16 | TRACE   | query_time, 0.0014536865055561066
2024-05-08 14:59:16 | TRACE   | query_time, 0.0014614574611186981
2024-05-08 14:59:16 | TRACE   | query_time, 0.001550976186990738
2024-05-08 14:59:16 | TRACE   | query_time, 0.0014073848724365234
2024-05-08 14:59:16 | TRACE   | query_time, 0.0014764182269573212
2024-05-08 14:59:16 | TRACE   | query_time, 0.0015032440423965454
2024-05-08 14:59:16 | TRACE   | query_time, 0.001638505607843399
2024-05-08 14:59:16 | TRACE   | query_time, 0.0014070197939872742
2024-05-08 14:59:16 | TRACE   | query_time, 0.0014809370040893555
2024-05-08 14:59:16 | TRACE   | query_time, 0.0014525912702083588
2024-05-08 14:59:16 | TRACE   | query_time, 0.001482456922531128
2024-05-08 14:59:16 | TRACE   | query_time, 0.0015306994318962097
2024-05-08 14:59:16 | TRACE   | query_time, 0.001451779156923294
2024-05-08 14:59:16 | TRACE   | query_time, 0.0014965832233428955
2024-05-08 14:59:16 | TRACE   | query_time, 0.001456376165151596
2024-05-08 14:59:16 | TRACE   | query_time, 0.001423034816980362
2024-05-08 14:59:16 | TRACE   | query_time, 0.0014161057770252228
2024-05-08 14:59:16 | TRACE   | query_time, 0.0014919489622116089
2024-05-08 14:59:16 | TRACE   | query_time, 0.0014024339616298676
2024-05-08 14:59:16 | TRACE   | query_time, 0.0014088638126850128
2024-05-08 14:59:16 | TRACE   | query_time, 0.0013999491930007935
2024-05-08 14:59:16 | TRACE   | query_time, 0.0015279464423656464
2024-05-08 14:59:16 | TRACE   | query_time, 0.0014530569314956665
2024-05-08 14:59:16 | TRACE   | query_time, 0.001553807407617569
2024-05-08 14:59:16 | TRACE   | query_time, 0.001402929425239563
2024-05-08 14:59:16 | TRACE   | query_time, 0.00148797407746315
2024-05-08 14:59:16 | TRACE   | query_time, 0.0014032237231731415
2024-05-08 14:59:16 | TRACE   | query_time, 0.0014874562621116638
2024-05-08 14:59:16 | TRACE   | query_time, 0.0016391277313232422
2024-05-08 14:59:16 | TRACE   | query_time, 0.0013989880681037903
2024-05-08 14:59:16 | TRACE   | query_time, 0.0013926848769187927
2024-05-08 14:59:16 | TRACE   | query_time, 0.0014848671853542328
2024-05-08 14:59:16 | TRACE   | query_time, 0.0014671571552753448
2024-05-08 14:59:16 | TRACE   | query_time, 0.0014346539974212646
2024-05-08 14:59:16 | TRACE   | query_time, 0.0014917999505996704
2024-05-08 14:59:16 | TRACE   | query_time, 0.0015214122831821442
2024-05-08 14:59:16 | TRACE   | query_time, 0.0014912858605384827
2024-05-08 14:59:16 | TRACE   | query_time, 0.0014153346419334412
2024-05-08 14:59:16 | TRACE   | query_time, 0.001486167311668396
2024-05-08 14:59:16 | TRACE   | query_time, 0.0014209337532520294
2024-05-08 14:59:16 | TRACE   | query_time, 0.0013925470411777496
2024-05-08 14:59:16 | TRACE   | query_time, 0.001394476741552353
2024-05-08 14:59:16 | TRACE   | query_time, 0.0015424862504005432
2024-05-08 14:59:16 | TRACE   | query_time, 0.00140313059091568
2024-05-08 14:59:16 | TRACE   | query_time, 0.0014050789177417755
2024-05-08 14:59:16 | TRACE   | query_time, 0.0014691129326820374
2024-05-08 14:59:16 | TRACE   | query_time, 0.001400928944349289
2024-05-08 14:59:16 | TRACE   | query_time, 0.0014270655810832977
2024-05-08 14:59:16 | TRACE   | query_time, 0.0014190226793289185
2024-05-08 14:59:16 | TRACE   | query_time, 0.0014818273484706879
2024-05-08 14:59:16 | TRACE   | query_time, 0.0014038234949111938
2024-05-08 14:59:16 | TRACE   | query_time, 0.0014761686325073242
2024-05-08 14:59:16 | TRACE   | query_time, 0.00152626633644104
2024-05-08 14:59:16 | TRACE   | query_time, 0.0014478564262390137
2024-05-08 14:59:16 | TRACE   | query_time, 0.0014169812202453613
2024-05-08 14:59:16 | TRACE   | query_time, 0.0014612190425395966
2024-05-08 14:59:16 | TRACE   | query_time, 0.001405082643032074
2024-05-08 14:59:16 | TRACE   | query_time, 0.0014023594558238983
2024-05-08 14:59:16 | TRACE   | query_time, 0.0013987086713314056
2024-05-08 14:59:16 | TRACE   | query_time, 0.0015197508037090302
2024-05-08 14:59:16 | TRACE   | query_time, 0.0015210583806037903
2024-05-08 14:59:16 | TRACE   | query_time, 0.0014431364834308624
2024-05-08 14:59:16 | TRACE   | query_time, 0.0014442577958106995
2024-05-08 14:59:16 | TRACE   | query_time, 0.0015022344887256622
2024-05-08 14:59:16 | TRACE   | query_time, 0.0014251358807086945
2024-05-08 14:59:16 | TRACE   | query_time, 0.0015481077134609222
2024-05-08 14:59:16 | TRACE   | query_time, 0.0014177747070789337
2024-05-08 14:59:16 | TRACE   | query_time, 0.0014005191624164581
2024-05-08 14:59:16 | TRACE   | query_time, 0.0014037936925888062
2024-05-08 14:59:16 | TRACE   | query_time, 0.001402009278535843
2024-05-08 14:59:16 | TRACE   | query_time, 0.00147281214594841
2024-05-08 14:59:16 | TRACE   | query_time, 0.0016414225101470947
2024-05-08 14:59:16 | TRACE   | query_time, 0.0013888366520404816
2024-05-08 14:59:16 | TRACE   | query_time, 0.0014949217438697815
2024-05-08 14:59:16 | TRACE   | query_time, 0.0014427229762077332
2024-05-08 14:59:16 | TRACE   | query_time, 0.0015189871191978455
2024-05-08 14:59:16 | TRACE   | query_time, 0.0013937205076217651
2024-05-08 14:59:16 | TRACE   | query_time, 0.0014181137084960938
2024-05-08 14:59:16 | TRACE   | query_time, 0.0014602094888687134
2024-05-08 14:59:16 | TRACE   | query_time, 0.0013907141983509064
2024-05-08 14:59:16 | TRACE   | query_time, 0.001500248908996582
2024-05-08 14:59:16 | TRACE   | query_time, 0.0013969391584396362
2024-05-08 14:59:16 | TRACE   | query_time, 0.00144895538687706
2024-05-08 14:59:16 | TRACE   | query_time, 0.001390162855386734
2024-05-08 14:59:16 | TRACE   | query_time, 0.001524314284324646
2024-05-08 14:59:16 | TRACE   | query_time, 0.0014002695679664612
2024-05-08 14:59:16 | TRACE   | query_time, 0.0013954006135463715
2024-05-08 14:59:16 | TRACE   | query_time, 0.0014690831303596497
2024-05-08 14:59:16 | TRACE   | query_time, 0.001397114247083664
2024-05-08 14:59:16 | TRACE   | query_time, 0.0014448203146457672
2024-05-08 14:59:16 | TRACE   | query_time, 0.001479651778936386
2024-05-08 14:59:16 | TRACE   | query_time, 0.00154200941324234
2024-05-08 14:59:16 | TRACE   | query_time, 0.0014058388769626617
2024-05-08 14:59:16 | TRACE   | query_time, 0.0013991482555866241
2024-05-08 14:59:16 | TRACE   | query_time, 0.0014769025146961212
2024-05-08 14:59:16 | TRACE   | query_time, 0.0013995878398418427
2024-05-08 14:59:16 | TRACE   | query_time, 0.0013991482555866241
2024-05-08 14:59:16 | TRACE   | query_time, 0.0014830231666564941
2024-05-08 14:59:16 | TRACE   | query_time, 0.0013955719769001007
