2024-05-08 19:17:48 | DEBUG   | {'input': PosixPath('data/gittables/indices/microbenchmarks/rebinning-k500.zst'), 'input_type': 'index', 'queries': PosixPath('data/gittables/queries/microbenchmarks.zst'), 'estimation_mode': None, 'index_mode': 'recall', 'output': None, 'workers': None, 'frequency_hists': False, 'suppress_results': True, 'log_level': 'INFO', 'log_file': PosixPath('logs/microbenchmarks/runtime/gittables-rebinning-k500-single_suppressed-2.log')}
2024-05-08 19:17:48 | DEBUG   | Loading input data from data/gittables/indices/microbenchmarks/rebinning-k500.zst
2024-05-08 19:17:54 | DEBUG   | Loading queries from data/gittables/queries/microbenchmarks.zst
2024-05-08 19:17:54 | TRACE   | bootstrap_time, 6.1985753329936415
2024-05-08 19:17:54 | DEBUG   | Starting execution
2024-05-08 19:17:54 | TRACE   | query_time, 0.0005577679257839918
2024-05-08 19:17:54 | TRACE   | query_time, 0.00033912411890923977
2024-05-08 19:17:54 | TRACE   | query_time, 0.0004550938028842211
2024-05-08 19:17:54 | TRACE   | query_time, 0.0003704819828271866
2024-05-08 19:17:54 | TRACE   | query_time, 0.000347713939845562
2024-05-08 19:17:54 | TRACE   | query_time, 0.00048284512013196945
2024-05-08 19:17:54 | TRACE   | query_time, 0.000452304957434535
2024-05-08 19:17:54 | TRACE   | query_time, 0.0004361090250313282
2024-05-08 19:17:54 | TRACE   | query_time, 0.00032686698250472546
2024-05-08 19:17:54 | TRACE   | query_time, 0.0003382139839231968
2024-05-08 19:17:54 | TRACE   | query_time, 0.0003289170563220978
2024-05-08 19:17:54 | TRACE   | query_time, 0.00032735918648540974
2024-05-08 19:17:54 | TRACE   | query_time, 0.0004148378502577543
2024-05-08 19:17:54 | TRACE   | query_time, 0.00033502792939543724
2024-05-08 19:17:54 | TRACE   | query_time, 0.000339980935677886
2024-05-08 19:17:54 | TRACE   | query_time, 0.0003373771905899048
2024-05-08 19:17:54 | TRACE   | query_time, 0.0003289729356765747
2024-05-08 19:17:54 | TRACE   | query_time, 0.0003267310094088316
2024-05-08 19:17:54 | TRACE   | query_time, 0.00033569009974598885
2024-05-08 19:17:54 | TRACE   | query_time, 0.00032407394610345364
2024-05-08 19:17:54 | TRACE   | query_time, 0.00033689895644783974
2024-05-08 19:17:54 | TRACE   | query_time, 0.0003988058306276798
2024-05-08 19:17:54 | TRACE   | query_time, 0.00032542296685278416
2024-05-08 19:17:54 | TRACE   | query_time, 0.000443421071395278
2024-05-08 19:17:54 | TRACE   | query_time, 0.00044425693340599537
2024-05-08 19:17:54 | TRACE   | query_time, 0.00033850688487291336
2024-05-08 19:17:54 | TRACE   | query_time, 0.00032868795096874237
2024-05-08 19:17:54 | TRACE   | query_time, 0.00040321401320397854
2024-05-08 19:17:54 | TRACE   | query_time, 0.00032665394246578217
2024-05-08 19:17:54 | TRACE   | query_time, 0.00043034786358475685
2024-05-08 19:17:54 | TRACE   | query_time, 0.00044175912626087666
2024-05-08 19:17:54 | TRACE   | query_time, 0.0003985441289842129
2024-05-08 19:17:54 | TRACE   | query_time, 0.0004924440290778875
2024-05-08 19:17:54 | TRACE   | query_time, 0.00043107895180583
2024-05-08 19:17:54 | TRACE   | query_time, 0.0003246429841965437
2024-05-08 19:17:54 | TRACE   | query_time, 0.00033488706685602665
2024-05-08 19:17:54 | TRACE   | query_time, 0.000441503943875432
2024-05-08 19:17:54 | TRACE   | query_time, 0.0003258921205997467
2024-05-08 19:17:54 | TRACE   | query_time, 0.00035384297370910645
2024-05-08 19:17:54 | TRACE   | query_time, 0.00032856897450983524
2024-05-08 19:17:54 | TRACE   | query_time, 0.00043181004002690315
2024-05-08 19:17:54 | TRACE   | query_time, 0.0003800292033702135
2024-05-08 19:17:54 | TRACE   | query_time, 0.0003372039645910263
2024-05-08 19:17:54 | TRACE   | query_time, 0.0004636249504983425
2024-05-08 19:17:54 | TRACE   | query_time, 0.00043187011033296585
2024-05-08 19:17:54 | TRACE   | query_time, 0.00042429310269653797
2024-05-08 19:17:54 | TRACE   | query_time, 0.0003347909078001976
2024-05-08 19:17:54 | TRACE   | query_time, 0.0003248711582273245
2024-05-08 19:17:54 | TRACE   | query_time, 0.0003933650441467762
2024-05-08 19:17:54 | TRACE   | query_time, 0.0004707900807261467
2024-05-08 19:17:54 | TRACE   | query_time, 0.00033211102709174156
2024-05-08 19:17:54 | TRACE   | query_time, 0.0003345541190356016
2024-05-08 19:17:54 | TRACE   | query_time, 0.00033465190790593624
2024-05-08 19:17:54 | TRACE   | query_time, 0.0003264781553298235
2024-05-08 19:17:54 | TRACE   | query_time, 0.00032432982698082924
2024-05-08 19:17:54 | TRACE   | query_time, 0.0003356458619236946
2024-05-08 19:17:54 | TRACE   | query_time, 0.00032438687048852444
2024-05-08 19:17:54 | TRACE   | query_time, 0.0003887549974024296
2024-05-08 19:17:55 | TRACE   | query_time, 0.00033567193895578384
2024-05-08 19:17:55 | TRACE   | query_time, 0.0004316580016165972
2024-05-08 19:17:55 | TRACE   | query_time, 0.0004006801173090935
2024-05-08 19:17:55 | TRACE   | query_time, 0.0003265100531280041
2024-05-08 19:17:55 | TRACE   | query_time, 0.0004327560309320688
2024-05-08 19:17:55 | TRACE   | query_time, 0.00043422100134193897
2024-05-08 19:17:55 | TRACE   | query_time, 0.00033490080386400223
2024-05-08 19:17:55 | TRACE   | query_time, 0.0003267081920057535
2024-05-08 19:17:55 | TRACE   | query_time, 0.00039301998913288116
2024-05-08 19:17:55 | TRACE   | query_time, 0.00042192009277641773
2024-05-08 19:17:55 | TRACE   | query_time, 0.00033643003553152084
2024-05-08 19:17:55 | TRACE   | query_time, 0.0004416641313582659
2024-05-08 19:17:55 | TRACE   | query_time, 0.0003928008954972029
2024-05-08 19:17:55 | TRACE   | query_time, 0.0003256271593272686
2024-05-08 19:17:55 | TRACE   | query_time, 0.0004735570400953293
2024-05-08 19:17:55 | TRACE   | query_time, 0.0004300191067159176
2024-05-08 19:17:55 | TRACE   | query_time, 0.0004223911091685295
2024-05-08 19:17:55 | TRACE   | query_time, 0.0003253899049013853
2024-05-08 19:17:55 | TRACE   | query_time, 0.00038654101081192493
2024-05-08 19:17:55 | TRACE   | query_time, 0.00044435402378439903
2024-05-08 19:17:55 | TRACE   | query_time, 0.00033861701376736164
2024-05-08 19:17:55 | TRACE   | query_time, 0.000354147981852293
2024-05-08 19:17:55 | TRACE   | query_time, 0.00043040397576987743
2024-05-08 19:17:55 | TRACE   | query_time, 0.0003639650531113148
2024-05-08 19:17:55 | TRACE   | query_time, 0.00041272398084402084
2024-05-08 19:17:55 | TRACE   | query_time, 0.00033445795997977257
2024-05-08 19:17:55 | TRACE   | query_time, 0.0004588908050209284
2024-05-08 19:17:55 | TRACE   | query_time, 0.0004237841349095106
2024-05-08 19:17:55 | TRACE   | query_time, 0.00032693310640752316
2024-05-08 19:17:55 | TRACE   | query_time, 0.00033569312654435635
2024-05-08 19:17:55 | TRACE   | query_time, 0.00039314012974500656
2024-05-08 19:17:55 | TRACE   | query_time, 0.00040380796417593956
2024-05-08 19:17:55 | TRACE   | query_time, 0.0004598561208695173
2024-05-08 19:17:55 | TRACE   | query_time, 0.0003248760476708412
2024-05-08 19:17:55 | TRACE   | query_time, 0.0003357210662215948
2024-05-08 19:17:55 | TRACE   | query_time, 0.0003384491428732872
2024-05-08 19:17:55 | TRACE   | query_time, 0.00032562902197241783
2024-05-08 19:17:55 | TRACE   | query_time, 0.0003251361194998026
2024-05-08 19:17:55 | TRACE   | query_time, 0.00033943704329431057
2024-05-08 19:17:55 | TRACE   | query_time, 0.00032677315175533295
2024-05-08 19:17:55 | TRACE   | query_time, 0.0003837151452898979
2024-05-08 19:17:55 | TRACE   | query_time, 0.00033639115281403065
2024-05-08 19:17:55 | TRACE   | query_time, 0.00043206498958170414
2024-05-08 19:17:55 | TRACE   | query_time, 0.00039314478635787964
2024-05-08 19:17:55 | TRACE   | query_time, 0.00032639200799167156
2024-05-08 19:17:55 | TRACE   | query_time, 0.00043427501805126667
2024-05-08 19:17:55 | TRACE   | query_time, 0.00033808290027081966
2024-05-08 19:17:55 | TRACE   | query_time, 0.00032687210477888584
2024-05-08 19:17:55 | TRACE   | query_time, 0.00039496482349932194
2024-05-08 19:17:55 | TRACE   | query_time, 0.0004214539658278227
2024-05-08 19:17:55 | TRACE   | query_time, 0.0004307690542191267
2024-05-08 19:17:55 | TRACE   | query_time, 0.00039184209890663624
2024-05-08 19:17:55 | TRACE   | query_time, 0.00032601109705865383
2024-05-08 19:17:55 | TRACE   | query_time, 0.0004725439939647913
2024-05-08 19:17:55 | TRACE   | query_time, 0.00042346701957285404
2024-05-08 19:17:55 | TRACE   | query_time, 0.00042218598537147045
2024-05-08 19:17:55 | TRACE   | query_time, 0.0003416389226913452
2024-05-08 19:17:55 | TRACE   | query_time, 0.000338525976985693
2024-05-08 19:17:55 | TRACE   | query_time, 0.0003369410987943411
2024-05-08 19:17:55 | TRACE   | query_time, 0.00044047506526112556
2024-05-08 19:17:55 | TRACE   | query_time, 0.0003865279722958803
2024-05-08 19:17:55 | TRACE   | query_time, 0.00043580704368650913
2024-05-08 19:17:55 | TRACE   | query_time, 0.0003395660314708948
2024-05-08 19:17:55 | TRACE   | query_time, 0.0003269000444561243
2024-05-08 19:17:55 | TRACE   | query_time, 0.00035144598223268986
2024-05-08 19:17:55 | TRACE   | query_time, 0.0003282187972217798
2024-05-08 19:17:55 | TRACE   | query_time, 0.00043521588668227196
2024-05-08 19:17:55 | TRACE   | query_time, 0.00036651105619966984
2024-05-08 19:17:55 | TRACE   | query_time, 0.00040476000867784023
2024-05-08 19:17:55 | TRACE   | query_time, 0.00033674202859401703
2024-05-08 19:17:55 | TRACE   | query_time, 0.0004624070134013891
2024-05-08 19:17:55 | TRACE   | query_time, 0.00043371692299842834
2024-05-08 19:17:55 | TRACE   | query_time, 0.0004236928652971983
2024-05-08 19:17:55 | TRACE   | query_time, 0.00032553402706980705
2024-05-08 19:17:55 | TRACE   | query_time, 0.0003401339054107666
2024-05-08 19:17:55 | TRACE   | query_time, 0.00032838713377714157
2024-05-08 19:17:55 | TRACE   | query_time, 0.00039404816925525665
2024-05-08 19:17:55 | TRACE   | query_time, 0.0004024731460958719
2024-05-08 19:17:55 | TRACE   | query_time, 0.0004655348602682352
2024-05-08 19:17:55 | TRACE   | query_time, 0.00032546184957027435
2024-05-08 19:17:55 | TRACE   | query_time, 0.0003353380598127842
2024-05-08 19:17:55 | TRACE   | query_time, 0.00033628009259700775
2024-05-08 19:17:55 | TRACE   | query_time, 0.0003279000520706177
2024-05-08 19:17:55 | TRACE   | query_time, 0.0003264739643782377
2024-05-08 19:17:55 | TRACE   | query_time, 0.00034050107933580875
2024-05-08 19:17:55 | TRACE   | query_time, 0.0003259051591157913
2024-05-08 19:17:55 | TRACE   | query_time, 0.0003363541327416897
2024-05-08 19:17:55 | TRACE   | query_time, 0.00043403287418186665
2024-05-08 19:17:55 | TRACE   | query_time, 0.00039159483276307583
2024-05-08 19:17:55 | TRACE   | query_time, 0.0003251349553465843
2024-05-08 19:17:55 | TRACE   | query_time, 0.0004313329700380564
2024-05-08 19:17:55 | TRACE   | query_time, 0.00042984914034605026
2024-05-08 19:17:55 | TRACE   | query_time, 0.0003345678560435772
2024-05-08 19:17:55 | TRACE   | query_time, 0.00039702397771179676
2024-05-08 19:17:55 | TRACE   | query_time, 0.0003246809355914593
2024-05-08 19:17:55 | TRACE   | query_time, 0.0004209198523312807
2024-05-08 19:17:55 | TRACE   | query_time, 0.000334796030074358
2024-05-08 19:17:55 | TRACE   | query_time, 0.0004307059571146965
2024-05-08 19:17:55 | TRACE   | query_time, 0.00046716886572539806
2024-05-08 19:17:55 | TRACE   | query_time, 0.00042039412073791027
2024-05-08 19:17:55 | TRACE   | query_time, 0.0004189801402390003
2024-05-08 19:17:55 | TRACE   | query_time, 0.0003236602060496807
2024-05-08 19:17:55 | TRACE   | query_time, 0.00033953203819692135
2024-05-08 19:17:55 | TRACE   | query_time, 0.0003342411946505308
2024-05-08 19:17:55 | TRACE   | query_time, 0.0004304349422454834
2024-05-08 19:17:55 | TRACE   | query_time, 0.00038281199522316456
2024-05-08 19:17:55 | TRACE   | query_time, 0.0004310598596930504
2024-05-08 19:17:55 | TRACE   | query_time, 0.0003372000064700842
2024-05-08 19:17:55 | TRACE   | query_time, 0.0003521090839058161
2024-05-08 19:17:55 | TRACE   | query_time, 0.00032385089434683323
2024-05-08 19:17:55 | TRACE   | query_time, 0.000430836109444499
2024-05-08 19:17:55 | TRACE   | query_time, 0.0003715630155056715
2024-05-08 19:17:55 | TRACE   | query_time, 0.0003345729783177376
2024-05-08 19:17:55 | TRACE   | query_time, 0.0004639970138669014
2024-05-08 19:17:55 | TRACE   | query_time, 0.00042973808012902737
2024-05-08 19:17:55 | TRACE   | query_time, 0.00042219599708914757
2024-05-08 19:17:55 | TRACE   | query_time, 0.0003275778144598007
2024-05-08 19:17:55 | TRACE   | query_time, 0.0003260879311710596
2024-05-08 19:17:55 | TRACE   | query_time, 0.00032521900720894337
2024-05-08 19:17:55 | TRACE   | query_time, 0.0003917568828910589
2024-05-08 19:17:55 | TRACE   | query_time, 0.0004064079839736223
2024-05-08 19:17:55 | TRACE   | query_time, 0.00046145403757691383
2024-05-08 19:17:55 | TRACE   | query_time, 0.0003255109768360853
2024-05-08 19:17:55 | TRACE   | query_time, 0.00033657392486929893
2024-05-08 19:17:55 | TRACE   | query_time, 0.0003258360084146261
2024-05-08 19:17:55 | TRACE   | query_time, 0.0003242220263928175
2024-05-08 19:17:55 | TRACE   | query_time, 0.00033404980786144733
2024-05-08 19:17:55 | TRACE   | query_time, 0.00032526906579732895
2024-05-08 19:17:55 | TRACE   | query_time, 0.0003839540295302868
2024-05-08 19:17:55 | TRACE   | query_time, 0.0003359138499945402
2024-05-08 19:17:55 | TRACE   | query_time, 0.0004378280136734247
2024-05-08 19:17:55 | TRACE   | query_time, 0.00039377203211188316
2024-05-08 19:17:55 | TRACE   | query_time, 0.00032445299439132214
2024-05-08 19:17:55 | TRACE   | query_time, 0.00043119792826473713
2024-05-08 19:17:55 | TRACE   | query_time, 0.00043122400529682636
2024-05-08 19:17:55 | TRACE   | query_time, 0.00033454690128564835
2024-05-08 19:17:55 | TRACE   | query_time, 0.0003256518393754959
2024-05-08 19:17:55 | TRACE   | query_time, 0.00039183301851153374
2024-05-08 19:17:55 | TRACE   | query_time, 0.00032516010105609894
2024-05-08 19:17:55 | TRACE   | query_time, 0.00042603490874171257
2024-05-08 19:17:55 | TRACE   | query_time, 0.00033524795435369015
2024-05-08 19:17:55 | TRACE   | query_time, 0.0004316598642617464
2024-05-08 19:17:55 | TRACE   | query_time, 0.00039216503500938416
2024-05-08 19:17:55 | TRACE   | query_time, 0.0003242320381104946
2024-05-08 19:17:55 | TRACE   | query_time, 0.0004712291993200779
2024-05-08 19:17:55 | TRACE   | query_time, 0.00042231311090290546
2024-05-08 19:17:55 | TRACE   | query_time, 0.0004211298655718565
2024-05-08 19:17:55 | TRACE   | query_time, 0.0003348030149936676
2024-05-08 19:17:55 | TRACE   | query_time, 0.0003388868644833565
2024-05-08 19:17:55 | TRACE   | query_time, 0.0004329970106482506
2024-05-08 19:17:55 | TRACE   | query_time, 0.0003826920874416828
2024-05-08 19:17:55 | TRACE   | query_time, 0.0004334480036050081
2024-05-08 19:17:55 | TRACE   | query_time, 0.000337851932272315
2024-05-08 19:17:55 | TRACE   | query_time, 0.00032625417225062847
2024-05-08 19:17:55 | TRACE   | query_time, 0.0003544401843100786
2024-05-08 19:17:55 | TRACE   | query_time, 0.00032698316499590874
2024-05-08 19:17:55 | TRACE   | query_time, 0.0003370940685272217
2024-05-08 19:17:55 | TRACE   | query_time, 0.00046445406042039394
2024-05-08 19:17:55 | TRACE   | query_time, 0.00043120002374053
2024-05-08 19:17:55 | TRACE   | query_time, 0.0004203440621495247
2024-05-08 19:17:55 | TRACE   | query_time, 0.0003254811745136976
2024-05-08 19:17:55 | TRACE   | query_time, 0.00033333199098706245
2024-05-08 19:17:55 | TRACE   | query_time, 0.0003254408948123455
2024-05-08 19:17:55 | TRACE   | query_time, 0.00032385392114520073
2024-05-08 19:17:55 | TRACE   | query_time, 0.0003917200956493616
2024-05-08 19:17:55 | TRACE   | query_time, 0.0004034528974443674
2024-05-08 19:17:55 | TRACE   | query_time, 0.0004612698685377836
2024-05-08 19:17:55 | TRACE   | query_time, 0.00032734894193708897
2024-05-08 19:17:55 | TRACE   | query_time, 0.0003344218712300062
2024-05-08 19:17:55 | TRACE   | query_time, 0.000325825996696949
2024-05-08 19:17:55 | TRACE   | query_time, 0.00032556592486798763
2024-05-08 19:17:55 | TRACE   | query_time, 0.0003335168585181236
2024-05-08 19:17:55 | TRACE   | query_time, 0.00032499595545232296
2024-05-08 19:17:55 | TRACE   | query_time, 0.0003341180272400379
2024-05-08 19:17:55 | TRACE   | query_time, 0.00043127010576426983
2024-05-08 19:17:55 | TRACE   | query_time, 0.0003942281473428011
2024-05-08 19:17:55 | TRACE   | query_time, 0.0003291198518127203
2024-05-08 19:17:55 | TRACE   | query_time, 0.0004338091239333153
2024-05-08 19:17:55 | TRACE   | query_time, 0.0004306570626795292
2024-05-08 19:17:55 | TRACE   | query_time, 0.00033688684925436974
2024-05-08 19:17:55 | TRACE   | query_time, 0.0003958998713642359
2024-05-08 19:17:55 | TRACE   | query_time, 0.00033193593844771385
2024-05-08 19:17:55 | TRACE   | query_time, 0.00042742188088595867
2024-05-08 19:17:55 | TRACE   | query_time, 0.00034049502573907375
2024-05-08 19:17:55 | TRACE   | query_time, 0.0004342859610915184
2024-05-08 19:17:55 | TRACE   | query_time, 0.0003345280420035124
2024-05-08 19:17:55 | TRACE   | query_time, 0.00047474796883761883
2024-05-08 19:17:55 | TRACE   | query_time, 0.00042524305172264576
2024-05-08 19:17:55 | TRACE   | query_time, 0.00042506586760282516
2024-05-08 19:17:55 | TRACE   | query_time, 0.0003293580375611782
2024-05-08 19:17:55 | TRACE   | query_time, 0.0003368537873029709
2024-05-08 19:17:55 | TRACE   | query_time, 0.0003392319194972515
2024-05-08 19:17:55 | TRACE   | query_time, 0.00043607596307992935
2024-05-08 19:17:55 | TRACE   | query_time, 0.0003874269314110279
2024-05-08 19:17:55 | TRACE   | query_time, 0.0004392392002046108
2024-05-08 19:17:55 | TRACE   | query_time, 0.0003428270574659109
2024-05-08 19:17:55 | TRACE   | query_time, 0.000359260942786932
2024-05-08 19:17:55 | TRACE   | query_time, 0.0003309908788651228
2024-05-08 19:17:55 | TRACE   | query_time, 0.0004345008637756109
2024-05-08 19:17:55 | TRACE   | query_time, 0.0003663708921521902
2024-05-08 19:17:55 | TRACE   | query_time, 0.00040596118196845055
2024-05-08 19:17:55 | TRACE   | query_time, 0.0003388109616935253
2024-05-08 19:17:55 | TRACE   | query_time, 0.000467419158667326
2024-05-08 19:17:55 | TRACE   | query_time, 0.00043610786087810993
2024-05-08 19:17:55 | TRACE   | query_time, 0.00042004999704658985
2024-05-08 19:17:55 | TRACE   | query_time, 0.00032590492628514767
2024-05-08 19:17:55 | TRACE   | query_time, 0.0003358421381562948
2024-05-08 19:17:55 | TRACE   | query_time, 0.00032569002360105515
2024-05-08 19:17:55 | TRACE   | query_time, 0.00032606697641313076
2024-05-08 19:17:55 | TRACE   | query_time, 0.0003936178982257843
2024-05-08 19:17:55 | TRACE   | query_time, 0.0004016440361738205
2024-05-08 19:17:55 | TRACE   | query_time, 0.00045863399282097816
2024-05-08 19:17:55 | TRACE   | query_time, 0.0003313820343464613
2024-05-08 19:17:55 | TRACE   | query_time, 0.00033732899464666843
2024-05-08 19:17:55 | TRACE   | query_time, 0.0003278970252722502
2024-05-08 19:17:55 | TRACE   | query_time, 0.00032629910856485367
2024-05-08 19:17:55 | TRACE   | query_time, 0.0003334090579301119
2024-05-08 19:17:55 | TRACE   | query_time, 0.00032637896947562695
2024-05-08 19:17:55 | TRACE   | query_time, 0.0003353420179337263
2024-05-08 19:17:55 | TRACE   | query_time, 0.00043301191180944443
2024-05-08 19:17:55 | TRACE   | query_time, 0.00039130006916821003
2024-05-08 19:17:55 | TRACE   | query_time, 0.00043150107376277447
2024-05-08 19:17:55 | TRACE   | query_time, 0.0004353220574557781
2024-05-08 19:17:55 | TRACE   | query_time, 0.0003332439810037613
2024-05-08 19:17:55 | TRACE   | query_time, 0.00032519688829779625
2024-05-08 19:17:55 | TRACE   | query_time, 0.00039091194048523903
2024-05-08 19:17:55 | TRACE   | query_time, 0.0003258271608501673
2024-05-08 19:17:55 | TRACE   | query_time, 0.0004238272085785866
2024-05-08 19:17:55 | TRACE   | query_time, 0.0003382309805601835
2024-05-08 19:17:55 | TRACE   | query_time, 0.00043366802856326103
2024-05-08 19:17:55 | TRACE   | query_time, 0.0003917438443750143
2024-05-08 19:17:55 | TRACE   | query_time, 0.00033040810376405716
2024-05-08 19:17:55 | TRACE   | query_time, 0.00046934792771935463
2024-05-08 19:17:55 | TRACE   | query_time, 0.00042388984002172947
2024-05-08 19:17:55 | TRACE   | query_time, 0.0004230821505188942
2024-05-08 19:17:55 | TRACE   | query_time, 0.0003248241264373064
2024-05-08 19:17:55 | TRACE   | query_time, 0.0003367678727954626
2024-05-08 19:17:55 | TRACE   | query_time, 0.00033622514456510544
2024-05-08 19:17:55 | TRACE   | query_time, 0.00043095112778246403
2024-05-08 19:17:55 | TRACE   | query_time, 0.0004301981534808874
2024-05-08 19:17:55 | TRACE   | query_time, 0.000342607032507658
2024-05-08 19:17:55 | TRACE   | query_time, 0.00032552494667470455
2024-05-08 19:17:55 | TRACE   | query_time, 0.0003543039783835411
2024-05-08 19:17:55 | TRACE   | query_time, 0.0003250760491937399
2024-05-08 19:17:55 | TRACE   | query_time, 0.00043044984340667725
2024-05-08 19:17:55 | TRACE   | query_time, 0.00036329496651887894
2024-05-08 19:17:55 | TRACE   | query_time, 0.00040384591557085514
2024-05-08 19:17:55 | TRACE   | query_time, 0.0003368370234966278
2024-05-08 19:17:55 | TRACE   | query_time, 0.0004616470541805029
2024-05-08 19:17:55 | TRACE   | query_time, 0.00044086016714572906
2024-05-08 19:17:55 | TRACE   | query_time, 0.00042288796976208687
2024-05-08 19:17:55 | TRACE   | query_time, 0.00032434379681944847
2024-05-08 19:17:55 | TRACE   | query_time, 0.000334765063598752
2024-05-08 19:17:55 | TRACE   | query_time, 0.00032547395676374435
2024-05-08 19:17:55 | TRACE   | query_time, 0.00032698106952011585
2024-05-08 19:17:55 | TRACE   | query_time, 0.00040387106128036976
2024-05-08 19:17:55 | TRACE   | query_time, 0.00046104402281343937
2024-05-08 19:17:55 | TRACE   | query_time, 0.0003273650072515011
2024-05-08 19:17:55 | TRACE   | query_time, 0.0003339899703860283
2024-05-08 19:17:55 | TRACE   | query_time, 0.00033991201780736446
2024-05-08 19:17:55 | TRACE   | query_time, 0.0003253789618611336
2024-05-08 19:17:55 | TRACE   | query_time, 0.0003259561490267515
2024-05-08 19:17:55 | TRACE   | query_time, 0.0003341508563607931
2024-05-08 19:17:55 | TRACE   | query_time, 0.00032563298009335995
2024-05-08 19:17:55 | TRACE   | query_time, 0.00038350909017026424
2024-05-08 19:17:55 | TRACE   | query_time, 0.00033552595414221287
2024-05-08 19:17:55 | TRACE   | query_time, 0.0004309718497097492
2024-05-08 19:17:55 | TRACE   | query_time, 0.0003922858741134405
2024-05-08 19:17:55 | TRACE   | query_time, 0.00033017690293490887
2024-05-08 19:17:55 | TRACE   | query_time, 0.00043278210796415806
2024-05-08 19:17:55 | TRACE   | query_time, 0.0004326910711824894
2024-05-08 19:17:55 | TRACE   | query_time, 0.00033740210346877575
2024-05-08 19:17:55 | TRACE   | query_time, 0.00032508489675819874
2024-05-08 19:17:55 | TRACE   | query_time, 0.0003912830725312233
2024-05-08 19:17:55 | TRACE   | query_time, 0.00032520596869289875
2024-05-08 19:17:55 | TRACE   | query_time, 0.0008894449565559626
2024-05-08 19:17:55 | TRACE   | query_time, 0.0010230408515781164
2024-05-08 19:17:55 | TRACE   | query_time, 0.000864050118252635
2024-05-08 19:17:55 | TRACE   | query_time, 0.0009634988382458687
2024-05-08 19:17:55 | TRACE   | query_time, 0.0009488079231232405
2024-05-08 19:17:55 | TRACE   | query_time, 0.000866294838488102
2024-05-08 19:17:55 | TRACE   | query_time, 0.0009015221148729324
2024-05-08 19:17:55 | TRACE   | query_time, 0.0009691710583865643
2024-05-08 19:17:55 | TRACE   | query_time, 0.0008819869253784418
2024-05-08 19:17:55 | TRACE   | query_time, 0.001048751175403595
2024-05-08 19:17:55 | TRACE   | query_time, 0.0009543688502162695
2024-05-08 19:17:55 | TRACE   | query_time, 0.0008724899962544441
2024-05-08 19:17:55 | TRACE   | query_time, 0.0008850048761814833
2024-05-08 19:17:55 | TRACE   | query_time, 0.000905762193724513
2024-05-08 19:17:55 | TRACE   | query_time, 0.0009569379035383463
2024-05-08 19:17:55 | TRACE   | query_time, 0.0008516509551554918
2024-05-08 19:17:55 | TRACE   | query_time, 0.0008501559495925903
2024-05-08 19:17:55 | TRACE   | query_time, 0.0009356159716844559
2024-05-08 19:17:55 | TRACE   | query_time, 0.0008919418323785067
2024-05-08 19:17:55 | TRACE   | query_time, 0.0009859080892056227
2024-05-08 19:17:55 | TRACE   | query_time, 0.0008956850506365299
2024-05-08 19:17:55 | TRACE   | query_time, 0.0008513350039720535
2024-05-08 19:17:55 | TRACE   | query_time, 0.0009568128734827042
2024-05-08 19:17:55 | TRACE   | query_time, 0.0008636289276182652
2024-05-08 19:17:55 | TRACE   | query_time, 0.0008499668911099434
2024-05-08 19:17:55 | TRACE   | query_time, 0.0008737421594560146
2024-05-08 19:17:55 | TRACE   | query_time, 0.0009511380922049284
2024-05-08 19:17:55 | TRACE   | query_time, 0.0008722210768610239
2024-05-08 19:17:55 | TRACE   | query_time, 0.0008500549010932446
2024-05-08 19:17:55 | TRACE   | query_time, 0.0009565188083797693
2024-05-08 19:17:55 | TRACE   | query_time, 0.0008824949618428946
2024-05-08 19:17:55 | TRACE   | query_time, 0.001019829185679555
2024-05-08 19:17:55 | TRACE   | query_time, 0.0008786448743194342
2024-05-08 19:17:55 | TRACE   | query_time, 0.0008737209718674421
2024-05-08 19:17:55 | TRACE   | query_time, 0.00095131597481668
2024-05-08 19:17:55 | TRACE   | query_time, 0.0008754339069128036
2024-05-08 19:17:55 | TRACE   | query_time, 0.0011159959249198437
2024-05-08 19:17:55 | TRACE   | query_time, 0.0008464090060442686
2024-05-08 19:17:55 | TRACE   | query_time, 0.0008815319743007421
2024-05-08 19:17:55 | TRACE   | query_time, 0.00094639603048563
2024-05-08 19:17:55 | TRACE   | query_time, 0.0008944480214267969
2024-05-08 19:17:55 | TRACE   | query_time, 0.000964227132499218
2024-05-08 19:17:55 | TRACE   | query_time, 0.0009511900134384632
2024-05-08 19:17:55 | TRACE   | query_time, 0.000947561115026474
2024-05-08 19:17:55 | TRACE   | query_time, 0.0008455740753561258
2024-05-08 19:17:55 | TRACE   | query_time, 0.0008897350635379553
2024-05-08 19:17:55 | TRACE   | query_time, 0.0009466251358389854
2024-05-08 19:17:55 | TRACE   | query_time, 0.0008639961015433073
2024-05-08 19:17:55 | TRACE   | query_time, 0.0008707800880074501
2024-05-08 19:17:55 | TRACE   | query_time, 0.0008431479800492525
2024-05-08 19:17:55 | TRACE   | query_time, 0.0009661510121077299
2024-05-08 19:17:55 | TRACE   | query_time, 0.0008423570543527603
2024-05-08 19:17:55 | TRACE   | query_time, 0.0008465279825031757
2024-05-08 19:17:55 | TRACE   | query_time, 0.0009414530359208584
2024-05-08 19:17:55 | TRACE   | query_time, 0.0008976429235190153
2024-05-08 19:17:55 | TRACE   | query_time, 0.000928784953430295
2024-05-08 19:17:55 | TRACE   | query_time, 0.0008428520523011684
2024-05-08 19:17:55 | TRACE   | query_time, 0.0008576198015362024
2024-05-08 19:17:55 | TRACE   | query_time, 0.0008730709087103605
2024-05-08 19:17:55 | TRACE   | query_time, 0.000874724006280303
2024-05-08 19:17:55 | TRACE   | query_time, 0.0008501058910042048
2024-05-08 19:17:55 | TRACE   | query_time, 0.0008564859163016081
2024-05-08 19:17:55 | TRACE   | query_time, 0.0010847009252756834
2024-05-08 19:17:55 | TRACE   | query_time, 0.0009394991211593151
2024-05-08 19:17:55 | TRACE   | query_time, 0.0008408857975155115
2024-05-08 19:17:55 | TRACE   | query_time, 0.0008935411460697651
2024-05-08 19:17:55 | TRACE   | query_time, 0.000943589024245739
2024-05-08 19:17:55 | TRACE   | query_time, 0.0008490621112287045
2024-05-08 19:17:55 | TRACE   | query_time, 0.0008568349294364452
2024-05-08 19:17:55 | TRACE   | query_time, 0.0008397779893130064
2024-05-08 19:17:55 | TRACE   | query_time, 0.000940872123464942
2024-05-08 19:17:55 | TRACE   | query_time, 0.000861393054947257
2024-05-08 19:17:55 | TRACE   | query_time, 0.0008445300627499819
2024-05-08 19:17:55 | TRACE   | query_time, 0.0009435401298105717
2024-05-08 19:17:55 | TRACE   | query_time, 0.0008431440219283104
2024-05-08 19:17:55 | TRACE   | query_time, 0.0008693940471857786
2024-05-08 19:17:55 | TRACE   | query_time, 0.0009465310722589493
2024-05-08 19:17:55 | TRACE   | query_time, 0.0008888780139386654
2024-05-08 19:17:55 | TRACE   | query_time, 0.0008456760551780462
2024-05-08 19:17:55 | TRACE   | query_time, 0.000889158109202981
2024-05-08 19:17:55 | TRACE   | query_time, 0.0009528461378067732
2024-05-08 19:17:55 | TRACE   | query_time, 0.0008746709208935499
2024-05-08 19:17:55 | TRACE   | query_time, 0.001014885026961565
2024-05-08 19:17:55 | TRACE   | query_time, 0.0008637229911983013
2024-05-08 19:17:55 | TRACE   | query_time, 0.0009448609780520201
2024-05-08 19:17:55 | TRACE   | query_time, 0.0008470059838145971
2024-05-08 19:17:55 | TRACE   | query_time, 0.0008744529914110899
2024-05-08 19:17:55 | TRACE   | query_time, 0.0009872210212051868
2024-05-08 19:17:55 | TRACE   | query_time, 0.0008516029920428991
2024-05-08 19:17:55 | TRACE   | query_time, 0.0008692310657352209
2024-05-08 19:17:55 | TRACE   | query_time, 0.0008520530536770821
2024-05-08 19:17:55 | TRACE   | query_time, 0.0009722469840198755
2024-05-08 19:17:55 | TRACE   | query_time, 0.0009493608959019184
2024-05-08 19:17:55 | TRACE   | query_time, 0.0009448491036891937
2024-05-08 19:17:55 | TRACE   | query_time, 0.0008934708312153816
2024-05-08 19:17:55 | TRACE   | query_time, 0.0008622859604656696
2024-05-08 19:17:55 | TRACE   | query_time, 0.0009479541331529617
2024-05-08 19:17:55 | TRACE   | query_time, 0.000859288964420557
2024-05-08 19:17:55 | TRACE   | query_time, 0.0008719349279999733
2024-05-08 19:17:55 | TRACE   | query_time, 0.0009252110030502081
2024-05-08 19:17:55 | TRACE   | query_time, 0.0008777789771556854
2024-05-08 19:17:55 | TRACE   | query_time, 0.0008605178445577621
2024-05-08 19:17:55 | TRACE   | query_time, 0.0008480548858642578
2024-05-08 19:17:55 | TRACE   | query_time, 0.000872122822329402
2024-05-08 19:17:55 | TRACE   | query_time, 0.0009312890470027924
2024-05-08 19:17:55 | TRACE   | query_time, 0.0008743968792259693
2024-05-08 19:17:55 | TRACE   | query_time, 0.0009541700128465891
2024-05-08 19:17:55 | TRACE   | query_time, 0.0008738539181649685
2024-05-08 19:17:55 | TRACE   | query_time, 0.0010170659516006708
2024-05-08 19:17:55 | TRACE   | query_time, 0.0008724599611014128
2024-05-08 19:17:55 | TRACE   | query_time, 0.0009382450953125954
2024-05-08 19:17:55 | TRACE   | query_time, 0.0008494530338793993
2024-05-08 19:17:55 | TRACE   | query_time, 0.000967836007475853
2024-05-08 19:17:55 | TRACE   | query_time, 0.0009021570440381765
2024-05-08 19:17:55 | TRACE   | query_time, 0.001086783828213811
2024-05-08 19:17:55 | TRACE   | query_time, 0.000933478819206357
2024-05-08 19:17:55 | TRACE   | query_time, 0.0008482490666210651
2024-05-08 19:17:55 | TRACE   | query_time, 0.0008939779363572598
2024-05-08 19:17:55 | TRACE   | query_time, 0.0009448758792132139
2024-05-08 19:17:55 | TRACE   | query_time, 0.0009488589130342007
2024-05-08 19:17:55 | TRACE   | query_time, 0.0008644890040159225
2024-05-08 19:17:55 | TRACE   | query_time, 0.0009133701678365469
2024-05-08 19:17:55 | TRACE   | query_time, 0.0009486819617450237
2024-05-08 19:17:55 | TRACE   | query_time, 0.0009514570701867342
2024-05-08 19:17:55 | TRACE   | query_time, 0.0011411849409341812
2024-05-08 19:17:55 | TRACE   | query_time, 0.0011309660039842129
2024-05-08 19:17:55 | TRACE   | query_time, 0.0011218879371881485
2024-05-08 19:17:55 | TRACE   | query_time, 0.0011132131330668926
2024-05-08 19:17:55 | TRACE   | query_time, 0.0011172709055244923
2024-05-08 19:17:55 | TRACE   | query_time, 0.00117341591976583
2024-05-08 19:17:55 | TRACE   | query_time, 0.0011079208925366402
2024-05-08 19:17:55 | TRACE   | query_time, 0.00129852001555264
2024-05-08 19:17:55 | TRACE   | query_time, 0.0011120520066469908
2024-05-08 19:17:55 | TRACE   | query_time, 0.0011749689001590014
2024-05-08 19:17:55 | TRACE   | query_time, 0.0011675029527395964
2024-05-08 19:17:55 | TRACE   | query_time, 0.0011359008494764566
2024-05-08 19:17:55 | TRACE   | query_time, 0.0011761728674173355
2024-05-08 19:17:55 | TRACE   | query_time, 0.0011210651136934757
2024-05-08 19:17:55 | TRACE   | query_time, 0.0011587548069655895
2024-05-08 19:17:55 | TRACE   | query_time, 0.0011790150310844183
2024-05-08 19:17:55 | TRACE   | query_time, 0.0011373520828783512
2024-05-08 19:17:55 | TRACE   | query_time, 0.004128264961764216
2024-05-08 19:17:55 | TRACE   | query_time, 0.0011197531130164862
2024-05-08 19:17:55 | TRACE   | query_time, 0.0011107230093330145
2024-05-08 19:17:55 | TRACE   | query_time, 0.0011727449018508196
2024-05-08 19:17:55 | TRACE   | query_time, 0.001134935999289155
2024-05-08 19:17:55 | TRACE   | query_time, 0.0011349469423294067
2024-05-08 19:17:55 | TRACE   | query_time, 0.001197109930217266
2024-05-08 19:17:55 | TRACE   | query_time, 0.0012361560948193073
2024-05-08 19:17:55 | TRACE   | query_time, 0.0011205628979951143
2024-05-08 19:17:55 | TRACE   | query_time, 0.0011062121484428644
2024-05-08 19:17:55 | TRACE   | query_time, 0.0011078491806983948
2024-05-08 19:17:55 | TRACE   | query_time, 0.0012828779872506857
2024-05-08 19:17:55 | TRACE   | query_time, 0.0010910730343312025
2024-05-08 19:17:55 | TRACE   | query_time, 0.001169505063444376
2024-05-08 19:17:55 | TRACE   | query_time, 0.0010888760443776846
2024-05-08 19:17:55 | TRACE   | query_time, 0.0011331599671393633
2024-05-08 19:17:55 | TRACE   | query_time, 0.0010957650374621153
2024-05-08 19:17:55 | TRACE   | query_time, 0.0011725800577551126
2024-05-08 19:17:55 | TRACE   | query_time, 0.0011164229363203049
2024-05-08 19:17:55 | TRACE   | query_time, 0.0011415458284318447
2024-05-08 19:17:55 | TRACE   | query_time, 0.0010953079909086227
2024-05-08 19:17:55 | TRACE   | query_time, 0.0011282248888164759
2024-05-08 19:17:55 | TRACE   | query_time, 0.0011298521421849728
2024-05-08 19:17:55 | TRACE   | query_time, 0.0011678840965032578
2024-05-08 19:17:55 | TRACE   | query_time, 0.0012252428568899632
2024-05-08 19:17:55 | TRACE   | query_time, 0.0011170899961143732
2024-05-08 19:17:55 | TRACE   | query_time, 0.0011666570790112019
2024-05-08 19:17:55 | TRACE   | query_time, 0.001213995972648263
2024-05-08 19:17:55 | TRACE   | query_time, 0.001279517076909542
2024-05-08 19:17:55 | TRACE   | query_time, 0.0011186590418219566
2024-05-08 19:17:55 | TRACE   | query_time, 0.0011607320047914982
2024-05-08 19:17:55 | TRACE   | query_time, 0.001133133890107274
2024-05-08 19:17:55 | TRACE   | query_time, 0.0011945799924433231
2024-05-08 19:17:55 | TRACE   | query_time, 0.001170014962553978
2024-05-08 19:17:55 | TRACE   | query_time, 0.0011333550792187452
2024-05-08 19:17:55 | TRACE   | query_time, 0.0011837531346827745
2024-05-08 19:17:55 | TRACE   | query_time, 0.0011276490986347198
2024-05-08 19:17:55 | TRACE   | query_time, 0.0011160001158714294
2024-05-08 19:17:55 | TRACE   | query_time, 0.001108282944187522
2024-05-08 19:17:55 | TRACE   | query_time, 0.0011820858344435692
2024-05-08 19:17:55 | TRACE   | query_time, 0.0010866918601095676
2024-05-08 19:17:55 | TRACE   | query_time, 0.001111465971916914
2024-05-08 19:17:55 | TRACE   | query_time, 0.0011126461904495955
2024-05-08 19:17:55 | TRACE   | query_time, 0.001160777872428298
2024-05-08 19:17:55 | TRACE   | query_time, 0.001131479861214757
2024-05-08 19:17:55 | TRACE   | query_time, 0.0012220609933137894
2024-05-08 19:17:55 | TRACE   | query_time, 0.0011173179373145103
2024-05-08 19:17:55 | TRACE   | query_time, 0.0011743910145014524
2024-05-08 19:17:55 | TRACE   | query_time, 0.0011148920748382807
2024-05-08 19:17:55 | TRACE   | query_time, 0.001196885947138071
2024-05-08 19:17:55 | TRACE   | query_time, 0.0012785270810127258
2024-05-08 19:17:55 | TRACE   | query_time, 0.0010875759180635214
2024-05-08 19:17:55 | TRACE   | query_time, 0.0011104249861091375
2024-05-08 19:17:55 | TRACE   | query_time, 0.0011682009790092707
2024-05-08 19:17:55 | TRACE   | query_time, 0.0011682449840009212
2024-05-08 19:17:55 | TRACE   | query_time, 0.0011292269919067621
2024-05-08 19:17:55 | TRACE   | query_time, 0.0011943560093641281
2024-05-08 19:17:55 | TRACE   | query_time, 0.0011662908364087343
2024-05-08 19:17:55 | TRACE   | query_time, 0.001172408927232027
2024-05-08 19:17:55 | TRACE   | query_time, 0.0011054370552301407
2024-05-08 19:17:55 | TRACE   | query_time, 0.001171058975160122
2024-05-08 19:17:55 | TRACE   | query_time, 0.0011170071084052324
2024-05-08 19:17:55 | TRACE   | query_time, 0.001086777076125145
2024-05-08 19:17:55 | TRACE   | query_time, 0.0010927210096269846
2024-05-08 19:17:55 | TRACE   | query_time, 0.0012236039619892836
2024-05-08 19:17:55 | TRACE   | query_time, 0.0011196441482752562
2024-05-08 19:17:55 | TRACE   | query_time, 0.0011164790485054255
2024-05-08 19:17:55 | TRACE   | query_time, 0.0011724969372153282
2024-05-08 19:17:55 | TRACE   | query_time, 0.001086133997887373
2024-05-08 19:17:55 | TRACE   | query_time, 0.0010994970798492432
2024-05-08 19:17:55 | TRACE   | query_time, 0.0011036689393222332
2024-05-08 19:17:55 | TRACE   | query_time, 0.0011973620858043432
2024-05-08 19:17:55 | TRACE   | query_time, 0.0011157148983329535
2024-05-08 19:17:55 | TRACE   | query_time, 0.001187358982861042
2024-05-08 19:17:55 | TRACE   | query_time, 0.0011681560426950455
2024-05-08 19:17:55 | TRACE   | query_time, 0.0011273401323705912
2024-05-08 19:17:55 | TRACE   | query_time, 0.0011076480150222778
2024-05-08 19:17:55 | TRACE   | query_time, 0.0011450368911027908
2024-05-08 19:17:55 | TRACE   | query_time, 0.0011177619453519583
2024-05-08 19:17:55 | TRACE   | query_time, 0.001101647038012743
2024-05-08 19:17:55 | TRACE   | query_time, 0.0010790799278765917
2024-05-08 19:17:55 | TRACE   | query_time, 0.0012021129950881004
2024-05-08 19:17:55 | TRACE   | query_time, 0.001161983935162425
2024-05-08 19:17:55 | TRACE   | query_time, 0.0011364768724888563
2024-05-08 19:17:55 | TRACE   | query_time, 0.0011290980037301779
2024-05-08 19:17:55 | TRACE   | query_time, 0.001179886981844902
2024-05-08 19:17:55 | TRACE   | query_time, 0.0011137749534100294
2024-05-08 19:17:55 | TRACE   | query_time, 0.0012223799712955952
2024-05-08 19:17:55 | TRACE   | query_time, 0.0011046030558645725
2024-05-08 19:17:55 | TRACE   | query_time, 0.0011016239877790213
2024-05-08 19:17:55 | TRACE   | query_time, 0.0011045741848647594
2024-05-08 19:17:55 | TRACE   | query_time, 0.001117166131734848
2024-05-08 19:17:55 | TRACE   | query_time, 0.0011909969616681337
2024-05-08 19:17:55 | TRACE   | query_time, 0.0012723568361252546
2024-05-08 19:17:55 | TRACE   | query_time, 0.0010918951593339443
2024-05-08 19:17:55 | TRACE   | query_time, 0.0011664978228509426
2024-05-08 19:17:55 | TRACE   | query_time, 0.0011242260225117207
2024-05-08 19:17:55 | TRACE   | query_time, 0.001168529037386179
2024-05-08 19:17:55 | TRACE   | query_time, 0.0010880311019718647
2024-05-08 19:17:55 | TRACE   | query_time, 0.0011046789586544037
2024-05-08 19:17:55 | TRACE   | query_time, 0.0011474131606519222
2024-05-08 19:17:55 | TRACE   | query_time, 0.0010824732016772032
2024-05-08 19:17:55 | TRACE   | query_time, 0.001165921799838543
2024-05-08 19:17:55 | TRACE   | query_time, 0.001118148909881711
2024-05-08 19:17:55 | TRACE   | query_time, 0.0011363979429006577
2024-05-08 19:17:55 | TRACE   | query_time, 0.0010897491592913866
2024-05-08 19:17:55 | TRACE   | query_time, 0.0012056080158799887
2024-05-08 19:17:55 | TRACE   | query_time, 0.0011000880040228367
2024-05-08 19:17:55 | TRACE   | query_time, 0.0011151439975947142
2024-05-08 19:17:55 | TRACE   | query_time, 0.0011623359750956297
2024-05-08 19:17:55 | TRACE   | query_time, 0.0010928399860858917
2024-05-08 19:17:55 | TRACE   | query_time, 0.001129108015447855
2024-05-08 19:17:55 | TRACE   | query_time, 0.001178096979856491
2024-05-08 19:17:55 | TRACE   | query_time, 0.0012319809757173061
2024-05-08 19:17:55 | TRACE   | query_time, 0.0011064528953284025
2024-05-08 19:17:55 | TRACE   | query_time, 0.0011158499401062727
2024-05-08 19:17:55 | TRACE   | query_time, 0.0011713779531419277
2024-05-08 19:17:55 | TRACE   | query_time, 0.0011138229165226221
