2024-02-14 10:34:40 | DEBUG   | {'input': PosixPath('data/open_data_usa/indices/microbenchmarks/rebinning-k850.zst'), 'input_type': 'index', 'queries': PosixPath('data/open_data_usa/queries/microbenchmarks.zst'), 'estimation_mode': None, 'index_mode': 'recall', 'output': None, 'workers': None, 'frequency_hists': False, 'suppress_results': True, 'log_level': 'INFO', 'log_file': PosixPath('logs/microbenchmarks/runtime/open_data_usa-rebinning-k850-single_suppressed-1.log')}
2024-02-14 10:34:40 | DEBUG   | Loading input data from data/open_data_usa/indices/microbenchmarks/rebinning-k850.zst
2024-02-14 10:34:40 | DEBUG   | Loading queries from data/open_data_usa/queries/microbenchmarks.zst
2024-02-14 10:34:40 | TRACE   | bootstrap_time, 0.11733830627053976
2024-02-14 10:34:40 | DEBUG   | Starting execution
2024-02-14 10:34:40 | TRACE   | query_time, 0.0014866539277136326
2024-02-14 10:34:40 | TRACE   | query_time, 0.0010222210548818111
2024-02-14 10:34:40 | TRACE   | query_time, 0.0009915181435644627
2024-02-14 10:34:40 | TRACE   | query_time, 0.0009605837985873222
2024-02-14 10:34:40 | TRACE   | query_time, 0.0009282771497964859
2024-02-14 10:34:40 | TRACE   | query_time, 0.0009416881948709488
2024-02-14 10:34:40 | TRACE   | query_time, 0.001218997873365879
2024-02-14 10:34:40 | TRACE   | query_time, 0.0009905300103127956
2024-02-14 10:34:40 | TRACE   | query_time, 0.0009168358519673347
2024-02-14 10:34:40 | TRACE   | query_time, 0.0010408079251646996
2024-02-14 10:34:40 | TRACE   | query_time, 0.000953333918005228
2024-02-14 10:34:40 | TRACE   | query_time, 0.0009564780630171299
2024-02-14 10:34:40 | TRACE   | query_time, 0.0009451638907194138
2024-02-14 10:34:40 | TRACE   | query_time, 0.000978255644440651
2024-02-14 10:34:40 | TRACE   | query_time, 0.0009507536888122559
2024-02-14 10:34:40 | TRACE   | query_time, 0.0009188028052449226
2024-02-14 10:34:40 | TRACE   | query_time, 0.0009471983648836613
2024-02-14 10:34:40 | TRACE   | query_time, 0.0009448900818824768
2024-02-14 10:34:40 | TRACE   | query_time, 0.0009643719531595707
2024-02-14 10:34:40 | TRACE   | query_time, 0.0009772339835762978
2024-02-14 10:34:40 | TRACE   | query_time, 0.0011247806251049042
2024-02-14 10:34:40 | TRACE   | query_time, 0.0009471811354160309
2024-02-14 10:34:40 | TRACE   | query_time, 0.0009898538701236248
2024-02-14 10:34:40 | TRACE   | query_time, 0.0009464789181947708
2024-02-14 10:34:40 | TRACE   | query_time, 0.0009124851785600185
2024-02-14 10:34:40 | TRACE   | query_time, 0.000972808338701725
2024-02-14 10:34:40 | TRACE   | query_time, 0.0009516612626612186
2024-02-14 10:34:41 | TRACE   | query_time, 0.0010372367687523365
2024-02-14 10:34:41 | TRACE   | query_time, 0.0009416858665645123
2024-02-14 10:34:41 | TRACE   | query_time, 0.0009244140237569809
2024-02-14 10:34:41 | TRACE   | query_time, 0.0011854157783091068
2024-02-14 10:34:41 | TRACE   | query_time, 0.0009766509756445885
2024-02-14 10:34:41 | TRACE   | query_time, 0.0009758071973919868
2024-02-14 10:34:41 | TRACE   | query_time, 0.0009618885815143585
2024-02-14 10:34:41 | TRACE   | query_time, 0.0009771189652383327
2024-02-14 10:34:41 | TRACE   | query_time, 0.0009463177993893623
2024-02-14 10:34:41 | TRACE   | query_time, 0.0009131431579589844
2024-02-14 10:34:41 | TRACE   | query_time, 0.0011918037198483944
2024-02-14 10:34:41 | TRACE   | query_time, 0.0009709270671010017
2024-02-14 10:34:41 | TRACE   | query_time, 0.0011296989396214485
2024-02-14 10:34:41 | TRACE   | query_time, 0.0009798253886401653
2024-02-14 10:34:41 | TRACE   | query_time, 0.0011524520814418793
2024-02-14 10:34:41 | TRACE   | query_time, 0.0009823460131883621
2024-02-14 10:34:41 | TRACE   | query_time, 0.001121175941079855
2024-02-14 10:34:41 | TRACE   | query_time, 0.0009697470813989639
2024-02-14 10:34:41 | TRACE   | query_time, 0.0009705112315714359
2024-02-14 10:34:41 | TRACE   | query_time, 0.0009788069874048233
2024-02-14 10:34:41 | TRACE   | query_time, 0.0010486482642591
2024-02-14 10:34:41 | TRACE   | query_time, 0.0009438162669539452
2024-02-14 10:34:41 | TRACE   | query_time, 0.0009403140284121037
2024-02-14 10:34:41 | TRACE   | query_time, 0.001214614138007164
2024-02-14 10:34:41 | TRACE   | query_time, 0.0009698020294308662
2024-02-14 10:34:41 | TRACE   | query_time, 0.001184738241136074
2024-02-14 10:34:41 | TRACE   | query_time, 0.0009474428370594978
2024-02-14 10:34:41 | TRACE   | query_time, 0.0009576911106705666
2024-02-14 10:34:41 | TRACE   | query_time, 0.001133783720433712
2024-02-14 10:34:41 | TRACE   | query_time, 0.0009456728585064411
2024-02-14 10:34:41 | TRACE   | query_time, 0.0009208288975059986
2024-02-14 10:34:41 | TRACE   | query_time, 0.0009892522357404232
2024-02-14 10:34:41 | TRACE   | query_time, 0.0009181960485875607
2024-02-14 10:34:41 | TRACE   | query_time, 0.0009489250369369984
2024-02-14 10:34:41 | TRACE   | query_time, 0.0009421063587069511
2024-02-14 10:34:41 | TRACE   | query_time, 0.0012231310829520226
2024-02-14 10:34:41 | TRACE   | query_time, 0.0009440467692911625
2024-02-14 10:34:41 | TRACE   | query_time, 0.0009468910284340382
2024-02-14 10:34:41 | TRACE   | query_time, 0.0009505702182650566
2024-02-14 10:34:41 | TRACE   | query_time, 0.000940229743719101
2024-02-14 10:34:41 | TRACE   | query_time, 0.0009428770281374454
2024-02-14 10:34:41 | TRACE   | query_time, 0.0009155692532658577
2024-02-14 10:34:41 | TRACE   | query_time, 0.0009672078303992748
2024-02-14 10:34:41 | TRACE   | query_time, 0.0009447699412703514
2024-02-14 10:34:41 | TRACE   | query_time, 0.000919572077691555
2024-02-14 10:34:41 | TRACE   | query_time, 0.0009436639957129955
2024-02-14 10:34:41 | TRACE   | query_time, 0.0009849611669778824
2024-02-14 10:34:41 | TRACE   | query_time, 0.0011239596642553806
2024-02-14 10:34:41 | TRACE   | query_time, 0.0009683822281658649
2024-02-14 10:34:41 | TRACE   | query_time, 0.0009455503895878792
2024-02-14 10:34:41 | TRACE   | query_time, 0.0009795082733035088
2024-02-14 10:34:41 | TRACE   | query_time, 0.0009439410641789436
2024-02-14 10:34:41 | TRACE   | query_time, 0.0009480263106524944
2024-02-14 10:34:41 | TRACE   | query_time, 0.00098048010841012
2024-02-14 10:34:41 | TRACE   | query_time, 0.0009429492056369781
2024-02-14 10:34:41 | TRACE   | query_time, 0.0009432081133127213
2024-02-14 10:34:41 | TRACE   | query_time, 0.0011817850172519684
2024-02-14 10:34:41 | TRACE   | query_time, 0.0009493399411439896
2024-02-14 10:34:41 | TRACE   | query_time, 0.0010390570387244225
2024-02-14 10:34:41 | TRACE   | query_time, 0.0009754206985235214
2024-02-14 10:34:41 | TRACE   | query_time, 0.0009401501156389713
2024-02-14 10:34:41 | TRACE   | query_time, 0.0009848331101238728
2024-02-14 10:34:41 | TRACE   | query_time, 0.000937954057008028
2024-02-14 10:34:41 | TRACE   | query_time, 0.0011932570487260818
2024-02-14 10:34:41 | TRACE   | query_time, 0.0009540407918393612
2024-02-14 10:34:41 | TRACE   | query_time, 0.0009391489438712597
2024-02-14 10:34:41 | TRACE   | query_time, 0.0009729228913784027
2024-02-14 10:34:41 | TRACE   | query_time, 0.0009479471482336521
2024-02-14 10:34:41 | TRACE   | query_time, 0.0009492728859186172
2024-02-14 10:34:41 | TRACE   | query_time, 0.0009475629776716232
2024-02-14 10:34:41 | TRACE   | query_time, 0.0009133652783930302
2024-02-14 10:34:41 | TRACE   | query_time, 0.0009458628483116627
2024-02-14 10:34:41 | TRACE   | query_time, 0.0009224279783666134
2024-02-14 10:34:41 | TRACE   | query_time, 0.0011701341718435287
2024-02-14 10:34:41 | TRACE   | query_time, 0.001027585007250309
2024-02-14 10:34:41 | TRACE   | query_time, 0.0009808959439396858
2024-02-14 10:34:41 | TRACE   | query_time, 0.0009452952072024345
2024-02-14 10:34:41 | TRACE   | query_time, 0.0009488449431955814
2024-02-14 10:34:41 | TRACE   | query_time, 0.0009480621665716171
2024-02-14 10:34:41 | TRACE   | query_time, 0.0009601009078323841
2024-02-14 10:34:41 | TRACE   | query_time, 0.000978302676230669
2024-02-14 10:34:41 | TRACE   | query_time, 0.0009246300905942917
2024-02-14 10:34:41 | TRACE   | query_time, 0.0009459112770855427
2024-02-14 10:34:41 | TRACE   | query_time, 0.000918789766728878
2024-02-14 10:34:41 | TRACE   | query_time, 0.0009367442689836025
2024-02-14 10:34:41 | TRACE   | query_time, 0.001179204322397709
2024-02-14 10:34:41 | TRACE   | query_time, 0.0009785611182451248
2024-02-14 10:34:41 | TRACE   | query_time, 0.0009468821808695793
2024-02-14 10:34:41 | TRACE   | query_time, 0.0011263489723205566
2024-02-14 10:34:41 | TRACE   | query_time, 0.001161057036370039
2024-02-14 10:34:41 | TRACE   | query_time, 0.000922142993658781
2024-02-14 10:34:41 | TRACE   | query_time, 0.0009739808738231659
2024-02-14 10:34:41 | TRACE   | query_time, 0.0011705760844051838
2024-02-14 10:34:41 | TRACE   | query_time, 0.0009464309550821781
2024-02-14 10:34:41 | TRACE   | query_time, 0.0009478721767663956
2024-02-14 10:34:41 | TRACE   | query_time, 0.0010224110446870327
2024-02-14 10:34:41 | TRACE   | query_time, 0.0009693969041109085
2024-02-14 10:34:41 | TRACE   | query_time, 0.0009817220270633698
2024-02-14 10:34:41 | TRACE   | query_time, 0.0009443080052733421
2024-02-14 10:34:41 | TRACE   | query_time, 0.0009442479349672794
2024-02-14 10:34:41 | TRACE   | query_time, 0.0009115580469369888
2024-02-14 10:34:41 | TRACE   | query_time, 0.0009180828928947449
2024-02-14 10:34:41 | TRACE   | query_time, 0.0010349000804126263
2024-02-14 10:34:41 | TRACE   | query_time, 0.0009790100157260895
2024-02-14 10:34:41 | TRACE   | query_time, 0.0009427727200090885
2024-02-14 10:34:41 | TRACE   | query_time, 0.0009205280803143978
2024-02-14 10:34:41 | TRACE   | query_time, 0.0009666457772254944
2024-02-14 10:34:41 | TRACE   | query_time, 0.0009802593849599361
2024-02-14 10:34:41 | TRACE   | query_time, 0.001189344096928835
2024-02-14 10:34:41 | TRACE   | query_time, 0.0009424379095435143
2024-02-14 10:34:41 | TRACE   | query_time, 0.0009770570322871208
2024-02-14 10:34:41 | TRACE   | query_time, 0.0009732530452311039
2024-02-14 10:34:41 | TRACE   | query_time, 0.0011328589171171188
2024-02-14 10:34:41 | TRACE   | query_time, 0.0009433622471988201
2024-02-14 10:34:41 | TRACE   | query_time, 0.0009141000919044018
2024-02-14 10:34:41 | TRACE   | query_time, 0.0009708148427307606
2024-02-14 10:34:41 | TRACE   | query_time, 0.0009519960731267929
2024-02-14 10:34:41 | TRACE   | query_time, 0.0011618691496551037
2024-02-14 10:34:41 | TRACE   | query_time, 0.0009720670059323311
2024-02-14 10:34:41 | TRACE   | query_time, 0.0011781607754528522
2024-02-14 10:34:41 | TRACE   | query_time, 0.0009430497884750366
2024-02-14 10:34:41 | TRACE   | query_time, 0.000944764818996191
2024-02-14 10:34:41 | TRACE   | query_time, 0.0009140567854046822
2024-02-14 10:34:41 | TRACE   | query_time, 0.0011896169744431973
2024-02-14 10:34:41 | TRACE   | query_time, 0.0012049856595695019
2024-02-14 10:34:41 | TRACE   | query_time, 0.0009459508582949638
2024-02-14 10:34:41 | TRACE   | query_time, 0.0009748092852532864
2024-02-14 10:34:41 | TRACE   | query_time, 0.0009452858939766884
2024-02-14 10:34:41 | TRACE   | query_time, 0.0009768218733370304
2024-02-14 10:34:41 | TRACE   | query_time, 0.0009389771148562431
2024-02-14 10:34:41 | TRACE   | query_time, 0.0011366968974471092
2024-02-14 10:34:41 | TRACE   | query_time, 0.0009822510182857513
2024-02-14 10:34:41 | TRACE   | query_time, 0.0009543690830469131
2024-02-14 10:34:41 | TRACE   | query_time, 0.000919099897146225
2024-02-14 10:34:41 | TRACE   | query_time, 0.001167053822427988
2024-02-14 10:34:41 | TRACE   | query_time, 0.0009782048873603344
2024-02-14 10:34:41 | TRACE   | query_time, 0.0012081987224519253
2024-02-14 10:34:41 | TRACE   | query_time, 0.0009498740546405315
2024-02-14 10:34:41 | TRACE   | query_time, 0.001039051916450262
2024-02-14 10:34:41 | TRACE   | query_time, 0.000982239842414856
2024-02-14 10:34:41 | TRACE   | query_time, 0.0009510177187621593
2024-02-14 10:34:41 | TRACE   | query_time, 0.0009546959772706032
2024-02-14 10:34:41 | TRACE   | query_time, 0.0011854860931634903
2024-02-14 10:34:41 | TRACE   | query_time, 0.0009474772959947586
2024-02-14 10:34:41 | TRACE   | query_time, 0.0009776530787348747
2024-02-14 10:34:41 | TRACE   | query_time, 0.0009160279296338558
2024-02-14 10:34:41 | TRACE   | query_time, 0.0010415362194180489
2024-02-14 10:34:41 | TRACE   | query_time, 0.0009788107126951218
2024-02-14 10:34:41 | TRACE   | query_time, 0.0009388253092765808
2024-02-14 10:34:41 | TRACE   | query_time, 0.0009473580867052078
2024-02-14 10:34:41 | TRACE   | query_time, 0.0009574978612363338
2024-02-14 10:34:41 | TRACE   | query_time, 0.0009446060284972191
2024-02-14 10:34:41 | TRACE   | query_time, 0.0009869937784969807
2024-02-14 10:34:41 | TRACE   | query_time, 0.0009752348996698856
2024-02-14 10:34:41 | TRACE   | query_time, 0.0009412970393896103
2024-02-14 10:34:41 | TRACE   | query_time, 0.001134631223976612
2024-02-14 10:34:41 | TRACE   | query_time, 0.0009628329426050186
2024-02-14 10:34:41 | TRACE   | query_time, 0.0009151552803814411
2024-02-14 10:34:41 | TRACE   | query_time, 0.0009533422999083996
2024-02-14 10:34:41 | TRACE   | query_time, 0.0011712908744812012
2024-02-14 10:34:41 | TRACE   | query_time, 0.0009492388926446438
2024-02-14 10:34:41 | TRACE   | query_time, 0.0009685908444225788
2024-02-14 10:34:41 | TRACE   | query_time, 0.000981378834694624
2024-02-14 10:34:41 | TRACE   | query_time, 0.001182574313133955
2024-02-14 10:34:41 | TRACE   | query_time, 0.0009489767253398895
2024-02-14 10:34:41 | TRACE   | query_time, 0.0009482540190219879
2024-02-14 10:34:41 | TRACE   | query_time, 0.0009163306094706059
2024-02-14 10:34:41 | TRACE   | query_time, 0.0009495350532233715
2024-02-14 10:34:41 | TRACE   | query_time, 0.0012081759050488472
2024-02-14 10:34:41 | TRACE   | query_time, 0.0009164721705019474
2024-02-14 10:34:41 | TRACE   | query_time, 0.0009815380908548832
2024-02-14 10:34:41 | TRACE   | query_time, 0.000919559970498085
2024-02-14 10:34:41 | TRACE   | query_time, 0.0009521050378680229
2024-02-14 10:34:41 | TRACE   | query_time, 0.0009464137256145477
2024-02-14 10:34:41 | TRACE   | query_time, 0.0011308873072266579
2024-02-14 10:34:41 | TRACE   | query_time, 0.0009762952104210854
2024-02-14 10:34:41 | TRACE   | query_time, 0.0009797746315598488
2024-02-14 10:34:41 | TRACE   | query_time, 0.0009431871585547924
2024-02-14 10:34:41 | TRACE   | query_time, 0.001170446164906025
2024-02-14 10:34:41 | TRACE   | query_time, 0.0009719538502395153
2024-02-14 10:34:41 | TRACE   | query_time, 0.0011207177303731441
2024-02-14 10:34:41 | TRACE   | query_time, 0.0009241374209523201
2024-02-14 10:34:41 | TRACE   | query_time, 0.000976277980953455
2024-02-14 10:34:41 | TRACE   | query_time, 0.0011717742308974266
2024-02-14 10:34:41 | TRACE   | query_time, 0.001034643966704607
2024-02-14 10:34:41 | TRACE   | query_time, 0.000984184443950653
2024-02-14 10:34:41 | TRACE   | query_time, 0.0009515169076621532
2024-02-14 10:34:41 | TRACE   | query_time, 0.000922142993658781
2024-02-14 10:34:41 | TRACE   | query_time, 0.000950890127569437
2024-02-14 10:34:41 | TRACE   | query_time, 0.00120087293908
2024-02-14 10:34:41 | TRACE   | query_time, 0.0009818370454013348
2024-02-14 10:34:41 | TRACE   | query_time, 0.0010439902544021606
2024-02-14 10:34:41 | TRACE   | query_time, 0.0009608762338757515
2024-02-14 10:34:41 | TRACE   | query_time, 0.0009137419983744621
2024-02-14 10:34:41 | TRACE   | query_time, 0.000943274237215519
2024-02-14 10:34:41 | TRACE   | query_time, 0.0009737429209053516
2024-02-14 10:34:41 | TRACE   | query_time, 0.0009224638342857361
2024-02-14 10:34:41 | TRACE   | query_time, 0.001187764573842287
2024-02-14 10:34:41 | TRACE   | query_time, 0.0009435880929231644
2024-02-14 10:34:41 | TRACE   | query_time, 0.0009768931195139885
2024-02-14 10:34:41 | TRACE   | query_time, 0.0009760190732777119
2024-02-14 10:34:41 | TRACE   | query_time, 0.0009787729941308498
2024-02-14 10:34:41 | TRACE   | query_time, 0.0009430283680558205
2024-02-14 10:34:41 | TRACE   | query_time, 0.0011332151480019093
2024-02-14 10:34:41 | TRACE   | query_time, 0.0009530256502330303
2024-02-14 10:34:41 | TRACE   | query_time, 0.00113669503480196
2024-02-14 10:34:41 | TRACE   | query_time, 0.0009520277380943298
2024-02-14 10:34:41 | TRACE   | query_time, 0.0011695371940732002
2024-02-14 10:34:41 | TRACE   | query_time, 0.0009493459947407246
2024-02-14 10:34:41 | TRACE   | query_time, 0.0009128102101385593
2024-02-14 10:34:41 | TRACE   | query_time, 0.0009795366786420345
2024-02-14 10:34:41 | TRACE   | query_time, 0.000964330043643713
2024-02-14 10:34:41 | TRACE   | query_time, 0.0009901467710733414
2024-02-14 10:34:41 | TRACE   | query_time, 0.0009523672051727772
2024-02-14 10:34:41 | TRACE   | query_time, 0.0009860568679869175
2024-02-14 10:34:41 | TRACE   | query_time, 0.0009500975720584393
2024-02-14 10:34:41 | TRACE   | query_time, 0.0009519327431917191
2024-02-14 10:34:41 | TRACE   | query_time, 0.0011917431838810444
2024-02-14 10:34:41 | TRACE   | query_time, 0.0009509632363915443
2024-02-14 10:34:41 | TRACE   | query_time, 0.0009848568588495255
2024-02-14 10:34:41 | TRACE   | query_time, 0.0009453780949115753
2024-02-14 10:34:41 | TRACE   | query_time, 0.00095362588763237
2024-02-14 10:34:41 | TRACE   | query_time, 0.0009484710171818733
2024-02-14 10:34:41 | TRACE   | query_time, 0.0009174449369311333
2024-02-14 10:34:41 | TRACE   | query_time, 0.0009543150663375854
2024-02-14 10:34:41 | TRACE   | query_time, 0.0009314492344856262
2024-02-14 10:34:41 | TRACE   | query_time, 0.0009484388865530491
2024-02-14 10:34:41 | TRACE   | query_time, 0.0009794640354812145
2024-02-14 10:34:41 | TRACE   | query_time, 0.0011790292337536812
2024-02-14 10:34:41 | TRACE   | query_time, 0.0009497320279479027
2024-02-14 10:34:41 | TRACE   | query_time, 0.0009487532079219818
2024-02-14 10:34:41 | TRACE   | query_time, 0.0009712348692119122
2024-02-14 10:34:41 | TRACE   | query_time, 0.0009639537893235683
2024-02-14 10:34:41 | TRACE   | query_time, 0.00118362158536911
2024-02-14 10:34:41 | TRACE   | query_time, 0.0009767040610313416
2024-02-14 10:34:41 | TRACE   | query_time, 0.0010280427522957325
2024-02-14 10:34:41 | TRACE   | query_time, 0.000964803621172905
2024-02-14 10:34:41 | TRACE   | query_time, 0.0009559690952301025
2024-02-14 10:34:41 | TRACE   | query_time, 0.0009758151136338711
2024-02-14 10:34:41 | TRACE   | query_time, 0.0011879289522767067
2024-02-14 10:34:41 | TRACE   | query_time, 0.0011319434270262718
2024-02-14 10:34:41 | TRACE   | query_time, 0.0009756190702319145
2024-02-14 10:34:41 | TRACE   | query_time, 0.0009481660090386868
2024-02-14 10:34:41 | TRACE   | query_time, 0.0009527811780571938
2024-02-14 10:34:41 | TRACE   | query_time, 0.0011672107502818108
2024-02-14 10:34:41 | TRACE   | query_time, 0.0009730090387165546
2024-02-14 10:34:41 | TRACE   | query_time, 0.0011354298330843449
2024-02-14 10:34:41 | TRACE   | query_time, 0.0009749359451234341
2024-02-14 10:34:41 | TRACE   | query_time, 0.0011565699242055416
2024-02-14 10:34:41 | TRACE   | query_time, 0.0009494391269981861
2024-02-14 10:34:41 | TRACE   | query_time, 0.001215258613228798
2024-02-14 10:34:41 | TRACE   | query_time, 0.0009490437805652618
2024-02-14 10:34:41 | TRACE   | query_time, 0.0010417788289487362
2024-02-14 10:34:41 | TRACE   | query_time, 0.0009557320736348629
2024-02-14 10:34:41 | TRACE   | query_time, 0.0009448709897696972
2024-02-14 10:34:41 | TRACE   | query_time, 0.0009473618119955063
2024-02-14 10:34:41 | TRACE   | query_time, 0.0009720949456095695
2024-02-14 10:34:41 | TRACE   | query_time, 0.0010520191863179207
2024-02-14 10:34:41 | TRACE   | query_time, 0.0009463159367442131
2024-02-14 10:34:41 | TRACE   | query_time, 0.0009825052693486214
2024-02-14 10:34:41 | TRACE   | query_time, 0.0009432146325707436
2024-02-14 10:34:41 | TRACE   | query_time, 0.0009286287240684032
2024-02-14 10:34:41 | TRACE   | query_time, 0.0009540249593555927
2024-02-14 10:34:41 | TRACE   | query_time, 0.0009494619444012642
2024-02-14 10:34:41 | TRACE   | query_time, 0.0009486880153417587
2024-02-14 10:34:41 | TRACE   | query_time, 0.0009895008988678455
2024-02-14 10:34:41 | TRACE   | query_time, 0.00097617506980896
2024-02-14 10:34:41 | TRACE   | query_time, 0.0009489702060818672
2024-02-14 10:34:41 | TRACE   | query_time, 0.001126935239881277
2024-02-14 10:34:41 | TRACE   | query_time, 0.0011246870271861553
2024-02-14 10:34:41 | TRACE   | query_time, 0.0009148651733994484
2024-02-14 10:34:41 | TRACE   | query_time, 0.0009781811386346817
2024-02-14 10:34:41 | TRACE   | query_time, 0.000987430103123188
2024-02-14 10:34:41 | TRACE   | query_time, 0.0009527392685413361
2024-02-14 10:34:41 | TRACE   | query_time, 0.0009485981427133083
2024-02-14 10:34:41 | TRACE   | query_time, 0.0009728888981044292
2024-02-14 10:34:41 | TRACE   | query_time, 0.0011996617540717125
2024-02-14 10:34:41 | TRACE   | query_time, 0.0009778640232980251
2024-02-14 10:34:41 | TRACE   | query_time, 0.0009458791464567184
2024-02-14 10:34:41 | TRACE   | query_time, 0.000922925304621458
2024-02-14 10:34:41 | TRACE   | query_time, 0.0011217589490115643
2024-02-14 10:34:41 | TRACE   | query_time, 0.0009483229368925095
2024-02-14 10:34:41 | TRACE   | query_time, 0.001128228846937418
2024-02-14 10:34:41 | TRACE   | query_time, 0.0009613949805498123
2024-02-14 10:34:41 | TRACE   | query_time, 0.0009488952346146107
2024-02-14 10:34:41 | TRACE   | query_time, 0.0009733359329402447
2024-02-14 10:34:41 | TRACE   | query_time, 0.001166400033980608
2024-02-14 10:34:41 | TRACE   | query_time, 0.0009160679765045643
2024-02-14 10:34:41 | TRACE   | query_time, 0.0009872517548501492
2024-02-14 10:34:41 | TRACE   | query_time, 0.0011695772409439087
2024-02-14 10:34:41 | TRACE   | query_time, 0.000954371877014637
2024-02-14 10:34:41 | TRACE   | query_time, 0.0012006228789687157
2024-02-14 10:34:41 | TRACE   | query_time, 0.000948440283536911
2024-02-14 10:34:41 | TRACE   | query_time, 0.0009929230436682701
2024-02-14 10:34:41 | TRACE   | query_time, 0.000952684786170721
2024-02-14 10:34:41 | TRACE   | query_time, 0.0009466861374676228
2024-02-14 10:34:41 | TRACE   | query_time, 0.0011781719513237476
2024-02-14 10:34:41 | TRACE   | query_time, 0.0009611970745027065
2024-02-14 10:34:41 | TRACE   | query_time, 0.0009203637018799782
2024-02-14 10:34:41 | TRACE   | query_time, 0.0010377787984907627
2024-02-14 10:34:41 | TRACE   | query_time, 0.0009470749646425247
2024-02-14 10:34:41 | TRACE   | query_time, 0.0009550023823976517
2024-02-14 10:34:41 | TRACE   | query_time, 0.0009456640109419823
2024-02-14 10:34:41 | TRACE   | query_time, 0.0011284048669040203
2024-02-14 10:34:41 | TRACE   | query_time, 0.0009886091575026512
2024-02-14 10:34:41 | TRACE   | query_time, 0.0009550056420266628
2024-02-14 10:34:41 | TRACE   | query_time, 0.005803885869681835
2024-02-14 10:34:41 | TRACE   | query_time, 0.006312583107501268
2024-02-14 10:34:41 | TRACE   | query_time, 0.005584116093814373
2024-02-14 10:34:41 | TRACE   | query_time, 0.005462368950247765
2024-02-14 10:34:41 | TRACE   | query_time, 0.005856805015355349
2024-02-14 10:34:41 | TRACE   | query_time, 0.005441409070044756
2024-02-14 10:34:41 | TRACE   | query_time, 0.00537154171615839
2024-02-14 10:34:41 | TRACE   | query_time, 0.005641397088766098
2024-02-14 10:34:41 | TRACE   | query_time, 0.005303860176354647
2024-02-14 10:34:41 | TRACE   | query_time, 0.00532471714541316
2024-02-14 10:34:41 | TRACE   | query_time, 0.005613355897367001
2024-02-14 10:34:41 | TRACE   | query_time, 0.0053555043414235115
2024-02-14 10:34:41 | TRACE   | query_time, 0.00561845488846302
2024-02-14 10:34:41 | TRACE   | query_time, 0.005371551960706711
2024-02-14 10:34:41 | TRACE   | query_time, 0.005356356967240572
2024-02-14 10:34:41 | TRACE   | query_time, 0.005549419671297073
2024-02-14 10:34:41 | TRACE   | query_time, 0.005796825047582388
2024-02-14 10:34:41 | TRACE   | query_time, 0.0053696902468800545
2024-02-14 10:34:41 | TRACE   | query_time, 0.0053810300305485725
2024-02-14 10:34:41 | TRACE   | query_time, 0.00534641882404685
2024-02-14 10:34:41 | TRACE   | query_time, 0.00515990424901247
2024-02-14 10:34:41 | TRACE   | query_time, 0.005576278083026409
2024-02-14 10:34:41 | TRACE   | query_time, 0.005097313784062862
2024-02-14 10:34:41 | TRACE   | query_time, 0.005265163257718086
2024-02-14 10:34:41 | TRACE   | query_time, 0.005585468839854002
2024-02-14 10:34:41 | TRACE   | query_time, 0.005561551079154015
2024-02-14 10:34:41 | TRACE   | query_time, 0.005668843165040016
2024-02-14 10:34:41 | TRACE   | query_time, 0.005632783751934767
2024-02-14 10:34:41 | TRACE   | query_time, 0.0055224159732460976
2024-02-14 10:34:41 | TRACE   | query_time, 0.00511673791334033
2024-02-14 10:34:41 | TRACE   | query_time, 0.005001853685826063
2024-02-14 10:34:41 | TRACE   | query_time, 0.005412152037024498
2024-02-14 10:34:41 | TRACE   | query_time, 0.005235594231635332
2024-02-14 10:34:41 | TRACE   | query_time, 0.005746958777308464
2024-02-14 10:34:41 | TRACE   | query_time, 0.005330280400812626
2024-02-14 10:34:41 | TRACE   | query_time, 0.005068469792604446
2024-02-14 10:34:41 | TRACE   | query_time, 0.00532937329262495
2024-02-14 10:34:41 | TRACE   | query_time, 0.0056963651441037655
2024-02-14 10:34:41 | TRACE   | query_time, 0.005638389382511377
2024-02-14 10:34:41 | TRACE   | query_time, 0.005252057686448097
2024-02-14 10:34:41 | TRACE   | query_time, 0.0053495122119784355
2024-02-14 10:34:41 | TRACE   | query_time, 0.005103155039250851
2024-02-14 10:34:41 | TRACE   | query_time, 0.0054549421183764935
2024-02-14 10:34:41 | TRACE   | query_time, 0.005407562013715506
2024-02-14 10:34:41 | TRACE   | query_time, 0.00564312981441617
2024-02-14 10:34:41 | TRACE   | query_time, 0.005389195866882801
2024-02-14 10:34:41 | TRACE   | query_time, 0.005353725049644709
2024-02-14 10:34:41 | TRACE   | query_time, 0.0055940598249435425
2024-02-14 10:34:41 | TRACE   | query_time, 0.005395286250859499
2024-02-14 10:34:41 | TRACE   | query_time, 0.005399501882493496
2024-02-14 10:34:41 | TRACE   | query_time, 0.005332322791218758
2024-02-14 10:34:41 | TRACE   | query_time, 0.005572002846747637
2024-02-14 10:34:41 | TRACE   | query_time, 0.00557943107560277
2024-02-14 10:34:41 | TRACE   | query_time, 0.005808104760944843
2024-02-14 10:34:41 | TRACE   | query_time, 0.005357594694942236
2024-02-14 10:34:41 | TRACE   | query_time, 0.0051163011230528355
2024-02-14 10:34:41 | TRACE   | query_time, 0.005294959060847759
2024-02-14 10:34:41 | TRACE   | query_time, 0.0056137265637516975
2024-02-14 10:34:41 | TRACE   | query_time, 0.005294349975883961
2024-02-14 10:34:41 | TRACE   | query_time, 0.005576128140091896
2024-02-14 10:34:41 | TRACE   | query_time, 0.005357869900763035
2024-02-14 10:34:41 | TRACE   | query_time, 0.00559663400053978
2024-02-14 10:34:41 | TRACE   | query_time, 0.006157035939395428
2024-02-14 10:34:41 | TRACE   | query_time, 0.005631639156490564
2024-02-14 10:34:41 | TRACE   | query_time, 0.0061761969700455666
2024-02-14 10:34:41 | TRACE   | query_time, 0.006377233192324638
2024-02-14 10:34:41 | TRACE   | query_time, 0.005844261962920427
2024-02-14 10:34:41 | TRACE   | query_time, 0.005032873246818781
2024-02-14 10:34:41 | TRACE   | query_time, 0.005384000949561596
2024-02-14 10:34:41 | TRACE   | query_time, 0.005314269103109837
2024-02-14 10:34:41 | TRACE   | query_time, 0.005569756031036377
2024-02-14 10:34:41 | TRACE   | query_time, 0.005291790701448917
2024-02-14 10:34:41 | TRACE   | query_time, 0.005339526105672121
2024-02-14 10:34:41 | TRACE   | query_time, 0.005391192156821489
2024-02-14 10:34:41 | TRACE   | query_time, 0.005507311783730984
2024-02-14 10:34:41 | TRACE   | query_time, 0.005362437106668949
2024-02-14 10:34:41 | TRACE   | query_time, 0.005345517303794622
2024-02-14 10:34:41 | TRACE   | query_time, 0.005389653146266937
2024-02-14 10:34:41 | TRACE   | query_time, 0.00533862691372633
2024-02-14 10:34:41 | TRACE   | query_time, 0.005282201804220676
2024-02-14 10:34:41 | TRACE   | query_time, 0.00536429975181818
2024-02-14 10:34:41 | TRACE   | query_time, 0.0058845640160143375
2024-02-14 10:34:41 | TRACE   | query_time, 0.006221937946975231
2024-02-14 10:34:41 | TRACE   | query_time, 0.005677248816937208
2024-02-14 10:34:41 | TRACE   | query_time, 0.005744610913097858
2024-02-14 10:34:41 | TRACE   | query_time, 0.0050284708850085735
2024-02-14 10:34:41 | TRACE   | query_time, 0.005372808780521154
2024-02-14 10:34:41 | TRACE   | query_time, 0.005304415710270405
2024-02-14 10:34:41 | TRACE   | query_time, 0.005141383036971092
2024-02-14 10:34:41 | TRACE   | query_time, 0.005021935794502497
2024-02-14 10:34:41 | TRACE   | query_time, 0.0053412518464028835
2024-02-14 10:34:41 | TRACE   | query_time, 0.005616532638669014
2024-02-14 10:34:41 | TRACE   | query_time, 0.005706651136279106
2024-02-14 10:34:41 | TRACE   | query_time, 0.00570337101817131
2024-02-14 10:34:41 | TRACE   | query_time, 0.006300491280853748
2024-02-14 10:34:41 | TRACE   | query_time, 0.0060611688531935215
2024-02-14 10:34:41 | TRACE   | query_time, 0.0062149339355528355
2024-02-14 10:34:41 | TRACE   | query_time, 0.005807214882224798
2024-02-14 10:34:41 | TRACE   | query_time, 0.005035656038671732
2024-02-14 10:34:41 | TRACE   | query_time, 0.0050252890214324
2024-02-14 10:34:41 | TRACE   | query_time, 0.0053383600898087025
2024-02-14 10:34:41 | TRACE   | query_time, 0.005073730833828449
2024-02-14 10:34:41 | TRACE   | query_time, 0.005120918154716492
2024-02-14 10:34:41 | TRACE   | query_time, 0.0053575970232486725
2024-02-14 10:34:41 | TRACE   | query_time, 0.00554806599393487
2024-02-14 10:34:41 | TRACE   | query_time, 0.005038972944021225
2024-02-14 10:34:41 | TRACE   | query_time, 0.005245937965810299
2024-02-14 10:34:41 | TRACE   | query_time, 0.005309207830578089
2024-02-14 10:34:41 | TRACE   | query_time, 0.0053561353124678135
2024-02-14 10:34:41 | TRACE   | query_time, 0.005577626638114452
2024-02-14 10:34:41 | TRACE   | query_time, 0.0053186481818556786
2024-02-14 10:34:41 | TRACE   | query_time, 0.0061828820034861565
2024-02-14 10:34:41 | TRACE   | query_time, 0.006171340122818947
2024-02-14 10:34:41 | TRACE   | query_time, 0.00556145329028368
2024-02-14 10:34:41 | TRACE   | query_time, 0.005337226670235395
2024-02-14 10:34:41 | TRACE   | query_time, 0.005234275013208389
2024-02-14 10:34:41 | TRACE   | query_time, 0.0052956342697143555
2024-02-14 10:34:41 | TRACE   | query_time, 0.00532939238473773
2024-02-14 10:34:42 | TRACE   | query_time, 0.0050604138523340225
2024-02-14 10:34:42 | TRACE   | query_time, 0.0051245419308543205
2024-02-14 10:34:42 | TRACE   | query_time, 0.005494663026183844
2024-02-14 10:34:42 | TRACE   | query_time, 0.006121568847447634
2024-02-14 10:34:42 | TRACE   | query_time, 0.005373379215598106
2024-02-14 10:34:42 | TRACE   | query_time, 0.0056764730252325535
2024-02-14 10:34:42 | TRACE   | query_time, 0.005486761219799519
2024-02-14 10:34:42 | TRACE   | query_time, 0.0056326258927583694
2024-02-14 10:34:42 | TRACE   | query_time, 0.005759826861321926
2024-02-14 10:34:42 | TRACE   | query_time, 0.005889203865081072
2024-02-14 10:34:42 | TRACE   | query_time, 0.0056430078111588955
2024-02-14 10:34:42 | TRACE   | query_time, 0.005828151013702154
2024-02-14 10:34:42 | TRACE   | query_time, 0.00570101710036397
2024-02-14 10:34:42 | TRACE   | query_time, 0.006037706974893808
2024-02-14 10:34:42 | TRACE   | query_time, 0.006096825003623962
2024-02-14 10:34:42 | TRACE   | query_time, 0.006263702642172575
2024-02-14 10:34:42 | TRACE   | query_time, 0.006625524256378412
2024-02-14 10:34:42 | TRACE   | query_time, 0.006109665147960186
2024-02-14 10:34:42 | TRACE   | query_time, 0.005695190280675888
2024-02-14 10:34:42 | TRACE   | query_time, 0.005841483827680349
2024-02-14 10:34:42 | TRACE   | query_time, 0.0056838542222976685
2024-02-14 10:34:42 | TRACE   | query_time, 0.005739904008805752
2024-02-14 10:34:42 | TRACE   | query_time, 0.0060687498189508915
2024-02-14 10:34:42 | TRACE   | query_time, 0.005916993133723736
2024-02-14 10:34:42 | TRACE   | query_time, 0.006019252818077803
2024-02-14 10:34:42 | TRACE   | query_time, 0.005871837958693504
2024-02-14 10:34:42 | TRACE   | query_time, 0.005849089939147234
2024-02-14 10:34:42 | TRACE   | query_time, 0.005678027868270874
2024-02-14 10:34:42 | TRACE   | query_time, 0.005731883924454451
2024-02-14 10:34:42 | TRACE   | query_time, 0.0058422149159014225
2024-02-14 10:34:42 | TRACE   | query_time, 0.0060538025572896
2024-02-14 10:34:42 | TRACE   | query_time, 0.006603289861232042
2024-02-14 10:34:42 | TRACE   | query_time, 0.006761050783097744
2024-02-14 10:34:42 | TRACE   | query_time, 0.006174271926283836
2024-02-14 10:34:42 | TRACE   | query_time, 0.00567906629294157
2024-02-14 10:34:42 | TRACE   | query_time, 0.005683241877704859
2024-02-14 10:34:42 | TRACE   | query_time, 0.0058394307270646095
2024-02-14 10:34:42 | TRACE   | query_time, 0.0061274622566998005
2024-02-14 10:34:42 | TRACE   | query_time, 0.006155052687972784
2024-02-14 10:34:42 | TRACE   | query_time, 0.006533668842166662
2024-02-14 10:34:42 | TRACE   | query_time, 0.006139655131846666
2024-02-14 10:34:42 | TRACE   | query_time, 0.006619230844080448
2024-02-14 10:34:42 | TRACE   | query_time, 0.006005940027534962
2024-02-14 10:34:42 | TRACE   | query_time, 0.006109412293881178
2024-02-14 10:34:42 | TRACE   | query_time, 0.005929907318204641
2024-02-14 10:34:42 | TRACE   | query_time, 0.005889299791306257
2024-02-14 10:34:42 | TRACE   | query_time, 0.005771928001195192
2024-02-14 10:34:42 | TRACE   | query_time, 0.005956046283245087
2024-02-14 10:34:42 | TRACE   | query_time, 0.006134116090834141
2024-02-14 10:34:42 | TRACE   | query_time, 0.0060724723152816296
2024-02-14 10:34:42 | TRACE   | query_time, 0.005894020199775696
2024-02-14 10:34:42 | TRACE   | query_time, 0.006604253780096769
2024-02-14 10:34:42 | TRACE   | query_time, 0.005913639906793833
2024-02-14 10:34:42 | TRACE   | query_time, 0.005918022245168686
2024-02-14 10:34:42 | TRACE   | query_time, 0.005663686897605658
2024-02-14 10:34:42 | TRACE   | query_time, 0.006263236049562693
2024-02-14 10:34:42 | TRACE   | query_time, 0.005687118042260408
2024-02-14 10:34:42 | TRACE   | query_time, 0.005890924949198961
2024-02-14 10:34:42 | TRACE   | query_time, 0.005683485884219408
2024-02-14 10:34:42 | TRACE   | query_time, 0.005883841775357723
2024-02-14 10:34:42 | TRACE   | query_time, 0.006554930936545134
2024-02-14 10:34:42 | TRACE   | query_time, 0.0062598129734396935
2024-02-14 10:34:42 | TRACE   | query_time, 0.005974276922643185
2024-02-14 10:34:42 | TRACE   | query_time, 0.005760755855590105
2024-02-14 10:34:42 | TRACE   | query_time, 0.005888336803764105
2024-02-14 10:34:42 | TRACE   | query_time, 0.005694854073226452
2024-02-14 10:34:42 | TRACE   | query_time, 0.003798149060457945
2024-02-14 10:34:42 | TRACE   | query_time, 0.003919465932995081
2024-02-14 10:34:42 | TRACE   | query_time, 0.0037724957801401615
2024-02-14 10:34:42 | TRACE   | query_time, 0.003945136908441782
2024-02-14 10:34:42 | TRACE   | query_time, 0.004023666027933359
2024-02-14 10:34:42 | TRACE   | query_time, 0.0038268128409981728
2024-02-14 10:34:42 | TRACE   | query_time, 0.003790775779634714
2024-02-14 10:34:42 | TRACE   | query_time, 0.003644336946308613
2024-02-14 10:34:42 | TRACE   | query_time, 0.0038416078314185143
2024-02-14 10:34:42 | TRACE   | query_time, 0.0036680782213807106
2024-02-14 10:34:42 | TRACE   | query_time, 0.0037804339081048965
2024-02-14 10:34:42 | TRACE   | query_time, 0.0037626647390425205
2024-02-14 10:34:42 | TRACE   | query_time, 0.003952354192733765
2024-02-14 10:34:42 | TRACE   | query_time, 0.003890843130648136
2024-02-14 10:34:42 | TRACE   | query_time, 0.003761329222470522
2024-02-14 10:34:42 | TRACE   | query_time, 0.003925208933651447
2024-02-14 10:34:42 | TRACE   | query_time, 0.004239974543452263
2024-02-14 10:34:42 | TRACE   | query_time, 0.0037271250039339066
2024-02-14 10:34:42 | TRACE   | query_time, 0.003922884818166494
2024-02-14 10:34:42 | TRACE   | query_time, 0.004013594705611467
2024-02-14 10:34:42 | TRACE   | query_time, 0.003764360211789608
2024-02-14 10:34:42 | TRACE   | query_time, 0.0038905837573111057
2024-02-14 10:34:42 | TRACE   | query_time, 0.003932083956897259
2024-02-14 10:34:42 | TRACE   | query_time, 0.0037644007243216038
2024-02-14 10:34:42 | TRACE   | query_time, 0.003752973861992359
2024-02-14 10:34:42 | TRACE   | query_time, 0.00426871981471777
2024-02-14 10:34:42 | TRACE   | query_time, 0.0037460350431501865
2024-02-14 10:34:42 | TRACE   | query_time, 0.003884878009557724
2024-02-14 10:34:42 | TRACE   | query_time, 0.004482649266719818
2024-02-14 10:34:42 | TRACE   | query_time, 0.003882473800331354
2024-02-14 10:34:42 | TRACE   | query_time, 0.004012665245682001
2024-02-14 10:34:42 | TRACE   | query_time, 0.003633601125329733
2024-02-14 10:34:42 | TRACE   | query_time, 0.0036021582782268524
2024-02-14 10:34:42 | TRACE   | query_time, 0.003789049107581377
2024-02-14 10:34:42 | TRACE   | query_time, 0.003970263060182333
2024-02-14 10:34:42 | TRACE   | query_time, 0.004283952061086893
2024-02-14 10:34:42 | TRACE   | query_time, 0.004011244047433138
2024-02-14 10:34:42 | TRACE   | query_time, 0.0037700170651078224
2024-02-14 10:34:42 | TRACE   | query_time, 0.00391461281105876
2024-02-14 10:34:42 | TRACE   | query_time, 0.0038201422430574894
2024-02-14 10:34:42 | TRACE   | query_time, 0.0037945518270134926
2024-02-14 10:34:42 | TRACE   | query_time, 0.004149207379668951
2024-02-14 10:34:42 | TRACE   | query_time, 0.004252897575497627
2024-02-14 10:34:42 | TRACE   | query_time, 0.003880823031067848
2024-02-14 10:34:42 | TRACE   | query_time, 0.004011441022157669
2024-02-14 10:34:42 | TRACE   | query_time, 0.0036422032862901688
2024-02-14 10:34:42 | TRACE   | query_time, 0.0038045900873839855
2024-02-14 10:34:42 | TRACE   | query_time, 0.0036406186409294605
2024-02-14 10:34:42 | TRACE   | query_time, 0.003770464099943638
2024-02-14 10:34:42 | TRACE   | query_time, 0.003763052634894848
2024-02-14 10:34:42 | TRACE   | query_time, 0.0038885530084371567
2024-02-14 10:34:42 | TRACE   | query_time, 0.0037967567332088947
2024-02-14 10:34:42 | TRACE   | query_time, 0.0036324639804661274
2024-02-14 10:34:42 | TRACE   | query_time, 0.003773452714085579
2024-02-14 10:34:42 | TRACE   | query_time, 0.0038681351579725742
2024-02-14 10:34:42 | TRACE   | query_time, 0.003723770845681429
2024-02-14 10:34:42 | TRACE   | query_time, 0.0039255633018910885
2024-02-14 10:34:42 | TRACE   | query_time, 0.0038211653009057045
2024-02-14 10:34:42 | TRACE   | query_time, 0.003800965379923582
2024-02-14 10:34:42 | TRACE   | query_time, 0.0036399057134985924
2024-02-14 10:34:42 | TRACE   | query_time, 0.003791303373873234
2024-02-14 10:34:42 | TRACE   | query_time, 0.003960845991969109
2024-02-14 10:34:42 | TRACE   | query_time, 0.0038400720804929733
2024-02-14 10:34:42 | TRACE   | query_time, 0.0035997098311781883
2024-02-14 10:34:42 | TRACE   | query_time, 0.0038451733998954296
2024-02-14 10:34:42 | TRACE   | query_time, 0.0037479926832020283
2024-02-14 10:34:42 | TRACE   | query_time, 0.0038414709270000458
2024-02-14 10:34:42 | TRACE   | query_time, 0.0037359660491347313
2024-02-14 10:34:42 | TRACE   | query_time, 0.003860440105199814
2024-02-14 10:34:42 | TRACE   | query_time, 0.003773301839828491
2024-02-14 10:34:42 | TRACE   | query_time, 0.0037738289684057236
2024-02-14 10:34:42 | TRACE   | query_time, 0.0036580231972038746
2024-02-14 10:34:42 | TRACE   | query_time, 0.0039911046624183655
2024-02-14 10:34:42 | TRACE   | query_time, 0.0037871948443353176
2024-02-14 10:34:42 | TRACE   | query_time, 0.003670784179121256
2024-02-14 10:34:42 | TRACE   | query_time, 0.0037482501938939095
2024-02-14 10:34:42 | TRACE   | query_time, 0.0038981111720204353
2024-02-14 10:34:42 | TRACE   | query_time, 0.0037421653978526592
2024-02-14 10:34:42 | TRACE   | query_time, 0.0038574268110096455
2024-02-14 10:34:42 | TRACE   | query_time, 0.004130786284804344
2024-02-14 10:34:42 | TRACE   | query_time, 0.004198972135782242
