2024-02-14 11:16:55 | DEBUG   | {'input': PosixPath('data/open_data_usa/indices/microbenchmarks/rebinning-k40.zst'), 'input_type': 'index', 'queries': PosixPath('data/open_data_usa/queries/microbenchmarks.zst'), 'estimation_mode': None, 'index_mode': 'recall', 'output': None, 'workers': None, 'frequency_hists': False, 'suppress_results': True, 'log_level': 'INFO', 'log_file': PosixPath('logs/microbenchmarks/runtime/open_data_usa-rebinning-k40-single_suppressed-4.log')}
2024-02-14 11:16:55 | DEBUG   | Loading input data from data/open_data_usa/indices/microbenchmarks/rebinning-k40.zst
2024-02-14 11:16:56 | DEBUG   | Loading queries from data/open_data_usa/queries/microbenchmarks.zst
2024-02-14 11:16:56 | TRACE   | bootstrap_time, 0.8761080149561167
2024-02-14 11:16:56 | DEBUG   | Starting execution
2024-02-14 11:16:56 | TRACE   | query_time, 0.00031084194779396057
2024-02-14 11:16:56 | TRACE   | query_time, 0.00012424029409885406
2024-02-14 11:16:56 | TRACE   | query_time, 0.000117473304271698
2024-02-14 11:16:56 | TRACE   | query_time, 0.00011482834815979004
2024-02-14 11:16:56 | TRACE   | query_time, 0.00011583603918552399
2024-02-14 11:16:56 | TRACE   | query_time, 0.00013467855751514435
2024-02-14 11:16:56 | TRACE   | query_time, 0.00013145245611667633
2024-02-14 11:16:56 | TRACE   | query_time, 0.00011844560503959656
2024-02-14 11:16:56 | TRACE   | query_time, 0.0001171603798866272
2024-02-14 11:16:56 | TRACE   | query_time, 0.0001305416226387024
2024-02-14 11:16:56 | TRACE   | query_time, 0.00011592917144298553
2024-02-14 11:16:56 | TRACE   | query_time, 0.00011420808732509613
2024-02-14 11:16:56 | TRACE   | query_time, 0.00011504441499710083
2024-02-14 11:16:56 | TRACE   | query_time, 0.0001149158924818039
2024-02-14 11:16:56 | TRACE   | query_time, 0.0001139417290687561
2024-02-14 11:16:56 | TRACE   | query_time, 0.00011451169848442078
2024-02-14 11:16:56 | TRACE   | query_time, 0.00011527538299560547
2024-02-14 11:16:56 | TRACE   | query_time, 0.00011591613292694092
2024-02-14 11:16:56 | TRACE   | query_time, 0.00011611729860305786
2024-02-14 11:16:56 | TRACE   | query_time, 0.00011349469423294067
2024-02-14 11:16:56 | TRACE   | query_time, 0.0001301094889640808
2024-02-14 11:16:56 | TRACE   | query_time, 0.00012134015560150146
2024-02-14 11:16:56 | TRACE   | query_time, 0.0001153256744146347
2024-02-14 11:16:56 | TRACE   | query_time, 0.00011561065912246704
2024-02-14 11:16:56 | TRACE   | query_time, 0.00012333877384662628
2024-02-14 11:16:56 | TRACE   | query_time, 0.00011350400745868683
2024-02-14 11:16:56 | TRACE   | query_time, 0.00011384859681129456
2024-02-14 11:16:56 | TRACE   | query_time, 0.0001297350972890854
2024-02-14 11:16:56 | TRACE   | query_time, 0.00011572428047657013
2024-02-14 11:16:56 | TRACE   | query_time, 0.00011493824422359467
2024-02-14 11:16:56 | TRACE   | query_time, 0.00013059750199317932
2024-02-14 11:16:56 | TRACE   | query_time, 0.00011377036571502686
2024-02-14 11:16:56 | TRACE   | query_time, 0.00011695921421051025
2024-02-14 11:16:56 | TRACE   | query_time, 0.00012157857418060303
2024-02-14 11:16:56 | TRACE   | query_time, 0.0001127384603023529
2024-02-14 11:16:56 | TRACE   | query_time, 0.00011708959937095642
2024-02-14 11:16:56 | TRACE   | query_time, 0.00011372379958629608
2024-02-14 11:16:56 | TRACE   | query_time, 0.0001277085393667221
2024-02-14 11:16:56 | TRACE   | query_time, 0.00011650286614894867
2024-02-14 11:16:56 | TRACE   | query_time, 0.00012966245412826538
2024-02-14 11:16:56 | TRACE   | query_time, 0.00011743605136871338
2024-02-14 11:16:56 | TRACE   | query_time, 0.00013587810099124908
2024-02-14 11:16:56 | TRACE   | query_time, 0.0001157168298959732
2024-02-14 11:16:56 | TRACE   | query_time, 0.0001429915428161621
2024-02-14 11:16:56 | TRACE   | query_time, 0.00011501461267471313
2024-02-14 11:16:56 | TRACE   | query_time, 0.0001132376492023468
2024-02-14 11:16:56 | TRACE   | query_time, 0.00011767074465751648
2024-02-14 11:16:56 | TRACE   | query_time, 0.0001306198537349701
2024-02-14 11:16:56 | TRACE   | query_time, 0.00011388026177883148
2024-02-14 11:16:56 | TRACE   | query_time, 0.00011221691966056824
2024-02-14 11:16:56 | TRACE   | query_time, 0.00013091787695884705
2024-02-14 11:16:56 | TRACE   | query_time, 0.0001161433756351471
2024-02-14 11:16:56 | TRACE   | query_time, 0.00012937746942043304
2024-02-14 11:16:56 | TRACE   | query_time, 0.00011445023119449615
2024-02-14 11:16:56 | TRACE   | query_time, 0.0001140497624874115
2024-02-14 11:16:56 | TRACE   | query_time, 0.0001290794461965561
2024-02-14 11:16:56 | TRACE   | query_time, 0.00011757761240005493
2024-02-14 11:16:56 | TRACE   | query_time, 0.0001154635101556778
2024-02-14 11:16:56 | TRACE   | query_time, 0.0001146029680967331
2024-02-14 11:16:56 | TRACE   | query_time, 0.00011404231190681458
2024-02-14 11:16:56 | TRACE   | query_time, 0.0001134481281042099
2024-02-14 11:16:56 | TRACE   | query_time, 0.00011508353054523468
2024-02-14 11:16:56 | TRACE   | query_time, 0.00014686770737171173
2024-02-14 11:16:56 | TRACE   | query_time, 0.00011505931615829468
2024-02-14 11:16:56 | TRACE   | query_time, 0.0001155417412519455
2024-02-14 11:16:56 | TRACE   | query_time, 0.00011487677693367004
2024-02-14 11:16:56 | TRACE   | query_time, 0.00011353753507137299
2024-02-14 11:16:56 | TRACE   | query_time, 0.00011160597205162048
2024-02-14 11:16:56 | TRACE   | query_time, 0.00011454708874225616
2024-02-14 11:16:56 | TRACE   | query_time, 0.00011439621448516846
2024-02-14 11:16:56 | TRACE   | query_time, 0.00011429935693740845
2024-02-14 11:16:56 | TRACE   | query_time, 0.00011438876390457153
2024-02-14 11:16:56 | TRACE   | query_time, 0.00011421553790569305
2024-02-14 11:16:56 | TRACE   | query_time, 0.00011391937732696533
2024-02-14 11:16:56 | TRACE   | query_time, 0.0001278650015592575
2024-02-14 11:16:56 | TRACE   | query_time, 0.00011445954442024231
2024-02-14 11:16:56 | TRACE   | query_time, 0.00011603906750679016
2024-02-14 11:16:56 | TRACE   | query_time, 0.00011523626744747162
2024-02-14 11:16:56 | TRACE   | query_time, 0.00011381134390830994
2024-02-14 11:16:56 | TRACE   | query_time, 0.00011259689927101135
2024-02-14 11:16:56 | TRACE   | query_time, 0.00011237338185310364
2024-02-14 11:16:56 | TRACE   | query_time, 0.00012286938726902008
2024-02-14 11:16:56 | TRACE   | query_time, 0.00011255219578742981
2024-02-14 11:16:56 | TRACE   | query_time, 0.00012970156967639923
2024-02-14 11:16:56 | TRACE   | query_time, 0.00011542811989784241
2024-02-14 11:16:56 | TRACE   | query_time, 0.00012786313891410828
2024-02-14 11:16:56 | TRACE   | query_time, 0.00011439807713031769
2024-02-14 11:16:56 | TRACE   | query_time, 0.00011368654668331146
2024-02-14 11:16:56 | TRACE   | query_time, 0.00011436082422733307
2024-02-14 11:16:56 | TRACE   | query_time, 0.00011327676475048065
2024-02-14 11:16:56 | TRACE   | query_time, 0.00012831389904022217
2024-02-14 11:16:56 | TRACE   | query_time, 0.00011325255036354065
2024-02-14 11:16:56 | TRACE   | query_time, 0.00011236406862735748
2024-02-14 11:16:56 | TRACE   | query_time, 0.00011511705815792084
2024-02-14 11:16:56 | TRACE   | query_time, 0.00011475197970867157
2024-02-14 11:16:56 | TRACE   | query_time, 0.00011442601680755615
2024-02-14 11:16:56 | TRACE   | query_time, 0.00011304765939712524
2024-02-14 11:16:56 | TRACE   | query_time, 0.00011312030255794525
2024-02-14 11:16:56 | TRACE   | query_time, 0.00011564791202545166
2024-02-14 11:16:56 | TRACE   | query_time, 0.00011506862938404083
2024-02-14 11:16:56 | TRACE   | query_time, 0.00012853927910327911
2024-02-14 11:16:56 | TRACE   | query_time, 0.00013177469372749329
2024-02-14 11:16:56 | TRACE   | query_time, 0.0001146811991930008
2024-02-14 11:16:56 | TRACE   | query_time, 0.00011374242603778839
2024-02-14 11:16:56 | TRACE   | query_time, 0.00011471658945083618
2024-02-14 11:16:56 | TRACE   | query_time, 0.00011354312300682068
2024-02-14 11:16:56 | TRACE   | query_time, 0.0001140497624874115
2024-02-14 11:16:56 | TRACE   | query_time, 0.00011353567242622375
2024-02-14 11:16:56 | TRACE   | query_time, 0.00011595897376537323
2024-02-14 11:16:56 | TRACE   | query_time, 0.00011391006410121918
2024-02-14 11:16:56 | TRACE   | query_time, 0.00011573173105716705
2024-02-14 11:16:56 | TRACE   | query_time, 0.00011472031474113464
2024-02-14 11:16:56 | TRACE   | query_time, 0.0001290012151002884
2024-02-14 11:16:56 | TRACE   | query_time, 0.00011508166790008545
2024-02-14 11:16:56 | TRACE   | query_time, 0.00011346116662025452
2024-02-14 11:16:56 | TRACE   | query_time, 0.00012875348329544067
2024-02-14 11:16:56 | TRACE   | query_time, 0.00012940354645252228
2024-02-14 11:16:56 | TRACE   | query_time, 0.00011389702558517456
2024-02-14 11:16:56 | TRACE   | query_time, 0.00011507607996463776
2024-02-14 11:16:56 | TRACE   | query_time, 0.00013056211173534393
2024-02-14 11:16:56 | TRACE   | query_time, 0.00011513568460941315
2024-02-14 11:16:56 | TRACE   | query_time, 0.00011338666081428528
2024-02-14 11:16:56 | TRACE   | query_time, 0.0001277439296245575
2024-02-14 11:16:56 | TRACE   | query_time, 0.00011406838893890381
2024-02-14 11:16:56 | TRACE   | query_time, 0.0001146271824836731
2024-02-14 11:16:56 | TRACE   | query_time, 0.00011362321674823761
2024-02-14 11:16:56 | TRACE   | query_time, 0.00011262483894824982
2024-02-14 11:16:56 | TRACE   | query_time, 0.00011280924081802368
2024-02-14 11:16:56 | TRACE   | query_time, 0.00011267326772212982
2024-02-14 11:16:56 | TRACE   | query_time, 0.0001289471983909607
2024-02-14 11:16:56 | TRACE   | query_time, 0.00011347047984600067
2024-02-14 11:16:56 | TRACE   | query_time, 0.00011274963617324829
2024-02-14 11:16:56 | TRACE   | query_time, 0.00011277198791503906
2024-02-14 11:16:56 | TRACE   | query_time, 0.00011458806693553925
2024-02-14 11:16:56 | TRACE   | query_time, 0.00011411681771278381
2024-02-14 11:16:56 | TRACE   | query_time, 0.0001278519630432129
2024-02-14 11:16:56 | TRACE   | query_time, 0.00011267326772212982
2024-02-14 11:16:56 | TRACE   | query_time, 0.00011292845010757446
2024-02-14 11:16:56 | TRACE   | query_time, 0.00011504068970680237
2024-02-14 11:16:56 | TRACE   | query_time, 0.0001371726393699646
2024-02-14 11:16:56 | TRACE   | query_time, 0.00011354126036167145
2024-02-14 11:16:56 | TRACE   | query_time, 0.00011453963816165924
2024-02-14 11:16:56 | TRACE   | query_time, 0.00011340901255607605
2024-02-14 11:16:56 | TRACE   | query_time, 0.00011503137648105621
2024-02-14 11:16:56 | TRACE   | query_time, 0.00012797117233276367
2024-02-14 11:16:56 | TRACE   | query_time, 0.00011396966874599457
2024-02-14 11:16:56 | TRACE   | query_time, 0.0001288093626499176
2024-02-14 11:16:56 | TRACE   | query_time, 0.00011393614113330841
2024-02-14 11:16:56 | TRACE   | query_time, 0.00011364929378032684
2024-02-14 11:16:56 | TRACE   | query_time, 0.00011391378939151764
2024-02-14 11:16:56 | TRACE   | query_time, 0.0001258663833141327
2024-02-14 11:16:56 | TRACE   | query_time, 0.00012700632214546204
2024-02-14 11:16:56 | TRACE   | query_time, 0.0001148078590631485
2024-02-14 11:16:56 | TRACE   | query_time, 0.00011262483894824982
2024-02-14 11:16:56 | TRACE   | query_time, 0.00011354312300682068
2024-02-14 11:16:56 | TRACE   | query_time, 0.00011044181883335114
2024-02-14 11:16:56 | TRACE   | query_time, 0.00011144019663333893
2024-02-14 11:16:56 | TRACE   | query_time, 0.00012861751019954681
2024-02-14 11:16:56 | TRACE   | query_time, 0.00012216344475746155
2024-02-14 11:16:56 | TRACE   | query_time, 0.00011309608817100525
2024-02-14 11:16:56 | TRACE   | query_time, 0.000113707035779953
2024-02-14 11:16:56 | TRACE   | query_time, 0.0001270640641450882
2024-02-14 11:16:56 | TRACE   | query_time, 0.00011470168828964233
2024-02-14 11:16:56 | TRACE   | query_time, 0.00012997165322303772
2024-02-14 11:16:56 | TRACE   | query_time, 0.00011163018643856049
2024-02-14 11:16:56 | TRACE   | query_time, 0.0001260843127965927
2024-02-14 11:16:56 | TRACE   | query_time, 0.00011147744953632355
2024-02-14 11:16:56 | TRACE   | query_time, 0.00011377967894077301
2024-02-14 11:16:56 | TRACE   | query_time, 0.00011085532605648041
2024-02-14 11:16:56 | TRACE   | query_time, 0.00012674182653427124
2024-02-14 11:16:56 | TRACE   | query_time, 0.00011315569281578064
2024-02-14 11:16:56 | TRACE   | query_time, 0.00011155940592288971
2024-02-14 11:16:56 | TRACE   | query_time, 0.0001150127500295639
2024-02-14 11:16:56 | TRACE   | query_time, 0.00012850016355514526
2024-02-14 11:16:56 | TRACE   | query_time, 0.00011322088539600372
2024-02-14 11:16:56 | TRACE   | query_time, 0.00011366978287696838
2024-02-14 11:16:56 | TRACE   | query_time, 0.00011507049202919006
2024-02-14 11:16:56 | TRACE   | query_time, 0.00011389888823032379
2024-02-14 11:16:56 | TRACE   | query_time, 0.00011535361409187317
2024-02-14 11:16:56 | TRACE   | query_time, 0.00011168792843818665
2024-02-14 11:16:56 | TRACE   | query_time, 0.00011441297829151154
2024-02-14 11:16:56 | TRACE   | query_time, 0.00011186860501766205
2024-02-14 11:16:56 | TRACE   | query_time, 0.00012836232781410217
2024-02-14 11:16:56 | TRACE   | query_time, 0.00011306442320346832
2024-02-14 11:16:56 | TRACE   | query_time, 0.00011389516294002533
2024-02-14 11:16:56 | TRACE   | query_time, 0.00011301599442958832
2024-02-14 11:16:56 | TRACE   | query_time, 0.00012976676225662231
2024-02-14 11:16:56 | TRACE   | query_time, 0.00011417455971240997
2024-02-14 11:16:56 | TRACE   | query_time, 0.00011570379137992859
2024-02-14 11:16:56 | TRACE   | query_time, 0.00011435896158218384
2024-02-14 11:16:56 | TRACE   | query_time, 0.00012797117233276367
2024-02-14 11:16:56 | TRACE   | query_time, 0.00011342018842697144
2024-02-14 11:16:56 | TRACE   | query_time, 0.00011266767978668213
2024-02-14 11:16:56 | TRACE   | query_time, 0.00011442229151725769
2024-02-14 11:16:56 | TRACE   | query_time, 0.0001149587333202362
2024-02-14 11:16:56 | TRACE   | query_time, 0.0001292545348405838
2024-02-14 11:16:56 | TRACE   | query_time, 0.00011614710092544556
2024-02-14 11:16:56 | TRACE   | query_time, 0.00011442601680755615
2024-02-14 11:16:56 | TRACE   | query_time, 0.00011404789984226227
2024-02-14 11:16:56 | TRACE   | query_time, 0.00011201389133930206
2024-02-14 11:16:56 | TRACE   | query_time, 0.0001140739768743515
2024-02-14 11:16:56 | TRACE   | query_time, 0.00012860260903835297
2024-02-14 11:16:56 | TRACE   | query_time, 0.00011279061436653137
2024-02-14 11:16:56 | TRACE   | query_time, 0.0001148805022239685
2024-02-14 11:16:56 | TRACE   | query_time, 0.00011334381997585297
2024-02-14 11:16:56 | TRACE   | query_time, 0.00012922100722789764
2024-02-14 11:16:56 | TRACE   | query_time, 0.00011309422552585602
2024-02-14 11:16:56 | TRACE   | query_time, 0.0001286584883928299
2024-02-14 11:16:56 | TRACE   | query_time, 0.00011293590068817139
2024-02-14 11:16:56 | TRACE   | query_time, 0.00011417083442211151
2024-02-14 11:16:56 | TRACE   | query_time, 0.00012757815420627594
2024-02-14 11:16:56 | TRACE   | query_time, 0.00012710317969322205
2024-02-14 11:16:56 | TRACE   | query_time, 0.00011374801397323608
2024-02-14 11:16:56 | TRACE   | query_time, 0.0001124311238527298
2024-02-14 11:16:56 | TRACE   | query_time, 0.00011223740875720978
2024-02-14 11:16:56 | TRACE   | query_time, 0.00011344440281391144
2024-02-14 11:16:56 | TRACE   | query_time, 0.00013454072177410126
2024-02-14 11:16:56 | TRACE   | query_time, 0.00011310912668704987
2024-02-14 11:16:56 | TRACE   | query_time, 0.00012776441872119904
2024-02-14 11:16:56 | TRACE   | query_time, 0.00011363625526428223
2024-02-14 11:16:56 | TRACE   | query_time, 0.0001129787415266037
2024-02-14 11:16:56 | TRACE   | query_time, 0.00011288188397884369
2024-02-14 11:16:56 | TRACE   | query_time, 0.0001126416027545929
2024-02-14 11:16:56 | TRACE   | query_time, 0.00011291913688182831
2024-02-14 11:16:56 | TRACE   | query_time, 0.00012750178575515747
2024-02-14 11:16:56 | TRACE   | query_time, 0.000113658607006073
2024-02-14 11:16:56 | TRACE   | query_time, 0.00011255592107772827
2024-02-14 11:16:56 | TRACE   | query_time, 0.00011322461068630219
2024-02-14 11:16:56 | TRACE   | query_time, 0.00011449307203292847
2024-02-14 11:16:56 | TRACE   | query_time, 0.00011265277862548828
2024-02-14 11:16:56 | TRACE   | query_time, 0.00012951530516147614
2024-02-14 11:16:56 | TRACE   | query_time, 0.00011445768177509308
2024-02-14 11:16:56 | TRACE   | query_time, 0.0001264028251171112
2024-02-14 11:16:56 | TRACE   | query_time, 0.00011346489191055298
2024-02-14 11:16:56 | TRACE   | query_time, 0.00012956000864505768
2024-02-14 11:16:56 | TRACE   | query_time, 0.00012272782623767853
2024-02-14 11:16:56 | TRACE   | query_time, 0.00011669285595417023
2024-02-14 11:16:56 | TRACE   | query_time, 0.00011459924280643463
2024-02-14 11:16:56 | TRACE   | query_time, 0.00011766701936721802
2024-02-14 11:16:56 | TRACE   | query_time, 0.00011656247079372406
2024-02-14 11:16:56 | TRACE   | query_time, 0.00011381134390830994
2024-02-14 11:16:56 | TRACE   | query_time, 0.00011269375681877136
2024-02-14 11:16:56 | TRACE   | query_time, 0.0001131594181060791
2024-02-14 11:16:56 | TRACE   | query_time, 0.00011270493268966675
2024-02-14 11:16:56 | TRACE   | query_time, 0.00012911856174468994
2024-02-14 11:16:56 | TRACE   | query_time, 0.00011244788765907288
2024-02-14 11:16:56 | TRACE   | query_time, 0.00011137127876281738
2024-02-14 11:16:56 | TRACE   | query_time, 0.00011442415416240692
2024-02-14 11:16:56 | TRACE   | query_time, 0.00011307559907436371
2024-02-14 11:16:56 | TRACE   | query_time, 0.00011244975030422211
2024-02-14 11:16:56 | TRACE   | query_time, 0.00011326372623443604
2024-02-14 11:16:56 | TRACE   | query_time, 0.00011351890861988068
2024-02-14 11:16:56 | TRACE   | query_time, 0.00011165998876094818
2024-02-14 11:16:56 | TRACE   | query_time, 0.0001141279935836792
2024-02-14 11:16:56 | TRACE   | query_time, 0.00011319480836391449
2024-02-14 11:16:56 | TRACE   | query_time, 0.0001295488327741623
2024-02-14 11:16:56 | TRACE   | query_time, 0.00011274591088294983
2024-02-14 11:16:56 | TRACE   | query_time, 0.00011260062456130981
2024-02-14 11:16:56 | TRACE   | query_time, 0.00011382997035980225
2024-02-14 11:16:56 | TRACE   | query_time, 0.00011361949145793915
2024-02-14 11:16:56 | TRACE   | query_time, 0.00012755580246448517
2024-02-14 11:16:56 | TRACE   | query_time, 0.00011249631643295288
2024-02-14 11:16:56 | TRACE   | query_time, 0.00012815557420253754
2024-02-14 11:16:56 | TRACE   | query_time, 0.00011362694203853607
2024-02-14 11:16:56 | TRACE   | query_time, 0.00011268816888332367
2024-02-14 11:16:56 | TRACE   | query_time, 0.0001138448715209961
2024-02-14 11:16:56 | TRACE   | query_time, 0.00012660957872867584
2024-02-14 11:16:56 | TRACE   | query_time, 0.00012869946658611298
2024-02-14 11:16:56 | TRACE   | query_time, 0.00011503882706165314
2024-02-14 11:16:56 | TRACE   | query_time, 0.00011331960558891296
2024-02-14 11:16:56 | TRACE   | query_time, 0.00011327117681503296
2024-02-14 11:16:56 | TRACE   | query_time, 0.0001285262405872345
2024-02-14 11:16:56 | TRACE   | query_time, 0.00011312030255794525
2024-02-14 11:16:56 | TRACE   | query_time, 0.00012745708227157593
2024-02-14 11:16:56 | TRACE   | query_time, 0.00011453218758106232
2024-02-14 11:16:56 | TRACE   | query_time, 0.0001268964260816574
2024-02-14 11:16:56 | TRACE   | query_time, 0.00011249631643295288
2024-02-14 11:16:56 | TRACE   | query_time, 0.00012918002903461456
2024-02-14 11:16:56 | TRACE   | query_time, 0.00011465512216091156
2024-02-14 11:16:56 | TRACE   | query_time, 0.0001291818916797638
2024-02-14 11:16:56 | TRACE   | query_time, 0.00011269748210906982
2024-02-14 11:16:56 | TRACE   | query_time, 0.0001134965568780899
2024-02-14 11:16:56 | TRACE   | query_time, 0.00011349841952323914
2024-02-14 11:16:56 | TRACE   | query_time, 0.00011496059596538544
2024-02-14 11:16:56 | TRACE   | query_time, 0.00012896768748760223
2024-02-14 11:16:56 | TRACE   | query_time, 0.00011414848268032074
2024-02-14 11:16:56 | TRACE   | query_time, 0.0001119021326303482
2024-02-14 11:16:56 | TRACE   | query_time, 0.00011466071009635925
2024-02-14 11:16:56 | TRACE   | query_time, 0.00011399947106838226
2024-02-14 11:16:56 | TRACE   | query_time, 0.00011381693184375763
2024-02-14 11:16:56 | TRACE   | query_time, 0.0001136884093284607
2024-02-14 11:16:56 | TRACE   | query_time, 0.00011250562965869904
2024-02-14 11:16:56 | TRACE   | query_time, 0.00011441670358181
2024-02-14 11:16:56 | TRACE   | query_time, 0.00012147240340709686
2024-02-14 11:16:56 | TRACE   | query_time, 0.00011281296610832214
2024-02-14 11:16:56 | TRACE   | query_time, 0.0001271478831768036
2024-02-14 11:16:56 | TRACE   | query_time, 0.00012793391942977905
2024-02-14 11:16:56 | TRACE   | query_time, 0.00011378340423107147
2024-02-14 11:16:56 | TRACE   | query_time, 0.00011313147842884064
2024-02-14 11:16:56 | TRACE   | query_time, 0.00011326931416988373
2024-02-14 11:16:56 | TRACE   | query_time, 0.00011431798338890076
2024-02-14 11:16:56 | TRACE   | query_time, 0.00011407770216464996
2024-02-14 11:16:56 | TRACE   | query_time, 0.00011314079165458679
2024-02-14 11:16:56 | TRACE   | query_time, 0.00012769177556037903
2024-02-14 11:16:56 | TRACE   | query_time, 0.00011481158435344696
2024-02-14 11:16:56 | TRACE   | query_time, 0.0001142546534538269
2024-02-14 11:16:56 | TRACE   | query_time, 0.00011220388114452362
2024-02-14 11:16:56 | TRACE   | query_time, 0.0001274198293685913
2024-02-14 11:16:56 | TRACE   | query_time, 0.00011453963816165924
2024-02-14 11:16:56 | TRACE   | query_time, 0.0001272745430469513
2024-02-14 11:16:56 | TRACE   | query_time, 0.00011404603719711304
2024-02-14 11:16:56 | TRACE   | query_time, 0.0001122504472732544
2024-02-14 11:16:56 | TRACE   | query_time, 0.00012146495282649994
2024-02-14 11:16:56 | TRACE   | query_time, 0.0001272875815629959
2024-02-14 11:16:56 | TRACE   | query_time, 0.00011142902076244354
2024-02-14 11:16:56 | TRACE   | query_time, 0.00011212751269340515
2024-02-14 11:16:56 | TRACE   | query_time, 0.00012809596955776215
2024-02-14 11:16:56 | TRACE   | query_time, 0.00011402182281017303
2024-02-14 11:16:56 | TRACE   | query_time, 0.00012594275176525116
2024-02-14 11:16:56 | TRACE   | query_time, 0.00011437200009822845
2024-02-14 11:16:56 | TRACE   | query_time, 0.00011478923261165619
2024-02-14 11:16:56 | TRACE   | query_time, 0.00011334940791130066
2024-02-14 11:16:56 | TRACE   | query_time, 0.00011378340423107147
2024-02-14 11:16:56 | TRACE   | query_time, 0.00012920796871185303
2024-02-14 11:16:56 | TRACE   | query_time, 0.00011348351836204529
2024-02-14 11:16:56 | TRACE   | query_time, 0.0001132674515247345
2024-02-14 11:16:56 | TRACE   | query_time, 0.00012783147394657135
2024-02-14 11:16:56 | TRACE   | query_time, 0.00011136196553707123
2024-02-14 11:16:56 | TRACE   | query_time, 0.0001132134348154068
2024-02-14 11:16:56 | TRACE   | query_time, 0.00011376477777957916
2024-02-14 11:16:56 | TRACE   | query_time, 0.00012842193245887756
2024-02-14 11:16:56 | TRACE   | query_time, 0.00011287257075309753
2024-02-14 11:16:56 | TRACE   | query_time, 0.00011289678514003754
2024-02-14 11:16:56 | TRACE   | query_time, 0.0003934074193239212
2024-02-14 11:16:56 | TRACE   | query_time, 0.00043722614645957947
2024-02-14 11:16:56 | TRACE   | query_time, 0.00036784447729587555
2024-02-14 11:16:56 | TRACE   | query_time, 0.0003412123769521713
2024-02-14 11:16:56 | TRACE   | query_time, 0.0003720223903656006
2024-02-14 11:16:56 | TRACE   | query_time, 0.0003385227173566818
2024-02-14 11:16:56 | TRACE   | query_time, 0.00034334324300289154
2024-02-14 11:16:56 | TRACE   | query_time, 0.0003704708069562912
2024-02-14 11:16:56 | TRACE   | query_time, 0.0003579631447792053
2024-02-14 11:16:56 | TRACE   | query_time, 0.00034119002521038055
2024-02-14 11:16:56 | TRACE   | query_time, 0.0003684554249048233
2024-02-14 11:16:56 | TRACE   | query_time, 0.00033923983573913574
2024-02-14 11:16:56 | TRACE   | query_time, 0.00036954693496227264
2024-02-14 11:16:56 | TRACE   | query_time, 0.00033925287425518036
2024-02-14 11:16:56 | TRACE   | query_time, 0.00034123286604881287
2024-02-14 11:16:56 | TRACE   | query_time, 0.00035645440220832825
2024-02-14 11:16:56 | TRACE   | query_time, 0.00036880746483802795
2024-02-14 11:16:56 | TRACE   | query_time, 0.00034876540303230286
2024-02-14 11:16:56 | TRACE   | query_time, 0.00033880583941936493
2024-02-14 11:16:56 | TRACE   | query_time, 0.000341782346367836
2024-02-14 11:16:56 | TRACE   | query_time, 0.00034270063042640686
2024-02-14 11:16:56 | TRACE   | query_time, 0.0003734324127435684
2024-02-14 11:16:56 | TRACE   | query_time, 0.0003436766564846039
2024-02-14 11:16:56 | TRACE   | query_time, 0.00034371577203273773
2024-02-14 11:16:56 | TRACE   | query_time, 0.00036855414509773254
2024-02-14 11:16:56 | TRACE   | query_time, 0.00036953017115592957
2024-02-14 11:16:56 | TRACE   | query_time, 0.00038078613579273224
2024-02-14 11:16:56 | TRACE   | query_time, 0.00036850571632385254
2024-02-14 11:16:56 | TRACE   | query_time, 0.0003525111824274063
2024-02-14 11:16:56 | TRACE   | query_time, 0.00034199468791484833
2024-02-14 11:16:56 | TRACE   | query_time, 0.0003379248082637787
2024-02-14 11:16:56 | TRACE   | query_time, 0.00033948756754398346
2024-02-14 11:16:56 | TRACE   | query_time, 0.00034361332654953003
2024-02-14 11:16:56 | TRACE   | query_time, 0.0003726128488779068
2024-02-14 11:16:56 | TRACE   | query_time, 0.00034030526876449585
2024-02-14 11:16:56 | TRACE   | query_time, 0.0003480147570371628
2024-02-14 11:16:56 | TRACE   | query_time, 0.000340903177857399
2024-02-14 11:16:56 | TRACE   | query_time, 0.0003671366721391678
2024-02-14 11:16:56 | TRACE   | query_time, 0.0003520362079143524
2024-02-14 11:16:56 | TRACE   | query_time, 0.0003427322953939438
2024-02-14 11:16:56 | TRACE   | query_time, 0.0003387685865163803
2024-02-14 11:16:56 | TRACE   | query_time, 0.00033717602491378784
2024-02-14 11:16:56 | TRACE   | query_time, 0.0003383476287126541
2024-02-14 11:16:56 | TRACE   | query_time, 0.00033952854573726654
2024-02-14 11:16:56 | TRACE   | query_time, 0.0003776121884584427
2024-02-14 11:16:56 | TRACE   | query_time, 0.00034035369753837585
2024-02-14 11:16:56 | TRACE   | query_time, 0.00033812597393989563
2024-02-14 11:16:56 | TRACE   | query_time, 0.0003670230507850647
2024-02-14 11:16:56 | TRACE   | query_time, 0.0003380104899406433
2024-02-14 11:16:56 | TRACE   | query_time, 0.0003419704735279083
2024-02-14 11:16:56 | TRACE   | query_time, 0.00033636391162872314
2024-02-14 11:16:56 | TRACE   | query_time, 0.0003716070204973221
2024-02-14 11:16:56 | TRACE   | query_time, 0.00036848150193691254
2024-02-14 11:16:56 | TRACE   | query_time, 0.00037609413266181946
2024-02-14 11:16:56 | TRACE   | query_time, 0.00033752620220184326
2024-02-14 11:16:56 | TRACE   | query_time, 0.00034137628972530365
2024-02-14 11:16:56 | TRACE   | query_time, 0.0003382507711648941
2024-02-14 11:16:56 | TRACE   | query_time, 0.00036825425922870636
2024-02-14 11:16:56 | TRACE   | query_time, 0.00034143775701522827
2024-02-14 11:16:56 | TRACE   | query_time, 0.0003665722906589508
2024-02-14 11:16:56 | TRACE   | query_time, 0.0003393348306417465
2024-02-14 11:16:56 | TRACE   | query_time, 0.00036693550646305084
2024-02-14 11:16:56 | TRACE   | query_time, 0.00039670057594776154
2024-02-14 11:16:56 | TRACE   | query_time, 0.00036759674549102783
2024-02-14 11:16:56 | TRACE   | query_time, 0.0004004240036010742
2024-02-14 11:16:56 | TRACE   | query_time, 0.0004332680255174637
2024-02-14 11:16:56 | TRACE   | query_time, 0.0003691762685775757
2024-02-14 11:16:56 | TRACE   | query_time, 0.00034023821353912354
2024-02-14 11:16:56 | TRACE   | query_time, 0.0003370605409145355
2024-02-14 11:16:56 | TRACE   | query_time, 0.00033886171877384186
2024-02-14 11:16:56 | TRACE   | query_time, 0.0003691595047712326
2024-02-14 11:16:56 | TRACE   | query_time, 0.0003388877958059311
2024-02-14 11:16:56 | TRACE   | query_time, 0.00033778510987758636
2024-02-14 11:16:56 | TRACE   | query_time, 0.00033995136618614197
2024-02-14 11:16:56 | TRACE   | query_time, 0.0003578066825866699
2024-02-14 11:16:56 | TRACE   | query_time, 0.000341096892952919
2024-02-14 11:16:56 | TRACE   | query_time, 0.0003392193466424942
2024-02-14 11:16:56 | TRACE   | query_time, 0.000356847420334816
2024-02-14 11:16:56 | TRACE   | query_time, 0.00033910758793354034
2024-02-14 11:16:56 | TRACE   | query_time, 0.0003399718552827835
2024-02-14 11:16:56 | TRACE   | query_time, 0.00034630484879016876
2024-02-14 11:16:56 | TRACE   | query_time, 0.00037090666592121124
2024-02-14 11:16:56 | TRACE   | query_time, 0.00040423497557640076
2024-02-14 11:16:56 | TRACE   | query_time, 0.0003682561218738556
2024-02-14 11:16:56 | TRACE   | query_time, 0.00036710314452648163
2024-02-14 11:16:56 | TRACE   | query_time, 0.0003410317003726959
2024-02-14 11:16:56 | TRACE   | query_time, 0.00034189969301223755
2024-02-14 11:16:56 | TRACE   | query_time, 0.0003377627581357956
2024-02-14 11:16:56 | TRACE   | query_time, 0.00034154392778873444
2024-02-14 11:16:56 | TRACE   | query_time, 0.0003393571823835373
2024-02-14 11:16:56 | TRACE   | query_time, 0.0003383476287126541
2024-02-14 11:16:56 | TRACE   | query_time, 0.00036806799471378326
2024-02-14 11:16:56 | TRACE   | query_time, 0.000366920605301857
2024-02-14 11:16:56 | TRACE   | query_time, 0.0003671422600746155
2024-02-14 11:16:56 | TRACE   | query_time, 0.00042892061173915863
2024-02-14 11:16:56 | TRACE   | query_time, 0.00034209340810775757
2024-02-14 11:16:56 | TRACE   | query_time, 0.0004289541393518448
2024-02-14 11:16:56 | TRACE   | query_time, 0.0003748331218957901
2024-02-14 11:16:56 | TRACE   | query_time, 0.0003384053707122803
2024-02-14 11:16:56 | TRACE   | query_time, 0.0003402363508939743
2024-02-14 11:16:56 | TRACE   | query_time, 0.00033867359161376953
2024-02-14 11:16:56 | TRACE   | query_time, 0.0003438461571931839
2024-02-14 11:16:56 | TRACE   | query_time, 0.0003376360982656479
2024-02-14 11:16:56 | TRACE   | query_time, 0.00034071318805217743
2024-02-14 11:16:56 | TRACE   | query_time, 0.0003666672855615616
2024-02-14 11:16:56 | TRACE   | query_time, 0.00033655576407909393
2024-02-14 11:16:56 | TRACE   | query_time, 0.0003378000110387802
2024-02-14 11:16:56 | TRACE   | query_time, 0.0003403984010219574
2024-02-14 11:16:56 | TRACE   | query_time, 0.00033887289464473724
2024-02-14 11:16:56 | TRACE   | query_time, 0.0003675948828458786
2024-02-14 11:16:56 | TRACE   | query_time, 0.00033984333276748657
2024-02-14 11:16:56 | TRACE   | query_time, 0.0004018321633338928
2024-02-14 11:16:56 | TRACE   | query_time, 0.0004300978034734726
2024-02-14 11:16:56 | TRACE   | query_time, 0.0003695506602525711
2024-02-14 11:16:56 | TRACE   | query_time, 0.000341976061463356
2024-02-14 11:16:56 | TRACE   | query_time, 0.0003474336117506027
2024-02-14 11:16:56 | TRACE   | query_time, 0.0003393050283193588
2024-02-14 11:16:56 | TRACE   | query_time, 0.0003362242132425308
2024-02-14 11:16:56 | TRACE   | query_time, 0.00033915601670742035
2024-02-14 11:16:56 | TRACE   | query_time, 0.0003423839807510376
2024-02-14 11:16:56 | TRACE   | query_time, 0.0003684721887111664
2024-02-14 11:16:56 | TRACE   | query_time, 0.00038289837539196014
2024-02-14 11:16:56 | TRACE   | query_time, 0.00034129247069358826
2024-02-14 11:16:56 | TRACE   | query_time, 0.0003681294620037079
2024-02-14 11:16:56 | TRACE   | query_time, 0.00035999901592731476
2024-02-14 11:16:56 | TRACE   | query_time, 0.00037463195621967316
2024-02-14 11:16:56 | TRACE   | query_time, 0.00036729127168655396
2024-02-14 11:16:56 | TRACE   | query_time, 0.000365259125828743
2024-02-14 11:16:56 | TRACE   | query_time, 0.0003646276891231537
2024-02-14 11:16:56 | TRACE   | query_time, 0.00036638975143432617
2024-02-14 11:16:56 | TRACE   | query_time, 0.00036245211958885193
2024-02-14 11:16:56 | TRACE   | query_time, 0.00039072148501873016
2024-02-14 11:16:56 | TRACE   | query_time, 0.0003898218274116516
2024-02-14 11:16:56 | TRACE   | query_time, 0.00039839744567871094
2024-02-14 11:16:56 | TRACE   | query_time, 0.0004450492560863495
2024-02-14 11:16:56 | TRACE   | query_time, 0.00039341486990451813
2024-02-14 11:16:56 | TRACE   | query_time, 0.00036369822919368744
2024-02-14 11:16:56 | TRACE   | query_time, 0.00036506541073322296
2024-02-14 11:16:56 | TRACE   | query_time, 0.00036469101905822754
2024-02-14 11:16:56 | TRACE   | query_time, 0.00036493316292762756
2024-02-14 11:16:56 | TRACE   | query_time, 0.00039200857281684875
2024-02-14 11:16:56 | TRACE   | query_time, 0.0003778059035539627
2024-02-14 11:16:56 | TRACE   | query_time, 0.00039168819785118103
2024-02-14 11:16:56 | TRACE   | query_time, 0.00036587193608283997
2024-02-14 11:16:56 | TRACE   | query_time, 0.00036614201962947845
2024-02-14 11:16:56 | TRACE   | query_time, 0.0003616753965616226
2024-02-14 11:16:56 | TRACE   | query_time, 0.000364452600479126
2024-02-14 11:16:56 | TRACE   | query_time, 0.00036304257810115814
2024-02-14 11:16:56 | TRACE   | query_time, 0.0003954470157623291
2024-02-14 11:16:56 | TRACE   | query_time, 0.0004191044718027115
2024-02-14 11:16:56 | TRACE   | query_time, 0.00044506601989269257
2024-02-14 11:16:56 | TRACE   | query_time, 0.00039291195571422577
2024-02-14 11:16:56 | TRACE   | query_time, 0.00036581605672836304
2024-02-14 11:16:56 | TRACE   | query_time, 0.0003652125597000122
2024-02-14 11:16:56 | TRACE   | query_time, 0.0003674682229757309
2024-02-14 11:16:56 | TRACE   | query_time, 0.0003932323306798935
2024-02-14 11:16:56 | TRACE   | query_time, 0.00038835033774375916
2024-02-14 11:16:56 | TRACE   | query_time, 0.0004155319184064865
2024-02-14 11:16:56 | TRACE   | query_time, 0.0003939419984817505
2024-02-14 11:16:56 | TRACE   | query_time, 0.00043677911162376404
2024-02-14 11:16:56 | TRACE   | query_time, 0.00037960708141326904
2024-02-14 11:16:56 | TRACE   | query_time, 0.00039099715650081635
2024-02-14 11:16:56 | TRACE   | query_time, 0.00036367587745189667
2024-02-14 11:16:56 | TRACE   | query_time, 0.0003666076809167862
2024-02-14 11:16:56 | TRACE   | query_time, 0.0003633648157119751
2024-02-14 11:16:56 | TRACE   | query_time, 0.0003789179027080536
2024-02-14 11:16:56 | TRACE   | query_time, 0.0003992244601249695
2024-02-14 11:16:56 | TRACE   | query_time, 0.00039265677332878113
2024-02-14 11:16:56 | TRACE   | query_time, 0.00036648474633693695
2024-02-14 11:16:56 | TRACE   | query_time, 0.00043721869587898254
2024-02-14 11:16:56 | TRACE   | query_time, 0.0003658682107925415
2024-02-14 11:16:56 | TRACE   | query_time, 0.00036419183015823364
2024-02-14 11:16:56 | TRACE   | query_time, 0.0003686044365167618
2024-02-14 11:16:56 | TRACE   | query_time, 0.0003921855241060257
2024-02-14 11:16:56 | TRACE   | query_time, 0.00036467984318733215
2024-02-14 11:16:56 | TRACE   | query_time, 0.0004753619432449341
2024-02-14 11:16:56 | TRACE   | query_time, 0.00036542490124702454
2024-02-14 11:16:56 | TRACE   | query_time, 0.00036630779504776
2024-02-14 11:16:56 | TRACE   | query_time, 0.00043917447328567505
2024-02-14 11:16:56 | TRACE   | query_time, 0.00039133988320827484
2024-02-14 11:16:56 | TRACE   | query_time, 0.00036609917879104614
2024-02-14 11:16:56 | TRACE   | query_time, 0.00036628358066082
2024-02-14 11:16:56 | TRACE   | query_time, 0.0003777649253606796
2024-02-14 11:16:56 | TRACE   | query_time, 0.000400736927986145
2024-02-14 11:16:56 | TRACE   | query_time, 0.0003640279173851013
2024-02-14 11:16:56 | TRACE   | query_time, 0.0003915708512067795
2024-02-14 11:16:56 | TRACE   | query_time, 0.0003625601530075073
2024-02-14 11:16:56 | TRACE   | query_time, 0.00039203278720378876
2024-02-14 11:16:56 | TRACE   | query_time, 0.00038961879909038544
2024-02-14 11:16:56 | TRACE   | query_time, 0.000366944819688797
2024-02-14 11:16:56 | TRACE   | query_time, 0.00036390870809555054
2024-02-14 11:16:56 | TRACE   | query_time, 0.00036620907485485077
2024-02-14 11:16:56 | TRACE   | query_time, 0.0003668833523988724
2024-02-14 11:16:56 | TRACE   | query_time, 0.00036342255771160126
2024-02-14 11:16:56 | TRACE   | query_time, 0.00036594457924366
2024-02-14 11:16:56 | TRACE   | query_time, 0.00036603957414627075
2024-02-14 11:16:56 | TRACE   | query_time, 0.00038904696702957153
2024-02-14 11:16:56 | TRACE   | query_time, 0.00038878247141838074
2024-02-14 11:16:56 | TRACE   | query_time, 0.0003627557307481766
2024-02-14 11:16:56 | TRACE   | query_time, 0.0003912243992090225
2024-02-14 11:16:56 | TRACE   | query_time, 0.0004216395318508148
2024-02-14 11:16:56 | TRACE   | query_time, 0.0003640148788690567
2024-02-14 11:16:56 | TRACE   | query_time, 0.00039324909448623657
2024-02-14 11:16:56 | TRACE   | query_time, 0.0003896355628967285
2024-02-14 11:16:56 | TRACE   | query_time, 0.00036756694316864014
2024-02-14 11:16:56 | TRACE   | query_time, 0.00038922205567359924
2024-02-14 11:16:56 | TRACE   | query_time, 0.0003924518823623657
2024-02-14 11:16:56 | TRACE   | query_time, 0.0003682635724544525
2024-02-14 11:16:56 | TRACE   | query_time, 0.00036397576332092285
2024-02-14 11:16:56 | TRACE   | query_time, 0.00045167095959186554
2024-02-14 11:16:56 | TRACE   | query_time, 0.00036646798253059387
2024-02-14 11:16:56 | TRACE   | query_time, 0.00037774816155433655
2024-02-14 11:16:56 | TRACE   | query_time, 0.00045776739716529846
2024-02-14 11:16:56 | TRACE   | query_time, 0.00039253756403923035
2024-02-14 11:16:56 | TRACE   | query_time, 0.00039127469062805176
2024-02-14 11:16:56 | TRACE   | query_time, 0.0003669522702693939
2024-02-14 11:16:56 | TRACE   | query_time, 0.0003657341003417969
2024-02-14 11:16:56 | TRACE   | query_time, 0.00037157535552978516
2024-02-14 11:16:56 | TRACE   | query_time, 0.00039046257734298706
2024-02-14 11:16:56 | TRACE   | query_time, 0.0004430599510669708
2024-02-14 11:16:56 | TRACE   | query_time, 0.000390760600566864
2024-02-14 11:16:56 | TRACE   | query_time, 0.00036461465060710907
2024-02-14 11:16:56 | TRACE   | query_time, 0.0003887731581926346
2024-02-14 11:16:56 | TRACE   | query_time, 0.00036665797233581543
2024-02-14 11:16:56 | TRACE   | query_time, 0.0003656335175037384
2024-02-14 11:16:56 | TRACE   | query_time, 0.0004137568175792694
2024-02-14 11:16:56 | TRACE   | query_time, 0.00043655745685100555
2024-02-14 11:16:56 | TRACE   | query_time, 0.0003895983099937439
2024-02-14 11:16:56 | TRACE   | query_time, 0.0003883112221956253
2024-02-14 11:16:56 | TRACE   | query_time, 0.00036638975143432617
2024-02-14 11:16:56 | TRACE   | query_time, 0.00036412663757801056
2024-02-14 11:16:56 | TRACE   | query_time, 0.0003631375730037689
2024-02-14 11:16:56 | TRACE   | query_time, 0.0003696698695421219
2024-02-14 11:16:56 | TRACE   | query_time, 0.00036189332604408264
2024-02-14 11:16:56 | TRACE   | query_time, 0.00039608217775821686
2024-02-14 11:16:56 | TRACE   | query_time, 0.0003775395452976227
2024-02-14 11:16:56 | TRACE   | query_time, 0.00036819279193878174
2024-02-14 11:16:56 | TRACE   | query_time, 0.00036401674151420593
2024-02-14 11:16:56 | TRACE   | query_time, 0.00039121322333812714
2024-02-14 11:16:56 | TRACE   | query_time, 0.00036756694316864014
2024-02-14 11:16:56 | TRACE   | query_time, 0.00039085187017917633
2024-02-14 11:16:56 | TRACE   | query_time, 0.00037767738103866577
2024-02-14 11:16:56 | TRACE   | query_time, 0.00037094391882419586
2024-02-14 11:16:56 | TRACE   | query_time, 0.00036628730595111847
2024-02-14 11:16:56 | TRACE   | query_time, 0.00036315061151981354
2024-02-14 11:16:56 | TRACE   | query_time, 0.0003886595368385315
2024-02-14 11:16:56 | TRACE   | query_time, 0.00038010813295841217
2024-02-14 11:16:56 | TRACE   | query_time, 0.00036435388028621674
2024-02-14 11:16:56 | TRACE   | query_time, 0.0003879964351654053
2024-02-14 11:16:56 | TRACE   | query_time, 0.00036521628499031067
2024-02-14 11:16:56 | TRACE   | query_time, 0.0003651510924100876
2024-02-14 11:16:56 | TRACE   | query_time, 0.00037368759512901306
2024-02-14 11:16:56 | TRACE   | query_time, 0.0003922395408153534
2024-02-14 11:16:56 | TRACE   | query_time, 0.0003625769168138504
2024-02-14 11:16:56 | TRACE   | query_time, 0.0003637094050645828
