2024-02-14 10:37:35 | DEBUG   | {'input': PosixPath('data/open_data_usa/indices/microbenchmarks/rebinning-k900.zst'), 'input_type': 'index', 'queries': PosixPath('data/open_data_usa/queries/microbenchmarks.zst'), 'estimation_mode': None, 'index_mode': 'recall', 'output': None, 'workers': None, 'frequency_hists': False, 'suppress_results': False, 'log_level': 'INFO', 'log_file': PosixPath('logs/microbenchmarks/runtime/open_data_usa-rebinning-k900-single-4.log')}
2024-02-14 10:37:35 | DEBUG   | Loading input data from data/open_data_usa/indices/microbenchmarks/rebinning-k900.zst
2024-02-14 10:37:35 | DEBUG   | Loading queries from data/open_data_usa/queries/microbenchmarks.zst
2024-02-14 10:37:35 | TRACE   | bootstrap_time, 0.06933883810415864
2024-02-14 10:37:35 | DEBUG   | Starting execution
2024-02-14 10:37:35 | TRACE   | query_time, 0.0010798252187669277
2024-02-14 10:37:35 | TRACE   | query_time, 0.0007743868045508862
2024-02-14 10:37:35 | TRACE   | query_time, 0.0007610199972987175
2024-02-14 10:37:35 | TRACE   | query_time, 0.0007398142479360104
2024-02-14 10:37:35 | TRACE   | query_time, 0.0006828280165791512
2024-02-14 10:37:35 | TRACE   | query_time, 0.00069448072463274
2024-02-14 10:37:35 | TRACE   | query_time, 0.0009732963517308235
2024-02-14 10:37:35 | TRACE   | query_time, 0.0007603722624480724
2024-02-14 10:37:35 | TRACE   | query_time, 0.0006711799651384354
2024-02-14 10:37:35 | TRACE   | query_time, 0.0008091130293905735
2024-02-14 10:37:35 | TRACE   | query_time, 0.0006896858103573322
2024-02-14 10:37:35 | TRACE   | query_time, 0.0006897919811308384
2024-02-14 10:37:35 | TRACE   | query_time, 0.0007355841808021069
2024-02-14 10:37:35 | TRACE   | query_time, 0.0007564318366348743
2024-02-14 10:37:35 | TRACE   | query_time, 0.0006963000632822514
2024-02-14 10:37:35 | TRACE   | query_time, 0.0006714370101690292
2024-02-14 10:37:35 | TRACE   | query_time, 0.0007014358416199684
2024-02-14 10:37:35 | TRACE   | query_time, 0.0006975792348384857
2024-02-14 10:37:35 | TRACE   | query_time, 0.0006944593042135239
2024-02-14 10:37:35 | TRACE   | query_time, 0.0007189400494098663
2024-02-14 10:37:35 | TRACE   | query_time, 0.0008618482388556004
2024-02-14 10:37:35 | TRACE   | query_time, 0.000684667844325304
2024-02-14 10:37:35 | TRACE   | query_time, 0.0007181409746408463
2024-02-14 10:37:35 | TRACE   | query_time, 0.0007096612825989723
2024-02-14 10:37:35 | TRACE   | query_time, 0.0006914190016686916
2024-02-14 10:37:35 | TRACE   | query_time, 0.0007252758368849754
2024-02-14 10:37:35 | TRACE   | query_time, 0.0006960011087357998
2024-02-14 10:37:35 | TRACE   | query_time, 0.0008365772664546967
2024-02-14 10:37:35 | TRACE   | query_time, 0.00069450493901968
2024-02-14 10:37:35 | TRACE   | query_time, 0.0006924201734364033
2024-02-14 10:37:35 | TRACE   | query_time, 0.0009357254020869732
2024-02-14 10:37:35 | TRACE   | query_time, 0.0007151076570153236
2024-02-14 10:37:35 | TRACE   | query_time, 0.0007901191711425781
2024-02-14 10:37:35 | TRACE   | query_time, 0.0006924658082425594
2024-02-14 10:37:35 | TRACE   | query_time, 0.000790126621723175
2024-02-14 10:37:35 | TRACE   | query_time, 0.0006881887093186378
2024-02-14 10:37:35 | TRACE   | query_time, 0.0006806119345128536
2024-02-14 10:37:35 | TRACE   | query_time, 0.0009349463507533073
2024-02-14 10:37:35 | TRACE   | query_time, 0.0007130899466574192
2024-02-14 10:37:35 | TRACE   | query_time, 0.0008851927705109119
2024-02-14 10:37:35 | TRACE   | query_time, 0.0006908169016242027
2024-02-14 10:37:35 | TRACE   | query_time, 0.0008958401158452034
2024-02-14 10:37:35 | TRACE   | query_time, 0.0007157409563660622
2024-02-14 10:37:35 | TRACE   | query_time, 0.0008871769532561302
2024-02-14 10:37:35 | TRACE   | query_time, 0.000704196747392416
2024-02-14 10:37:35 | TRACE   | query_time, 0.0007163318805396557
2024-02-14 10:37:35 | TRACE   | query_time, 0.0007109837606549263
2024-02-14 10:37:35 | TRACE   | query_time, 0.0008345367386937141
2024-02-14 10:37:35 | TRACE   | query_time, 0.0006904168985784054
2024-02-14 10:37:35 | TRACE   | query_time, 0.0006961082108318806
2024-02-14 10:37:35 | TRACE   | query_time, 0.0010073739103972912
2024-02-14 10:37:35 | TRACE   | query_time, 0.0006970027461647987
2024-02-14 10:37:35 | TRACE   | query_time, 0.0009455899707973003
2024-02-14 10:37:35 | TRACE   | query_time, 0.000686075072735548
2024-02-14 10:37:35 | TRACE   | query_time, 0.0006994795985519886
2024-02-14 10:37:35 | TRACE   | query_time, 0.0008702883496880531
2024-02-14 10:37:35 | TRACE   | query_time, 0.0006785858422517776
2024-02-14 10:37:35 | TRACE   | query_time, 0.0006799330003559589
2024-02-14 10:37:35 | TRACE   | query_time, 0.0007133749313652515
2024-02-14 10:37:35 | TRACE   | query_time, 0.0006689219735562801
2024-02-14 10:37:35 | TRACE   | query_time, 0.0006865700706839561
2024-02-14 10:37:35 | TRACE   | query_time, 0.0007000919431447983
2024-02-14 10:37:35 | TRACE   | query_time, 0.0009922459721565247
2024-02-14 10:37:35 | TRACE   | query_time, 0.0006819767877459526
2024-02-14 10:37:35 | TRACE   | query_time, 0.0006938069127500057
2024-02-14 10:37:35 | TRACE   | query_time, 0.0006869910284876823
2024-02-14 10:37:35 | TRACE   | query_time, 0.0006885896436870098
2024-02-14 10:37:35 | TRACE   | query_time, 0.0006923200562596321
2024-02-14 10:37:35 | TRACE   | query_time, 0.0006811311468482018
2024-02-14 10:37:35 | TRACE   | query_time, 0.0006949547678232193
2024-02-14 10:37:35 | TRACE   | query_time, 0.0006951093673706055
2024-02-14 10:37:35 | TRACE   | query_time, 0.0006788196042180061
2024-02-14 10:37:35 | TRACE   | query_time, 0.0006851409561932087
2024-02-14 10:37:35 | TRACE   | query_time, 0.0007150829769670963
2024-02-14 10:37:35 | TRACE   | query_time, 0.0008128448389470577
2024-02-14 10:37:35 | TRACE   | query_time, 0.000706549733877182
2024-02-14 10:37:35 | TRACE   | query_time, 0.0006867977790534496
2024-02-14 10:37:35 | TRACE   | query_time, 0.0007022791542112827
2024-02-14 10:37:35 | TRACE   | query_time, 0.0006941412575542927
2024-02-14 10:37:35 | TRACE   | query_time, 0.0006841379217803478
2024-02-14 10:37:35 | TRACE   | query_time, 0.000702728983014822
2024-02-14 10:37:35 | TRACE   | query_time, 0.0006855269894003868
2024-02-14 10:37:35 | TRACE   | query_time, 0.0006816377863287926
2024-02-14 10:37:35 | TRACE   | query_time, 0.000922531820833683
2024-02-14 10:37:35 | TRACE   | query_time, 0.0006730137392878532
2024-02-14 10:37:35 | TRACE   | query_time, 0.0007569701410830021
2024-02-14 10:37:35 | TRACE   | query_time, 0.0007069199346005917
2024-02-14 10:37:35 | TRACE   | query_time, 0.0006823861040174961
2024-02-14 10:37:35 | TRACE   | query_time, 0.0007074717432260513
2024-02-14 10:37:35 | TRACE   | query_time, 0.0006919917650520802
2024-02-14 10:37:35 | TRACE   | query_time, 0.0009305421262979507
2024-02-14 10:37:35 | TRACE   | query_time, 0.0006724358536303043
2024-02-14 10:37:35 | TRACE   | query_time, 0.0006847097538411617
2024-02-14 10:37:35 | TRACE   | query_time, 0.0007049832493066788
2024-02-14 10:37:35 | TRACE   | query_time, 0.0006803241558372974
2024-02-14 10:37:35 | TRACE   | query_time, 0.0006854459643363953
2024-02-14 10:37:35 | TRACE   | query_time, 0.0006821136921644211
2024-02-14 10:37:35 | TRACE   | query_time, 0.0006653228774666786
2024-02-14 10:37:35 | TRACE   | query_time, 0.0006842906586825848
2024-02-14 10:37:35 | TRACE   | query_time, 0.0006714160554111004
2024-02-14 10:37:35 | TRACE   | query_time, 0.0009706602431833744
2024-02-14 10:37:35 | TRACE   | query_time, 0.0007437756285071373
2024-02-14 10:37:35 | TRACE   | query_time, 0.0007048049010336399
2024-02-14 10:37:35 | TRACE   | query_time, 0.0006888667121529579
2024-02-14 10:37:35 | TRACE   | query_time, 0.000683935359120369
2024-02-14 10:37:35 | TRACE   | query_time, 0.0006828736513853073
2024-02-14 10:37:35 | TRACE   | query_time, 0.0006809206679463387
2024-02-14 10:37:35 | TRACE   | query_time, 0.000706829596310854
2024-02-14 10:37:35 | TRACE   | query_time, 0.0006620101630687714
2024-02-14 10:37:35 | TRACE   | query_time, 0.0006851730868220329
2024-02-14 10:37:35 | TRACE   | query_time, 0.0006710919551551342
2024-02-14 10:37:35 | TRACE   | query_time, 0.0006859307177364826
2024-02-14 10:37:35 | TRACE   | query_time, 0.0009353309869766235
2024-02-14 10:37:35 | TRACE   | query_time, 0.0006927922368049622
2024-02-14 10:37:35 | TRACE   | query_time, 0.0006911749951541424
2024-02-14 10:37:35 | TRACE   | query_time, 0.0007926728576421738
2024-02-14 10:37:35 | TRACE   | query_time, 0.0009549041278660297
2024-02-14 10:37:35 | TRACE   | query_time, 0.0006564590148627758
2024-02-14 10:37:35 | TRACE   | query_time, 0.0007078442722558975
2024-02-14 10:37:35 | TRACE   | query_time, 0.0009549129754304886
2024-02-14 10:37:35 | TRACE   | query_time, 0.0006795590743422508
2024-02-14 10:37:35 | TRACE   | query_time, 0.0006854981184005737
2024-02-14 10:37:35 | TRACE   | query_time, 0.00074032973498106
2024-02-14 10:37:35 | TRACE   | query_time, 0.0006990730762481689
2024-02-14 10:37:35 | TRACE   | query_time, 0.0006970600225031376
2024-02-14 10:37:35 | TRACE   | query_time, 0.0006894571706652641
2024-02-14 10:37:35 | TRACE   | query_time, 0.0006760349497199059
2024-02-14 10:37:35 | TRACE   | query_time, 0.000658474862575531
2024-02-14 10:37:35 | TRACE   | query_time, 0.0006586830131709576
2024-02-14 10:37:35 | TRACE   | query_time, 0.0007546287961304188
2024-02-14 10:37:35 | TRACE   | query_time, 0.0006974660791456699
2024-02-14 10:37:35 | TRACE   | query_time, 0.0006749839521944523
2024-02-14 10:37:35 | TRACE   | query_time, 0.0006567877717316151
2024-02-14 10:37:35 | TRACE   | query_time, 0.0006923298351466656
2024-02-14 10:37:35 | TRACE   | query_time, 0.0007093371823430061
2024-02-14 10:37:35 | TRACE   | query_time, 0.0009250929579138756
2024-02-14 10:37:35 | TRACE   | query_time, 0.000671914778649807
2024-02-14 10:37:35 | TRACE   | query_time, 0.0007029823027551174
2024-02-14 10:37:35 | TRACE   | query_time, 0.0006935675628483295
2024-02-14 10:37:35 | TRACE   | query_time, 0.0007933932356536388
2024-02-14 10:37:35 | TRACE   | query_time, 0.0006834887899458408
2024-02-14 10:37:35 | TRACE   | query_time, 0.0006586569361388683
2024-02-14 10:37:35 | TRACE   | query_time, 0.0006910180673003197
2024-02-14 10:37:35 | TRACE   | query_time, 0.0006703347899019718
2024-02-14 10:37:35 | TRACE   | query_time, 0.0009561739861965179
2024-02-14 10:37:35 | TRACE   | query_time, 0.000683286227285862
2024-02-14 10:37:35 | TRACE   | query_time, 0.0009521259926259518
2024-02-14 10:37:35 | TRACE   | query_time, 0.0006641708314418793
2024-02-14 10:37:35 | TRACE   | query_time, 0.0006710439920425415
2024-02-14 10:37:35 | TRACE   | query_time, 0.0006679692305624485
2024-02-14 10:37:35 | TRACE   | query_time, 0.0008424380794167519
2024-02-14 10:37:35 | TRACE   | query_time, 0.000965846236795187
2024-02-14 10:37:35 | TRACE   | query_time, 0.0006636078469455242
2024-02-14 10:37:35 | TRACE   | query_time, 0.0007006758823990822
2024-02-14 10:37:35 | TRACE   | query_time, 0.0006696246564388275
2024-02-14 10:37:35 | TRACE   | query_time, 0.0006988220848143101
2024-02-14 10:37:35 | TRACE   | query_time, 0.0006742500700056553
2024-02-14 10:37:35 | TRACE   | query_time, 0.000782298855483532
2024-02-14 10:37:35 | TRACE   | query_time, 0.0006899028085172176
2024-02-14 10:37:35 | TRACE   | query_time, 0.0006697475910186768
2024-02-14 10:37:35 | TRACE   | query_time, 0.0006583184003829956
2024-02-14 10:37:35 | TRACE   | query_time, 0.0009334050118923187
2024-02-14 10:37:35 | TRACE   | query_time, 0.0006803269498050213
2024-02-14 10:37:35 | TRACE   | query_time, 0.0009587099775671959
2024-02-14 10:37:35 | TRACE   | query_time, 0.0006703990511596203
2024-02-14 10:37:35 | TRACE   | query_time, 0.0007289759814739227
2024-02-14 10:37:35 | TRACE   | query_time, 0.0006901547312736511
2024-02-14 10:37:35 | TRACE   | query_time, 0.0006706132553517818
2024-02-14 10:37:35 | TRACE   | query_time, 0.0006705201230943203
2024-02-14 10:37:35 | TRACE   | query_time, 0.0008621038869023323
2024-02-14 10:37:35 | TRACE   | query_time, 0.0006739390082657337
2024-02-14 10:37:35 | TRACE   | query_time, 0.0006933608092367649
2024-02-14 10:37:35 | TRACE   | query_time, 0.0006546908989548683
2024-02-14 10:37:35 | TRACE   | query_time, 0.0007448461838066578
2024-02-14 10:37:35 | TRACE   | query_time, 0.0006928867660462856
2024-02-14 10:37:35 | TRACE   | query_time, 0.0006525414064526558
2024-02-14 10:37:35 | TRACE   | query_time, 0.0006708321161568165
2024-02-14 10:37:35 | TRACE   | query_time, 0.00068624597042799
2024-02-14 10:37:35 | TRACE   | query_time, 0.0006785592995584011
2024-02-14 10:37:35 | TRACE   | query_time, 0.0007009068503975868
2024-02-14 10:37:35 | TRACE   | query_time, 0.0006868811324238777
2024-02-14 10:37:35 | TRACE   | query_time, 0.0006698272190988064
2024-02-14 10:37:35 | TRACE   | query_time, 0.000786270946264267
2024-02-14 10:37:35 | TRACE   | query_time, 0.0006621628999710083
2024-02-14 10:37:35 | TRACE   | query_time, 0.0006535290740430355
2024-02-14 10:37:35 | TRACE   | query_time, 0.0006713499315083027
2024-02-14 10:37:35 | TRACE   | query_time, 0.000938864890486002
2024-02-14 10:37:35 | TRACE   | query_time, 0.0006549819372594357
2024-02-14 10:37:35 | TRACE   | query_time, 0.0006884499453008175
2024-02-14 10:37:35 | TRACE   | query_time, 0.0006988500244915485
2024-02-14 10:37:35 | TRACE   | query_time, 0.0009372630156576633
2024-02-14 10:37:35 | TRACE   | query_time, 0.0006596120074391365
2024-02-14 10:37:35 | TRACE   | query_time, 0.0006675231270492077
2024-02-14 10:37:35 | TRACE   | query_time, 0.000645563006401062
2024-02-14 10:37:35 | TRACE   | query_time, 0.0006731529720127583
2024-02-14 10:37:35 | TRACE   | query_time, 0.0009653880260884762
2024-02-14 10:37:35 | TRACE   | query_time, 0.0006378800608217716
2024-02-14 10:37:35 | TRACE   | query_time, 0.0006842128932476044
2024-02-14 10:37:35 | TRACE   | query_time, 0.0006464929319918156
2024-02-14 10:37:35 | TRACE   | query_time, 0.0006797290407121181
2024-02-14 10:37:35 | TRACE   | query_time, 0.0006676660850644112
2024-02-14 10:37:35 | TRACE   | query_time, 0.0007859328761696815
2024-02-14 10:37:35 | TRACE   | query_time, 0.0006880420260131359
2024-02-14 10:37:35 | TRACE   | query_time, 0.0006854902021586895
2024-02-14 10:37:35 | TRACE   | query_time, 0.0006771069020032883
2024-02-14 10:37:35 | TRACE   | query_time, 0.0007943511009216309
2024-02-14 10:37:35 | TRACE   | query_time, 0.0006851702928543091
2024-02-14 10:37:35 | TRACE   | query_time, 0.0007703178562223911
2024-02-14 10:37:35 | TRACE   | query_time, 0.0006579849869012833
2024-02-14 10:37:35 | TRACE   | query_time, 0.0006832289509475231
2024-02-14 10:37:35 | TRACE   | query_time, 0.0009474772959947586
2024-02-14 10:37:35 | TRACE   | query_time, 0.0007173218764364719
2024-02-14 10:37:35 | TRACE   | query_time, 0.0006896969862282276
2024-02-14 10:37:35 | TRACE   | query_time, 0.0006651440635323524
2024-02-14 10:37:35 | TRACE   | query_time, 0.0006476701237261295
2024-02-14 10:37:35 | TRACE   | query_time, 0.0006685038097202778
2024-02-14 10:37:35 | TRACE   | query_time, 0.0009647808037698269
2024-02-14 10:37:35 | TRACE   | query_time, 0.0006795669905841351
2024-02-14 10:37:35 | TRACE   | query_time, 0.0007388051599264145
2024-02-14 10:37:35 | TRACE   | query_time, 0.0006746603175997734
2024-02-14 10:37:35 | TRACE   | query_time, 0.000650766771286726
2024-02-14 10:37:35 | TRACE   | query_time, 0.0006683673709630966
2024-02-14 10:37:35 | TRACE   | query_time, 0.0006833258084952831
2024-02-14 10:37:35 | TRACE   | query_time, 0.0006582592613995075
2024-02-14 10:37:35 | TRACE   | query_time, 0.0008345181122422218
2024-02-14 10:37:35 | TRACE   | query_time, 0.0006705122068524361
2024-02-14 10:37:35 | TRACE   | query_time, 0.0006826710887253284
2024-02-14 10:37:35 | TRACE   | query_time, 0.0006818338297307491
2024-02-14 10:37:35 | TRACE   | query_time, 0.0006849216297268867
2024-02-14 10:37:35 | TRACE   | query_time, 0.000666480977088213
2024-02-14 10:37:35 | TRACE   | query_time, 0.0007756459526717663
2024-02-14 10:37:35 | TRACE   | query_time, 0.0006662621162831783
2024-02-14 10:37:35 | TRACE   | query_time, 0.0007756659761071205
2024-02-14 10:37:35 | TRACE   | query_time, 0.0006663021631538868
2024-02-14 10:37:35 | TRACE   | query_time, 0.0009455680847167969
2024-02-14 10:37:35 | TRACE   | query_time, 0.0006575016304850578
2024-02-14 10:37:35 | TRACE   | query_time, 0.0006490182131528854
2024-02-14 10:37:35 | TRACE   | query_time, 0.0006700619123876095
2024-02-14 10:37:35 | TRACE   | query_time, 0.0006629489362239838
2024-02-14 10:37:35 | TRACE   | query_time, 0.0006801770068705082
2024-02-14 10:37:35 | TRACE   | query_time, 0.0006759692914783955
2024-02-14 10:37:35 | TRACE   | query_time, 0.0006864252500236034
2024-02-14 10:37:35 | TRACE   | query_time, 0.0006627868860960007
2024-02-14 10:37:35 | TRACE   | query_time, 0.0006717699579894543
2024-02-14 10:37:35 | TRACE   | query_time, 0.0008369158022105694
2024-02-14 10:37:35 | TRACE   | query_time, 0.0006725220009684563
2024-02-14 10:37:35 | TRACE   | query_time, 0.0006833607330918312
2024-02-14 10:37:35 | TRACE   | query_time, 0.0006633647717535496
2024-02-14 10:37:35 | TRACE   | query_time, 0.0006639841012656689
2024-02-14 10:37:35 | TRACE   | query_time, 0.000669785775244236
2024-02-14 10:37:35 | TRACE   | query_time, 0.0006484072655439377
2024-02-14 10:37:35 | TRACE   | query_time, 0.0006653168238699436
2024-02-14 10:37:35 | TRACE   | query_time, 0.0006431760266423225
2024-02-14 10:37:35 | TRACE   | query_time, 0.0006634257733821869
2024-02-14 10:37:35 | TRACE   | query_time, 0.0006795129738748074
2024-02-14 10:37:35 | TRACE   | query_time, 0.0009427252225577831
2024-02-14 10:37:35 | TRACE   | query_time, 0.0006630467250943184
2024-02-14 10:37:35 | TRACE   | query_time, 0.0006728530861437321
2024-02-14 10:37:35 | TRACE   | query_time, 0.0006816210225224495
2024-02-14 10:37:35 | TRACE   | query_time, 0.000664690975099802
2024-02-14 10:37:35 | TRACE   | query_time, 0.0008313963189721107
2024-02-14 10:37:35 | TRACE   | query_time, 0.0006877370178699493
2024-02-14 10:37:35 | TRACE   | query_time, 0.0007307007908821106
2024-02-14 10:37:35 | TRACE   | query_time, 0.0006590359844267368
2024-02-14 10:37:35 | TRACE   | query_time, 0.0006670127622783184
2024-02-14 10:37:35 | TRACE   | query_time, 0.000679852906614542
2024-02-14 10:37:35 | TRACE   | query_time, 0.0008323020301759243
2024-02-14 10:37:35 | TRACE   | query_time, 0.0007811952382326126
2024-02-14 10:37:35 | TRACE   | query_time, 0.0006839060224592686
2024-02-14 10:37:35 | TRACE   | query_time, 0.0006632492877542973
2024-02-14 10:37:35 | TRACE   | query_time, 0.0006571351550519466
2024-02-14 10:37:35 | TRACE   | query_time, 0.0007875161245465279
2024-02-14 10:37:35 | TRACE   | query_time, 0.0006920099258422852
2024-02-14 10:37:35 | TRACE   | query_time, 0.0007632668130099773
2024-02-14 10:37:35 | TRACE   | query_time, 0.0006778412498533726
2024-02-14 10:37:35 | TRACE   | query_time, 0.0009277029894292355
2024-02-14 10:37:35 | TRACE   | query_time, 0.0006542927585542202
2024-02-14 10:37:35 | TRACE   | query_time, 0.0009543150663375854
2024-02-14 10:37:35 | TRACE   | query_time, 0.0006539798341691494
2024-02-14 10:37:35 | TRACE   | query_time, 0.0007147560827434063
2024-02-14 10:37:35 | TRACE   | query_time, 0.0006610318087041378
2024-02-14 10:37:35 | TRACE   | query_time, 0.0006609177216887474
2024-02-14 10:37:35 | TRACE   | query_time, 0.0006705359555780888
2024-02-14 10:37:35 | TRACE   | query_time, 0.0006802324205636978
2024-02-14 10:37:35 | TRACE   | query_time, 0.0007183272391557693
2024-02-14 10:37:35 | TRACE   | query_time, 0.000657516997307539
2024-02-14 10:37:35 | TRACE   | query_time, 0.0006770240142941475
2024-02-14 10:37:35 | TRACE   | query_time, 0.0006725648418068886
2024-02-14 10:37:35 | TRACE   | query_time, 0.0006469814106822014
2024-02-14 10:37:35 | TRACE   | query_time, 0.0006552152335643768
2024-02-14 10:37:35 | TRACE   | query_time, 0.0006582541391253471
2024-02-14 10:37:35 | TRACE   | query_time, 0.0006618266925215721
2024-02-14 10:37:35 | TRACE   | query_time, 0.0006808671168982983
2024-02-14 10:37:35 | TRACE   | query_time, 0.0006869407370686531
2024-02-14 10:37:35 | TRACE   | query_time, 0.0006580222398042679
2024-02-14 10:37:35 | TRACE   | query_time, 0.0007690852507948875
2024-02-14 10:37:35 | TRACE   | query_time, 0.0007625208236277103
2024-02-14 10:37:35 | TRACE   | query_time, 0.0006458130665123463
2024-02-14 10:37:35 | TRACE   | query_time, 0.0006854888051748276
2024-02-14 10:37:35 | TRACE   | query_time, 0.0006759278476238251
2024-02-14 10:37:35 | TRACE   | query_time, 0.0006544799543917179
2024-02-14 10:37:35 | TRACE   | query_time, 0.0006595510058104992
2024-02-14 10:37:35 | TRACE   | query_time, 0.0006805113516747952
2024-02-14 10:37:35 | TRACE   | query_time, 0.002686313819140196
2024-02-14 10:37:35 | TRACE   | query_time, 0.0007024379447102547
2024-02-14 10:37:35 | TRACE   | query_time, 0.0006581488996744156
2024-02-14 10:37:35 | TRACE   | query_time, 0.000638812780380249
2024-02-14 10:37:35 | TRACE   | query_time, 0.0007782541215419769
2024-02-14 10:37:35 | TRACE   | query_time, 0.0006641070358455181
2024-02-14 10:37:35 | TRACE   | query_time, 0.0007613510824739933
2024-02-14 10:37:35 | TRACE   | query_time, 0.0006645368412137032
2024-02-14 10:37:35 | TRACE   | query_time, 0.0006554080173373222
2024-02-14 10:37:35 | TRACE   | query_time, 0.0006741960532963276
2024-02-14 10:37:35 | TRACE   | query_time, 0.0008697551675140858
2024-02-14 10:37:35 | TRACE   | query_time, 0.0006369482725858688
2024-02-14 10:37:35 | TRACE   | query_time, 0.0006696986965835094
2024-02-14 10:37:35 | TRACE   | query_time, 0.0008633239194750786
2024-02-14 10:37:35 | TRACE   | query_time, 0.000657370314002037
2024-02-14 10:37:35 | TRACE   | query_time, 0.0008901301771402359
2024-02-14 10:37:35 | TRACE   | query_time, 0.0006550461985170841
2024-02-14 10:37:35 | TRACE   | query_time, 0.0006748219020664692
2024-02-14 10:37:35 | TRACE   | query_time, 0.0006533050909638405
2024-02-14 10:37:35 | TRACE   | query_time, 0.000655733048915863
2024-02-14 10:37:35 | TRACE   | query_time, 0.0008123521693050861
2024-02-14 10:37:35 | TRACE   | query_time, 0.0006600520573556423
2024-02-14 10:37:35 | TRACE   | query_time, 0.0006298068910837173
2024-02-14 10:37:35 | TRACE   | query_time, 0.0007155891507863998
2024-02-14 10:37:35 | TRACE   | query_time, 0.0006558308377861977
2024-02-14 10:37:35 | TRACE   | query_time, 0.0006433767266571522
2024-02-14 10:37:35 | TRACE   | query_time, 0.0006461828015744686
2024-02-14 10:37:35 | TRACE   | query_time, 0.0007600910030305386
2024-02-14 10:37:35 | TRACE   | query_time, 0.0006681219674646854
2024-02-14 10:37:35 | TRACE   | query_time, 0.0006548920646309853
2024-02-14 10:37:35 | TRACE   | query_time, 0.00722623523324728
2024-02-14 10:37:35 | TRACE   | query_time, 0.006897435057908297
2024-02-14 10:37:35 | TRACE   | query_time, 0.005931194871664047
2024-02-14 10:37:35 | TRACE   | query_time, 0.005778325255960226
2024-02-14 10:37:35 | TRACE   | query_time, 0.006223634816706181
2024-02-14 10:37:35 | TRACE   | query_time, 0.005722044035792351
2024-02-14 10:37:35 | TRACE   | query_time, 0.005691251251846552
2024-02-14 10:37:35 | TRACE   | query_time, 0.005965362768620253
2024-02-14 10:37:35 | TRACE   | query_time, 0.005625313147902489
2024-02-14 10:37:35 | TRACE   | query_time, 0.005632374901324511
2024-02-14 10:37:35 | TRACE   | query_time, 0.005949709098786116
2024-02-14 10:37:35 | TRACE   | query_time, 0.005660898983478546
2024-02-14 10:37:35 | TRACE   | query_time, 0.005994844250380993
2024-02-14 10:37:35 | TRACE   | query_time, 0.005620041862130165
2024-02-14 10:37:35 | TRACE   | query_time, 0.005593006033450365
2024-02-14 10:37:35 | TRACE   | query_time, 0.005796274170279503
2024-02-14 10:37:35 | TRACE   | query_time, 0.006137752905488014
2024-02-14 10:37:35 | TRACE   | query_time, 0.005612267646938562
2024-02-14 10:37:35 | TRACE   | query_time, 0.005615256726741791
2024-02-14 10:37:35 | TRACE   | query_time, 0.005560214165598154
2024-02-14 10:37:35 | TRACE   | query_time, 0.005469920113682747
2024-02-14 10:37:35 | TRACE   | query_time, 0.005829138681292534
2024-02-14 10:37:35 | TRACE   | query_time, 0.005388136021792889
2024-02-14 10:37:35 | TRACE   | query_time, 0.005531121976673603
2024-02-14 10:37:35 | TRACE   | query_time, 0.005837749224156141
2024-02-14 10:37:35 | TRACE   | query_time, 0.005784922745078802
2024-02-14 10:37:35 | TRACE   | query_time, 0.00589662604033947
2024-02-14 10:37:35 | TRACE   | query_time, 0.005910530686378479
2024-02-14 10:37:35 | TRACE   | query_time, 0.00571550102904439
2024-02-14 10:37:35 | TRACE   | query_time, 0.0053292918018996716
2024-02-14 10:37:35 | TRACE   | query_time, 0.005301597993820906
2024-02-14 10:37:35 | TRACE   | query_time, 0.005586617160588503
2024-02-14 10:37:35 | TRACE   | query_time, 0.0053946771658957005
2024-02-14 10:37:35 | TRACE   | query_time, 0.006013547070324421
2024-02-14 10:37:35 | TRACE   | query_time, 0.005521274171769619
2024-02-14 10:37:35 | TRACE   | query_time, 0.005308971274644136
2024-02-14 10:37:35 | TRACE   | query_time, 0.005491854157298803
2024-02-14 10:37:35 | TRACE   | query_time, 0.005763299763202667
2024-02-14 10:37:35 | TRACE   | query_time, 0.0057065351866185665
2024-02-14 10:37:35 | TRACE   | query_time, 0.005443469155579805
2024-02-14 10:37:35 | TRACE   | query_time, 0.005550175905227661
2024-02-14 10:37:35 | TRACE   | query_time, 0.005366041790693998
2024-02-14 10:37:35 | TRACE   | query_time, 0.00560010364279151
2024-02-14 10:37:35 | TRACE   | query_time, 0.005545149091631174
2024-02-14 10:37:35 | TRACE   | query_time, 0.005703069269657135
2024-02-14 10:37:35 | TRACE   | query_time, 0.005527879111468792
2024-02-14 10:37:35 | TRACE   | query_time, 0.005548209883272648
2024-02-14 10:37:35 | TRACE   | query_time, 0.005687646102160215
2024-02-14 10:37:35 | TRACE   | query_time, 0.005534737836569548
2024-02-14 10:37:35 | TRACE   | query_time, 0.0055611468851566315
2024-02-14 10:37:35 | TRACE   | query_time, 0.005723994225263596
2024-02-14 10:37:35 | TRACE   | query_time, 0.005823847837746143
2024-02-14 10:37:35 | TRACE   | query_time, 0.005771525204181671
2024-02-14 10:37:36 | TRACE   | query_time, 0.0060569182969629765
2024-02-14 10:37:36 | TRACE   | query_time, 0.005614707246422768
2024-02-14 10:37:36 | TRACE   | query_time, 0.005290478002279997
2024-02-14 10:37:36 | TRACE   | query_time, 0.00558179896324873
2024-02-14 10:37:36 | TRACE   | query_time, 0.005818522069603205
2024-02-14 10:37:36 | TRACE   | query_time, 0.005446026101708412
2024-02-14 10:37:36 | TRACE   | query_time, 0.0056095910258591175
2024-02-14 10:37:36 | TRACE   | query_time, 0.0054635461419820786
2024-02-14 10:37:36 | TRACE   | query_time, 0.005783773958683014
2024-02-14 10:37:36 | TRACE   | query_time, 0.006321758963167667
2024-02-14 10:37:36 | TRACE   | query_time, 0.005747429095208645
2024-02-14 10:37:36 | TRACE   | query_time, 0.0063847447745501995
2024-02-14 10:37:36 | TRACE   | query_time, 0.006481116637587547
2024-02-14 10:37:36 | TRACE   | query_time, 0.005981531925499439
2024-02-14 10:37:36 | TRACE   | query_time, 0.004218459129333496
2024-02-14 10:37:36 | TRACE   | query_time, 0.005737370811402798
2024-02-14 10:37:36 | TRACE   | query_time, 0.005473397206515074
2024-02-14 10:37:36 | TRACE   | query_time, 0.005648407619446516
2024-02-14 10:37:36 | TRACE   | query_time, 0.005379325710237026
2024-02-14 10:37:36 | TRACE   | query_time, 0.005465323105454445
2024-02-14 10:37:36 | TRACE   | query_time, 0.005407670047134161
2024-02-14 10:37:36 | TRACE   | query_time, 0.005571539048105478
2024-02-14 10:37:36 | TRACE   | query_time, 0.0054491739720106125
2024-02-14 10:37:36 | TRACE   | query_time, 0.00543602230027318
2024-02-14 10:37:36 | TRACE   | query_time, 0.0054772081784904
2024-02-14 10:37:36 | TRACE   | query_time, 0.005439809989184141
2024-02-14 10:37:36 | TRACE   | query_time, 0.005415218882262707
2024-02-14 10:37:36 | TRACE   | query_time, 0.005429294891655445
2024-02-14 10:37:36 | TRACE   | query_time, 0.005839311983436346
2024-02-14 10:37:36 | TRACE   | query_time, 0.006304596085101366
2024-02-14 10:37:36 | TRACE   | query_time, 0.005723294336348772
2024-02-14 10:37:36 | TRACE   | query_time, 0.005837469827383757
2024-02-14 10:37:36 | TRACE   | query_time, 0.004178719129413366
2024-02-14 10:37:36 | TRACE   | query_time, 0.0056700920686125755
2024-02-14 10:37:36 | TRACE   | query_time, 0.004419886972755194
2024-02-14 10:37:36 | TRACE   | query_time, 0.004497544374316931
2024-02-14 10:37:36 | TRACE   | query_time, 0.004389102570712566
2024-02-14 10:37:36 | TRACE   | query_time, 0.00457428116351366
2024-02-14 10:37:36 | TRACE   | query_time, 0.005945928860455751
2024-02-14 10:37:36 | TRACE   | query_time, 0.00574785890057683
2024-02-14 10:37:36 | TRACE   | query_time, 0.005845048930495977
2024-02-14 10:37:36 | TRACE   | query_time, 0.006425222847610712
2024-02-14 10:37:36 | TRACE   | query_time, 0.004338402766734362
2024-02-14 10:37:36 | TRACE   | query_time, 0.006558286026120186
2024-02-14 10:37:36 | TRACE   | query_time, 0.005899153649806976
2024-02-14 10:37:36 | TRACE   | query_time, 0.004150853026658297
2024-02-14 10:37:36 | TRACE   | query_time, 0.004299047868698835
2024-02-14 10:37:36 | TRACE   | query_time, 0.004638061858713627
2024-02-14 10:37:36 | TRACE   | query_time, 0.0044083199463784695
2024-02-14 10:37:36 | TRACE   | query_time, 0.004314056597650051
2024-02-14 10:37:36 | TRACE   | query_time, 0.0046171280555427074
2024-02-14 10:37:36 | TRACE   | query_time, 0.005825296975672245
2024-02-14 10:37:36 | TRACE   | query_time, 0.004140971694141626
2024-02-14 10:37:36 | TRACE   | query_time, 0.004505509044975042
2024-02-14 10:37:36 | TRACE   | query_time, 0.004607770126312971
2024-02-14 10:37:36 | TRACE   | query_time, 0.004649905022233725
2024-02-14 10:37:36 | TRACE   | query_time, 0.005914406850934029
2024-02-14 10:37:36 | TRACE   | query_time, 0.004462161101400852
2024-02-14 10:37:36 | TRACE   | query_time, 0.0065035130828619
2024-02-14 10:37:36 | TRACE   | query_time, 0.006313786841928959
2024-02-14 10:37:36 | TRACE   | query_time, 0.0056131090968847275
2024-02-14 10:37:36 | TRACE   | query_time, 0.004393899347633123
2024-02-14 10:37:36 | TRACE   | query_time, 0.0044448100961744785
2024-02-14 10:37:36 | TRACE   | query_time, 0.004546340089291334
2024-02-14 10:37:36 | TRACE   | query_time, 0.004618945997208357
2024-02-14 10:37:36 | TRACE   | query_time, 0.00432622293010354
2024-02-14 10:37:36 | TRACE   | query_time, 0.004388481844216585
2024-02-14 10:37:36 | TRACE   | query_time, 0.005723509006202221
2024-02-14 10:37:36 | TRACE   | query_time, 0.0061133489944040775
2024-02-14 10:37:36 | TRACE   | query_time, 0.00435037724673748
2024-02-14 10:37:36 | TRACE   | query_time, 0.005859948229044676
2024-02-14 10:37:36 | TRACE   | query_time, 0.004521999973803759
2024-02-14 10:37:36 | TRACE   | query_time, 0.008521061856299639
2024-02-14 10:37:36 | TRACE   | query_time, 0.00801373878493905
2024-02-14 10:37:36 | TRACE   | query_time, 0.007993949111551046
2024-02-14 10:37:36 | TRACE   | query_time, 0.007811211980879307
2024-02-14 10:37:36 | TRACE   | query_time, 0.007900101132690907
2024-02-14 10:37:36 | TRACE   | query_time, 0.0077154627069830894
2024-02-14 10:37:36 | TRACE   | query_time, 0.007992235012352467
2024-02-14 10:37:36 | TRACE   | query_time, 0.00804579583927989
2024-02-14 10:37:36 | TRACE   | query_time, 0.008062346838414669
2024-02-14 10:37:36 | TRACE   | query_time, 0.008217686787247658
2024-02-14 10:37:36 | TRACE   | query_time, 0.00805080309510231
2024-02-14 10:37:36 | TRACE   | query_time, 0.007867177948355675
2024-02-14 10:37:36 | TRACE   | query_time, 0.007838383782655
2024-02-14 10:37:36 | TRACE   | query_time, 0.007616078946739435
2024-02-14 10:37:36 | TRACE   | query_time, 0.007631063926964998
2024-02-14 10:37:36 | TRACE   | query_time, 0.00787725206464529
2024-02-14 10:37:36 | TRACE   | query_time, 0.007784361019730568
2024-02-14 10:37:36 | TRACE   | query_time, 0.007774682715535164
2024-02-14 10:37:36 | TRACE   | query_time, 0.007629085797816515
2024-02-14 10:37:36 | TRACE   | query_time, 0.0077513437718153
2024-02-14 10:37:36 | TRACE   | query_time, 0.007566662039607763
2024-02-14 10:37:36 | TRACE   | query_time, 0.007502248976379633
2024-02-14 10:37:36 | TRACE   | query_time, 0.007676682900637388
2024-02-14 10:37:36 | TRACE   | query_time, 0.007652360945940018
2024-02-14 10:37:36 | TRACE   | query_time, 0.008009592071175575
2024-02-14 10:37:36 | TRACE   | query_time, 0.008055401965975761
2024-02-14 10:37:36 | TRACE   | query_time, 0.007768817711621523
2024-02-14 10:37:36 | TRACE   | query_time, 0.007449014112353325
2024-02-14 10:37:36 | TRACE   | query_time, 0.007580978330224752
2024-02-14 10:37:36 | TRACE   | query_time, 0.0076492116786539555
2024-02-14 10:37:36 | TRACE   | query_time, 0.007668858859688044
2024-02-14 10:37:36 | TRACE   | query_time, 0.00767958490177989
2024-02-14 10:37:36 | TRACE   | query_time, 0.007815564051270485
2024-02-14 10:37:36 | TRACE   | query_time, 0.0076207490637898445
2024-02-14 10:37:36 | TRACE   | query_time, 0.007860788144171238
2024-02-14 10:37:36 | TRACE   | query_time, 0.007695991080254316
2024-02-14 10:37:36 | TRACE   | query_time, 0.0075253029353916645
2024-02-14 10:37:36 | TRACE   | query_time, 0.0075142779387533665
2024-02-14 10:37:36 | TRACE   | query_time, 0.0074758268892765045
2024-02-14 10:37:36 | TRACE   | query_time, 0.00748350890353322
2024-02-14 10:37:36 | TRACE   | query_time, 0.007469219621270895
2024-02-14 10:37:36 | TRACE   | query_time, 0.007634192239493132
2024-02-14 10:37:36 | TRACE   | query_time, 0.007639754097908735
2024-02-14 10:37:36 | TRACE   | query_time, 0.007527715992182493
2024-02-14 10:37:36 | TRACE   | query_time, 0.007709271274507046
2024-02-14 10:37:36 | TRACE   | query_time, 0.0074430000968277454
2024-02-14 10:37:36 | TRACE   | query_time, 0.007527684327214956
2024-02-14 10:37:36 | TRACE   | query_time, 0.007425167132169008
2024-02-14 10:37:36 | TRACE   | query_time, 0.007621605880558491
2024-02-14 10:37:36 | TRACE   | query_time, 0.007270684000104666
2024-02-14 10:37:36 | TRACE   | query_time, 0.007410215213894844
2024-02-14 10:37:36 | TRACE   | query_time, 0.007452258840203285
2024-02-14 10:37:36 | TRACE   | query_time, 0.0075136939994990826
2024-02-14 10:37:36 | TRACE   | query_time, 0.007865873165428638
2024-02-14 10:37:36 | TRACE   | query_time, 0.007624718826264143
2024-02-14 10:37:36 | TRACE   | query_time, 0.007598264142870903
2024-02-14 10:37:36 | TRACE   | query_time, 0.007489040959626436
2024-02-14 10:37:36 | TRACE   | query_time, 0.007470838725566864
2024-02-14 10:37:36 | TRACE   | query_time, 0.0074239871464669704
2024-02-14 10:37:36 | TRACE   | query_time, 0.007408038713037968
2024-02-14 10:37:36 | TRACE   | query_time, 0.007478691171854734
2024-02-14 10:37:36 | TRACE   | query_time, 0.00745475385338068
2024-02-14 10:37:36 | TRACE   | query_time, 0.007569676265120506
2024-02-14 10:37:36 | TRACE   | query_time, 0.007666926831007004
2024-02-14 10:37:36 | TRACE   | query_time, 0.0074189878068864346
2024-02-14 10:37:36 | TRACE   | query_time, 0.007382508367300034
2024-02-14 10:37:36 | TRACE   | query_time, 0.00743270805105567
2024-02-14 10:37:36 | TRACE   | query_time, 0.007460610009729862
2024-02-14 10:37:36 | TRACE   | query_time, 0.007473088335245848
2024-02-14 10:37:36 | TRACE   | query_time, 0.00741058774292469
2024-02-14 10:37:36 | TRACE   | query_time, 0.0073602763004601
2024-02-14 10:37:36 | TRACE   | query_time, 0.007524959277361631
2024-02-14 10:37:36 | TRACE   | query_time, 0.007418009918183088
2024-02-14 10:37:36 | TRACE   | query_time, 0.007433783728629351
2024-02-14 10:37:36 | TRACE   | query_time, 0.007533811032772064
2024-02-14 10:37:36 | TRACE   | query_time, 0.007973386906087399
2024-02-14 10:37:36 | TRACE   | query_time, 0.00755663774907589
2024-02-14 10:37:36 | TRACE   | query_time, 0.007588197942823172
2024-02-14 10:37:36 | TRACE   | query_time, 0.007635142188519239
2024-02-14 10:37:37 | TRACE   | query_time, 0.0075437636114656925
2024-02-14 10:37:37 | TRACE   | query_time, 0.007401435170322657
2024-02-14 10:37:37 | TRACE   | query_time, 0.007527798879891634
2024-02-14 10:37:37 | TRACE   | query_time, 0.0075186751782894135
2024-02-14 10:37:37 | TRACE   | query_time, 0.007387713063508272
2024-02-14 10:37:37 | TRACE   | query_time, 0.007660774048417807
2024-02-14 10:37:37 | TRACE   | query_time, 0.0073790522292256355
2024-02-14 10:37:37 | TRACE   | query_time, 0.007474048994481564
2024-02-14 10:37:37 | TRACE   | query_time, 0.005582388024777174
2024-02-14 10:37:37 | TRACE   | query_time, 0.007677797228097916
2024-02-14 10:37:37 | TRACE   | query_time, 0.007516112178564072
2024-02-14 10:37:37 | TRACE   | query_time, 0.007486088667064905
2024-02-14 10:37:37 | TRACE   | query_time, 0.007188877090811729
2024-02-14 10:37:37 | TRACE   | query_time, 0.007505964022129774
2024-02-14 10:37:37 | TRACE   | query_time, 0.007433605846017599
2024-02-14 10:37:37 | TRACE   | query_time, 0.007617965806275606
2024-02-14 10:37:37 | TRACE   | query_time, 0.007366313133388758
2024-02-14 10:37:37 | TRACE   | query_time, 0.007479659281671047
2024-02-14 10:37:37 | TRACE   | query_time, 0.0073642549104988575
2024-02-14 10:37:37 | TRACE   | query_time, 0.007394485175609589
2024-02-14 10:37:37 | TRACE   | query_time, 0.0073560927994549274
2024-02-14 10:37:37 | TRACE   | query_time, 0.00754950288683176
2024-02-14 10:37:37 | TRACE   | query_time, 0.007567793130874634
2024-02-14 10:37:37 | TRACE   | query_time, 0.007412905804812908
2024-02-14 10:37:37 | TRACE   | query_time, 0.007449035998433828
2024-02-14 10:37:37 | TRACE   | query_time, 0.007313993759453297
2024-02-14 10:37:37 | TRACE   | query_time, 0.007316601928323507
2024-02-14 10:37:37 | TRACE   | query_time, 0.007383208256214857
2024-02-14 10:37:37 | TRACE   | query_time, 0.007281897123903036
2024-02-14 10:37:37 | TRACE   | query_time, 0.007438743021339178
2024-02-14 10:37:37 | TRACE   | query_time, 0.007305386010557413
2024-02-14 10:37:37 | TRACE   | query_time, 0.007342583034187555
2024-02-14 10:37:37 | TRACE   | query_time, 0.007297368720173836
2024-02-14 10:37:37 | TRACE   | query_time, 0.007414191961288452
2024-02-14 10:37:37 | TRACE   | query_time, 0.007443959824740887
2024-02-14 10:37:37 | TRACE   | query_time, 0.007476078812032938
2024-02-14 10:37:37 | TRACE   | query_time, 0.007504437118768692
2024-02-14 10:37:37 | TRACE   | query_time, 0.007388907019048929
2024-02-14 10:37:37 | TRACE   | query_time, 0.007405566982924938
2024-02-14 10:37:37 | TRACE   | query_time, 0.007296744268387556
2024-02-14 10:37:37 | TRACE   | query_time, 0.007375692017376423
2024-02-14 10:37:37 | TRACE   | query_time, 0.007453073747456074
2024-02-14 10:37:37 | TRACE   | query_time, 0.007318778894841671
2024-02-14 10:37:37 | TRACE   | query_time, 0.007273152936249971
2024-02-14 10:37:37 | TRACE   | query_time, 0.007307813037186861
2024-02-14 10:37:37 | TRACE   | query_time, 0.007339660078287125
2024-02-14 10:37:37 | TRACE   | query_time, 0.007287728134542704
2024-02-14 10:37:37 | TRACE   | query_time, 0.007265381049364805
2024-02-14 10:37:37 | TRACE   | query_time, 0.0072699738666415215
2024-02-14 10:37:37 | TRACE   | query_time, 0.0072829569689929485
2024-02-14 10:37:37 | TRACE   | query_time, 0.007256974931806326
2024-02-14 10:37:37 | TRACE   | query_time, 0.007392279338091612
2024-02-14 10:37:37 | TRACE   | query_time, 0.007322126999497414
2024-02-14 10:37:37 | TRACE   | query_time, 0.007273042108863592
2024-02-14 10:37:37 | TRACE   | query_time, 0.0073239440098404884
2024-02-14 10:37:37 | TRACE   | query_time, 0.007346592377871275
2024-02-14 10:37:37 | TRACE   | query_time, 0.007380127441138029
2024-02-14 10:37:37 | TRACE   | query_time, 0.0073587726801633835
2024-02-14 10:37:37 | TRACE   | query_time, 0.007246328983455896
2024-02-14 10:37:37 | TRACE   | query_time, 0.007440490648150444
2024-02-14 10:37:37 | TRACE   | query_time, 0.0075051127932965755
