2024-02-14 10:40:35 | DEBUG   | {'input': PosixPath('data/open_data_usa/indices/microbenchmarks/rebinning-b50000.zst'), 'input_type': 'index', 'queries': PosixPath('data/open_data_usa/queries/microbenchmarks.zst'), 'estimation_mode': None, 'index_mode': 'recall', 'output': None, 'workers': None, 'frequency_hists': False, 'suppress_results': False, 'log_level': 'INFO', 'log_file': PosixPath('logs/microbenchmarks/runtime/open_data_usa-rebinning-b50000-single-3.log')}
2024-02-14 10:40:35 | DEBUG   | Loading input data from data/open_data_usa/indices/microbenchmarks/rebinning-b50000.zst
2024-02-14 10:40:35 | DEBUG   | Loading queries from data/open_data_usa/queries/microbenchmarks.zst
2024-02-14 10:40:35 | TRACE   | bootstrap_time, 0.45309385657310486
2024-02-14 10:40:35 | DEBUG   | Starting execution
2024-02-14 10:40:35 | TRACE   | query_time, 0.0006691720336675644
2024-02-14 10:40:35 | TRACE   | query_time, 0.0004190616309642792
2024-02-14 10:40:35 | TRACE   | query_time, 0.00041530095040798187
2024-02-14 10:40:35 | TRACE   | query_time, 0.00040606409311294556
2024-02-14 10:40:35 | TRACE   | query_time, 0.00038594380021095276
2024-02-14 10:40:35 | TRACE   | query_time, 0.000403011217713356
2024-02-14 10:40:35 | TRACE   | query_time, 0.0005036648362874985
2024-02-14 10:40:35 | TRACE   | query_time, 0.0004047900438308716
2024-02-14 10:40:35 | TRACE   | query_time, 0.00039921700954437256
2024-02-14 10:40:35 | TRACE   | query_time, 0.00042411498725414276
2024-02-14 10:40:35 | TRACE   | query_time, 0.0003979317843914032
2024-02-14 10:40:35 | TRACE   | query_time, 0.0003965888172388077
2024-02-14 10:40:35 | TRACE   | query_time, 0.0004113614559173584
2024-02-14 10:40:35 | TRACE   | query_time, 0.00043381378054618835
2024-02-14 10:40:35 | TRACE   | query_time, 0.0004304777830839157
2024-02-14 10:40:35 | TRACE   | query_time, 0.00040239840745925903
2024-02-14 10:40:35 | TRACE   | query_time, 0.0004303194582462311
2024-02-14 10:40:35 | TRACE   | query_time, 0.0004282034933567047
2024-02-14 10:40:35 | TRACE   | query_time, 0.0004267822951078415
2024-02-14 10:40:35 | TRACE   | query_time, 0.00040967948734760284
2024-02-14 10:40:35 | TRACE   | query_time, 0.00047715194523334503
2024-02-14 10:40:35 | TRACE   | query_time, 0.0004382859915494919
2024-02-14 10:40:35 | TRACE   | query_time, 0.00042626820504665375
2024-02-14 10:40:35 | TRACE   | query_time, 0.00042989663779735565
2024-02-14 10:40:35 | TRACE   | query_time, 0.00042397528886795044
2024-02-14 10:40:35 | TRACE   | query_time, 0.00042882002890110016
2024-02-14 10:40:35 | TRACE   | query_time, 0.00042501650750637054
2024-02-14 10:40:35 | TRACE   | query_time, 0.0005466286092996597
2024-02-14 10:40:35 | TRACE   | query_time, 0.0004688110202550888
2024-02-14 10:40:35 | TRACE   | query_time, 0.0004147849977016449
2024-02-14 10:40:35 | TRACE   | query_time, 0.0004904475063085556
2024-02-14 10:40:35 | TRACE   | query_time, 0.0004789922386407852
2024-02-14 10:40:35 | TRACE   | query_time, 0.0004485994577407837
2024-02-14 10:40:35 | TRACE   | query_time, 0.00042986124753952026
2024-02-14 10:40:35 | TRACE   | query_time, 0.00044342875480651855
2024-02-14 10:40:35 | TRACE   | query_time, 0.0004340149462223053
2024-02-14 10:40:35 | TRACE   | query_time, 0.00040932372212409973
2024-02-14 10:40:35 | TRACE   | query_time, 0.0004905927926301956
2024-02-14 10:40:35 | TRACE   | query_time, 0.00045963749289512634
2024-02-14 10:40:35 | TRACE   | query_time, 0.00046894513070583344
2024-02-14 10:40:35 | TRACE   | query_time, 0.00043245404958724976
2024-02-14 10:40:35 | TRACE   | query_time, 0.00046116672456264496
2024-02-14 10:40:35 | TRACE   | query_time, 0.0004390161484479904
2024-02-14 10:40:35 | TRACE   | query_time, 0.00045451149344444275
2024-02-14 10:40:35 | TRACE   | query_time, 0.0004238151013851166
2024-02-14 10:40:35 | TRACE   | query_time, 0.0004474874585866928
2024-02-14 10:40:35 | TRACE   | query_time, 0.00043459050357341766
2024-02-14 10:40:35 | TRACE   | query_time, 0.0004326868802309036
2024-02-14 10:40:35 | TRACE   | query_time, 0.0004409234970808029
2024-02-14 10:40:35 | TRACE   | query_time, 0.00042819976806640625
2024-02-14 10:40:35 | TRACE   | query_time, 0.0005428548902273178
2024-02-14 10:40:35 | TRACE   | query_time, 0.0004133880138397217
2024-02-14 10:40:35 | TRACE   | query_time, 0.0005127936601638794
2024-02-14 10:40:35 | TRACE   | query_time, 0.0004357192665338516
2024-02-14 10:40:35 | TRACE   | query_time, 0.0004350244998931885
2024-02-14 10:40:35 | TRACE   | query_time, 0.0004489608108997345
2024-02-14 10:40:35 | TRACE   | query_time, 0.0004373900592327118
2024-02-14 10:40:35 | TRACE   | query_time, 0.00041195377707481384
2024-02-14 10:40:35 | TRACE   | query_time, 0.0004177503287792206
2024-02-14 10:40:35 | TRACE   | query_time, 0.0004139374941587448
2024-02-14 10:40:35 | TRACE   | query_time, 0.0004412662237882614
2024-02-14 10:40:35 | TRACE   | query_time, 0.00042244233191013336
2024-02-14 10:40:35 | TRACE   | query_time, 0.0005203373730182648
2024-02-14 10:40:35 | TRACE   | query_time, 0.000432843342423439
2024-02-14 10:40:35 | TRACE   | query_time, 0.0004334971308708191
2024-02-14 10:40:35 | TRACE   | query_time, 0.0004231724888086319
2024-02-14 10:40:35 | TRACE   | query_time, 0.0004314146935939789
2024-02-14 10:40:35 | TRACE   | query_time, 0.0004385020583868027
2024-02-14 10:40:35 | TRACE   | query_time, 0.0004174988716840744
2024-02-14 10:40:35 | TRACE   | query_time, 0.00041189417243003845
2024-02-14 10:40:35 | TRACE   | query_time, 0.0004368554800748825
2024-02-14 10:40:35 | TRACE   | query_time, 0.0004149768501520157
2024-02-14 10:40:35 | TRACE   | query_time, 0.0004243627190589905
2024-02-14 10:40:35 | TRACE   | query_time, 0.00042773783206939697
2024-02-14 10:40:35 | TRACE   | query_time, 0.0004676487296819687
2024-02-14 10:40:35 | TRACE   | query_time, 0.00043290480971336365
2024-02-14 10:40:35 | TRACE   | query_time, 0.0004251357167959213
2024-02-14 10:40:35 | TRACE   | query_time, 0.00042828358709812164
2024-02-14 10:40:35 | TRACE   | query_time, 0.00043333880603313446
2024-02-14 10:40:35 | TRACE   | query_time, 0.0004193633794784546
2024-02-14 10:40:35 | TRACE   | query_time, 0.0004324205219745636
2024-02-14 10:40:35 | TRACE   | query_time, 0.00043052248656749725
2024-02-14 10:40:35 | TRACE   | query_time, 0.00043723732233047485
2024-02-14 10:40:35 | TRACE   | query_time, 0.0004594121128320694
2024-02-14 10:40:35 | TRACE   | query_time, 0.00043733417987823486
2024-02-14 10:40:35 | TRACE   | query_time, 0.0004461575299501419
2024-02-14 10:40:35 | TRACE   | query_time, 0.0004158634692430496
2024-02-14 10:40:35 | TRACE   | query_time, 0.0004284549504518509
2024-02-14 10:40:35 | TRACE   | query_time, 0.0004281550645828247
2024-02-14 10:40:35 | TRACE   | query_time, 0.00043796561658382416
2024-02-14 10:40:35 | TRACE   | query_time, 0.00047727301716804504
2024-02-14 10:40:35 | TRACE   | query_time, 0.0004329569637775421
2024-02-14 10:40:35 | TRACE   | query_time, 0.00043271109461784363
2024-02-14 10:40:35 | TRACE   | query_time, 0.0004181601107120514
2024-02-14 10:40:35 | TRACE   | query_time, 0.00042916275560855865
2024-02-14 10:40:35 | TRACE   | query_time, 0.00043127313256263733
2024-02-14 10:40:35 | TRACE   | query_time, 0.0004330817610025406
2024-02-14 10:40:35 | TRACE   | query_time, 0.0004045553505420685
2024-02-14 10:40:35 | TRACE   | query_time, 0.00043159909546375275
2024-02-14 10:40:35 | TRACE   | query_time, 0.0004091355949640274
2024-02-14 10:40:35 | TRACE   | query_time, 0.0005192402750253677
2024-02-14 10:40:35 | TRACE   | query_time, 0.00044584088027477264
2024-02-14 10:40:35 | TRACE   | query_time, 0.00043396279215812683
2024-02-14 10:40:35 | TRACE   | query_time, 0.00042507052421569824
2024-02-14 10:40:35 | TRACE   | query_time, 0.0004354771226644516
2024-02-14 10:40:35 | TRACE   | query_time, 0.00042733363807201385
2024-02-14 10:40:35 | TRACE   | query_time, 0.0004307292401790619
2024-02-14 10:40:35 | TRACE   | query_time, 0.0004175454378128052
2024-02-14 10:40:35 | TRACE   | query_time, 0.00041227973997592926
2024-02-14 10:40:35 | TRACE   | query_time, 0.0004278942942619324
2024-02-14 10:40:35 | TRACE   | query_time, 0.0004165712743997574
2024-02-14 10:40:35 | TRACE   | query_time, 0.0004227627068758011
2024-02-14 10:40:35 | TRACE   | query_time, 0.0004981290549039841
2024-02-14 10:40:35 | TRACE   | query_time, 0.0004352238029241562
2024-02-14 10:40:35 | TRACE   | query_time, 0.00042502954602241516
2024-02-14 10:40:35 | TRACE   | query_time, 0.00045871175825595856
2024-02-14 10:40:35 | TRACE   | query_time, 0.0005310811102390289
2024-02-14 10:40:35 | TRACE   | query_time, 0.0004169438034296036
2024-02-14 10:40:35 | TRACE   | query_time, 0.00042208656668663025
2024-02-14 10:40:35 | TRACE   | query_time, 0.0005363766103982925
2024-02-14 10:40:35 | TRACE   | query_time, 0.00043380260467529297
2024-02-14 10:40:35 | TRACE   | query_time, 0.0004209522157907486
2024-02-14 10:40:35 | TRACE   | query_time, 0.0004383586347103119
2024-02-14 10:40:35 | TRACE   | query_time, 0.0004402250051498413
2024-02-14 10:40:35 | TRACE   | query_time, 0.0004220176488161087
2024-02-14 10:40:35 | TRACE   | query_time, 0.00041717663407325745
2024-02-14 10:40:35 | TRACE   | query_time, 0.0004465226083993912
2024-02-14 10:40:35 | TRACE   | query_time, 0.00040624476969242096
2024-02-14 10:40:35 | TRACE   | query_time, 0.00042152591049671173
2024-02-14 10:40:35 | TRACE   | query_time, 0.00042893365025520325
2024-02-14 10:40:35 | TRACE   | query_time, 0.00043204985558986664
2024-02-14 10:40:35 | TRACE   | query_time, 0.0004245154559612274
2024-02-14 10:40:35 | TRACE   | query_time, 0.00039825960993766785
2024-02-14 10:40:35 | TRACE   | query_time, 0.000438883900642395
2024-02-14 10:40:35 | TRACE   | query_time, 0.00042784400284290314
2024-02-14 10:40:35 | TRACE   | query_time, 0.00047874823212623596
2024-02-14 10:40:35 | TRACE   | query_time, 0.0004219207912683487
2024-02-14 10:40:35 | TRACE   | query_time, 0.00041625089943408966
2024-02-14 10:40:35 | TRACE   | query_time, 0.0004315115511417389
2024-02-14 10:40:35 | TRACE   | query_time, 0.0004342496395111084
2024-02-14 10:40:35 | TRACE   | query_time, 0.00043428875505924225
2024-02-14 10:40:35 | TRACE   | query_time, 0.0004214700311422348
2024-02-14 10:40:35 | TRACE   | query_time, 0.00041985325515270233
2024-02-14 10:40:35 | TRACE   | query_time, 0.00042509473860263824
2024-02-14 10:40:35 | TRACE   | query_time, 0.0005264133214950562
2024-02-14 10:40:35 | TRACE   | query_time, 0.0004258435219526291
2024-02-14 10:40:35 | TRACE   | query_time, 0.0005093887448310852
2024-02-14 10:40:35 | TRACE   | query_time, 0.00042761117219924927
2024-02-14 10:40:35 | TRACE   | query_time, 0.00044250860810279846
2024-02-14 10:40:35 | TRACE   | query_time, 0.0004114639014005661
2024-02-14 10:40:35 | TRACE   | query_time, 0.00046020373702049255
2024-02-14 10:40:35 | TRACE   | query_time, 0.0005215052515268326
2024-02-14 10:40:35 | TRACE   | query_time, 0.0004394594579935074
2024-02-14 10:40:35 | TRACE   | query_time, 0.0004245731979608536
2024-02-14 10:40:35 | TRACE   | query_time, 0.00042204931378364563
2024-02-14 10:40:35 | TRACE   | query_time, 0.0004320405423641205
2024-02-14 10:40:35 | TRACE   | query_time, 0.0004310309886932373
2024-02-14 10:40:35 | TRACE   | query_time, 0.00044262222945690155
2024-02-14 10:40:35 | TRACE   | query_time, 0.0004289597272872925
2024-02-14 10:40:35 | TRACE   | query_time, 0.0004249177873134613
2024-02-14 10:40:35 | TRACE   | query_time, 0.00040608830749988556
2024-02-14 10:40:35 | TRACE   | query_time, 0.0005289651453495026
2024-02-14 10:40:35 | TRACE   | query_time, 0.0004289727658033371
2024-02-14 10:40:35 | TRACE   | query_time, 0.0005174484103918076
2024-02-14 10:40:35 | TRACE   | query_time, 0.0004145074635744095
2024-02-14 10:40:35 | TRACE   | query_time, 0.0004398319870233536
2024-02-14 10:40:35 | TRACE   | query_time, 0.00042836926877498627
2024-02-14 10:40:35 | TRACE   | query_time, 0.00042793527245521545
2024-02-14 10:40:35 | TRACE   | query_time, 0.000414164736866951
2024-02-14 10:40:35 | TRACE   | query_time, 0.00047435984015464783
2024-02-14 10:40:35 | TRACE   | query_time, 0.00045759417116642
2024-02-14 10:40:35 | TRACE   | query_time, 0.0004177149385213852
2024-02-14 10:40:35 | TRACE   | query_time, 0.0004155058413743973
2024-02-14 10:40:35 | TRACE   | query_time, 0.0004506520926952362
2024-02-14 10:40:35 | TRACE   | query_time, 0.0004303641617298126
2024-02-14 10:40:35 | TRACE   | query_time, 0.0003953035920858383
2024-02-14 10:40:35 | TRACE   | query_time, 0.00042605213820934296
2024-02-14 10:40:35 | TRACE   | query_time, 0.00043134577572345734
2024-02-14 10:40:35 | TRACE   | query_time, 0.00041784346103668213
2024-02-14 10:40:35 | TRACE   | query_time, 0.0004214812070131302
2024-02-14 10:40:35 | TRACE   | query_time, 0.00042431801557540894
2024-02-14 10:40:35 | TRACE   | query_time, 0.00041485950350761414
2024-02-14 10:40:35 | TRACE   | query_time, 0.00045269541442394257
2024-02-14 10:40:35 | TRACE   | query_time, 0.00042944587767124176
2024-02-14 10:40:35 | TRACE   | query_time, 0.00041353143751621246
2024-02-14 10:40:35 | TRACE   | query_time, 0.0004275217652320862
2024-02-14 10:40:35 | TRACE   | query_time, 0.0005254354327917099
2024-02-14 10:40:35 | TRACE   | query_time, 0.00042393989861011505
2024-02-14 10:40:35 | TRACE   | query_time, 0.00041904672980308533
2024-02-14 10:40:35 | TRACE   | query_time, 0.0004228223115205765
2024-02-14 10:40:35 | TRACE   | query_time, 0.0005159173160791397
2024-02-14 10:40:35 | TRACE   | query_time, 0.0004204418510198593
2024-02-14 10:40:35 | TRACE   | query_time, 0.00042532384395599365
2024-02-14 10:40:35 | TRACE   | query_time, 0.0004025362432003021
2024-02-14 10:40:35 | TRACE   | query_time, 0.0004284009337425232
2024-02-14 10:40:35 | TRACE   | query_time, 0.0005025621503591537
2024-02-14 10:40:35 | TRACE   | query_time, 0.0004159901291131973
2024-02-14 10:40:35 | TRACE   | query_time, 0.00042156875133514404
2024-02-14 10:40:35 | TRACE   | query_time, 0.000414382666349411
2024-02-14 10:40:35 | TRACE   | query_time, 0.00041096657514572144
2024-02-14 10:40:35 | TRACE   | query_time, 0.0004313662648200989
2024-02-14 10:40:35 | TRACE   | query_time, 0.0004591476172208786
2024-02-14 10:40:35 | TRACE   | query_time, 0.0004106387495994568
2024-02-14 10:40:35 | TRACE   | query_time, 0.00042606890201568604
2024-02-14 10:40:35 | TRACE   | query_time, 0.0004228297621011734
2024-02-14 10:40:35 | TRACE   | query_time, 0.0004372354596853256
2024-02-14 10:40:35 | TRACE   | query_time, 0.00043329596519470215
2024-02-14 10:40:35 | TRACE   | query_time, 0.0004541520029306412
2024-02-14 10:40:35 | TRACE   | query_time, 0.00041203945875167847
2024-02-14 10:40:35 | TRACE   | query_time, 0.0004041604697704315
2024-02-14 10:40:35 | TRACE   | query_time, 0.000514838844537735
2024-02-14 10:40:35 | TRACE   | query_time, 0.00043359585106372833
2024-02-14 10:40:35 | TRACE   | query_time, 0.00041156262159347534
2024-02-14 10:40:35 | TRACE   | query_time, 0.0004247073084115982
2024-02-14 10:40:35 | TRACE   | query_time, 0.00041810423135757446
2024-02-14 10:40:35 | TRACE   | query_time, 0.00041303224861621857
2024-02-14 10:40:35 | TRACE   | query_time, 0.0005144029855728149
2024-02-14 10:40:35 | TRACE   | query_time, 0.0004222989082336426
2024-02-14 10:40:35 | TRACE   | query_time, 0.0004413966089487076
2024-02-14 10:40:35 | TRACE   | query_time, 0.00041036494076251984
2024-02-14 10:40:35 | TRACE   | query_time, 0.00040824897587299347
2024-02-14 10:40:35 | TRACE   | query_time, 0.0004214327782392502
2024-02-14 10:40:35 | TRACE   | query_time, 0.00042135268449783325
2024-02-14 10:40:35 | TRACE   | query_time, 0.00040012970566749573
2024-02-14 10:40:35 | TRACE   | query_time, 0.0004771444946527481
2024-02-14 10:40:35 | TRACE   | query_time, 0.0004192683845758438
2024-02-14 10:40:35 | TRACE   | query_time, 0.0004164744168519974
2024-02-14 10:40:35 | TRACE   | query_time, 0.0004181172698736191
2024-02-14 10:40:35 | TRACE   | query_time, 0.0004254523664712906
2024-02-14 10:40:35 | TRACE   | query_time, 0.00041399523615837097
2024-02-14 10:40:35 | TRACE   | query_time, 0.0004532691091299057
2024-02-14 10:40:35 | TRACE   | query_time, 0.0004275180399417877
2024-02-14 10:40:35 | TRACE   | query_time, 0.0004427749663591385
2024-02-14 10:40:35 | TRACE   | query_time, 0.0004231482744216919
2024-02-14 10:40:35 | TRACE   | query_time, 0.0005151219666004181
2024-02-14 10:40:35 | TRACE   | query_time, 0.0004232283681631088
2024-02-14 10:40:35 | TRACE   | query_time, 0.00040155090391635895
2024-02-14 10:40:35 | TRACE   | query_time, 0.0004326626658439636
2024-02-14 10:40:35 | TRACE   | query_time, 0.0004250183701515198
2024-02-14 10:40:35 | TRACE   | query_time, 0.00040789879858493805
2024-02-14 10:40:35 | TRACE   | query_time, 0.0004203580319881439
2024-02-14 10:40:35 | TRACE   | query_time, 0.0004170350730419159
2024-02-14 10:40:35 | TRACE   | query_time, 0.0004201754927635193
2024-02-14 10:40:35 | TRACE   | query_time, 0.00041955895721912384
2024-02-14 10:40:35 | TRACE   | query_time, 0.0004836004227399826
2024-02-14 10:40:35 | TRACE   | query_time, 0.0004167407751083374
2024-02-14 10:40:35 | TRACE   | query_time, 0.00041182152926921844
2024-02-14 10:40:35 | TRACE   | query_time, 0.0004145875573158264
2024-02-14 10:40:35 | TRACE   | query_time, 0.0004291068762540817
2024-02-14 10:40:35 | TRACE   | query_time, 0.000412575900554657
2024-02-14 10:40:35 | TRACE   | query_time, 0.00040734000504016876
2024-02-14 10:40:35 | TRACE   | query_time, 0.0004165284335613251
2024-02-14 10:40:35 | TRACE   | query_time, 0.00040383264422416687
2024-02-14 10:40:35 | TRACE   | query_time, 0.000415608286857605
2024-02-14 10:40:35 | TRACE   | query_time, 0.00041919946670532227
2024-02-14 10:40:35 | TRACE   | query_time, 0.0004962906241416931
2024-02-14 10:40:35 | TRACE   | query_time, 0.00042329542338848114
2024-02-14 10:40:35 | TRACE   | query_time, 0.0004151538014411926
2024-02-14 10:40:35 | TRACE   | query_time, 0.0004045683890581131
2024-02-14 10:40:35 | TRACE   | query_time, 0.00042011961340904236
2024-02-14 10:40:35 | TRACE   | query_time, 0.0004667062312364578
2024-02-14 10:40:35 | TRACE   | query_time, 0.00041580386459827423
2024-02-14 10:40:35 | TRACE   | query_time, 0.00043607503175735474
2024-02-14 10:40:35 | TRACE   | query_time, 0.00041546858847141266
2024-02-14 10:40:35 | TRACE   | query_time, 0.0004279930144548416
2024-02-14 10:40:35 | TRACE   | query_time, 0.00039868801832199097
2024-02-14 10:40:35 | TRACE   | query_time, 0.0004664883017539978
2024-02-14 10:40:35 | TRACE   | query_time, 0.0004548989236354828
2024-02-14 10:40:35 | TRACE   | query_time, 0.00041165947914123535
2024-02-14 10:40:35 | TRACE   | query_time, 0.0004214812070131302
2024-02-14 10:40:35 | TRACE   | query_time, 0.0004203934222459793
2024-02-14 10:40:35 | TRACE   | query_time, 0.00042889267206192017
2024-02-14 10:40:35 | TRACE   | query_time, 0.000421697273850441
2024-02-14 10:40:35 | TRACE   | query_time, 0.0004333462566137314
2024-02-14 10:40:35 | TRACE   | query_time, 0.00040723569691181183
2024-02-14 10:40:35 | TRACE   | query_time, 0.0005049817264080048
2024-02-14 10:40:35 | TRACE   | query_time, 0.0004180092364549637
2024-02-14 10:40:35 | TRACE   | query_time, 0.0004962142556905746
2024-02-14 10:40:35 | TRACE   | query_time, 0.00040381960570812225
2024-02-14 10:40:35 | TRACE   | query_time, 0.0004344675689935684
2024-02-14 10:40:35 | TRACE   | query_time, 0.0004142187535762787
2024-02-14 10:40:35 | TRACE   | query_time, 0.00039685703814029694
2024-02-14 10:40:35 | TRACE   | query_time, 0.0004264283925294876
2024-02-14 10:40:35 | TRACE   | query_time, 0.00040994957089424133
2024-02-14 10:40:35 | TRACE   | query_time, 0.00041914917528629303
2024-02-14 10:40:35 | TRACE   | query_time, 0.00041155703365802765
2024-02-14 10:40:35 | TRACE   | query_time, 0.0004202555865049362
2024-02-14 10:40:35 | TRACE   | query_time, 0.00039499998092651367
2024-02-14 10:40:35 | TRACE   | query_time, 0.00040230341255664825
2024-02-14 10:40:35 | TRACE   | query_time, 0.0004054158926010132
2024-02-14 10:40:35 | TRACE   | query_time, 0.00040369294583797455
2024-02-14 10:40:35 | TRACE   | query_time, 0.00040569528937339783
2024-02-14 10:40:35 | TRACE   | query_time, 0.0004162658005952835
2024-02-14 10:40:35 | TRACE   | query_time, 0.0004082340747117996
2024-02-14 10:40:35 | TRACE   | query_time, 0.0003982745110988617
2024-02-14 10:40:35 | TRACE   | query_time, 0.00043650902807712555
2024-02-14 10:40:35 | TRACE   | query_time, 0.00044425390660762787
2024-02-14 10:40:35 | TRACE   | query_time, 0.0003963243216276169
2024-02-14 10:40:35 | TRACE   | query_time, 0.0004157945513725281
2024-02-14 10:40:35 | TRACE   | query_time, 0.0004029814153909683
2024-02-14 10:40:35 | TRACE   | query_time, 0.00039524585008621216
2024-02-14 10:40:35 | TRACE   | query_time, 0.0004051756113767624
2024-02-14 10:40:35 | TRACE   | query_time, 0.0004144776612520218
2024-02-14 10:40:35 | TRACE   | query_time, 0.0004377923905849457
2024-02-14 10:40:35 | TRACE   | query_time, 0.0004158392548561096
2024-02-14 10:40:35 | TRACE   | query_time, 0.00044203922152519226
2024-02-14 10:40:35 | TRACE   | query_time, 0.00038136541843414307
2024-02-14 10:40:35 | TRACE   | query_time, 0.00043473020195961
2024-02-14 10:40:35 | TRACE   | query_time, 0.00041222013533115387
2024-02-14 10:40:35 | TRACE   | query_time, 0.0003004949539899826
2024-02-14 10:40:35 | TRACE   | query_time, 0.0002885498106479645
2024-02-14 10:40:35 | TRACE   | query_time, 0.00027934834361076355
2024-02-14 10:40:35 | TRACE   | query_time, 0.00027752481400966644
2024-02-14 10:40:35 | TRACE   | query_time, 0.0005031153559684753
2024-02-14 10:40:35 | TRACE   | query_time, 0.00026265159249305725
2024-02-14 10:40:35 | TRACE   | query_time, 0.0002986285835504532
2024-02-14 10:40:35 | TRACE   | query_time, 0.0004977509379386902
2024-02-14 10:40:35 | TRACE   | query_time, 0.00027425773441791534
2024-02-14 10:40:35 | TRACE   | query_time, 0.00048501044511795044
2024-02-14 10:40:35 | TRACE   | query_time, 0.00028007663786411285
2024-02-14 10:40:35 | TRACE   | query_time, 0.00030962564051151276
2024-02-14 10:40:35 | TRACE   | query_time, 0.0002954751253128052
2024-02-14 10:40:35 | TRACE   | query_time, 0.0002992190420627594
2024-02-14 10:40:35 | TRACE   | query_time, 0.00034549273550510406
2024-02-14 10:40:35 | TRACE   | query_time, 0.00031669996678829193
2024-02-14 10:40:35 | TRACE   | query_time, 0.00028552860021591187
2024-02-14 10:40:35 | TRACE   | query_time, 0.00031167641282081604
2024-02-14 10:40:35 | TRACE   | query_time, 0.0002969931811094284
2024-02-14 10:40:35 | TRACE   | query_time, 0.0002920962870121002
2024-02-14 10:40:35 | TRACE   | query_time, 0.00031012482941150665
2024-02-14 10:40:35 | TRACE   | query_time, 0.00031862780451774597
2024-02-14 10:40:35 | TRACE   | query_time, 0.0002937987446784973
2024-02-14 10:40:35 | TRACE   | query_time, 0.00029499270021915436
2024-02-14 10:40:35 | TRACE   | query_time, 0.005094392225146294
2024-02-14 10:40:35 | TRACE   | query_time, 0.0049595907330513
2024-02-14 10:40:35 | TRACE   | query_time, 0.004465945065021515
2024-02-14 10:40:35 | TRACE   | query_time, 0.004331747069954872
2024-02-14 10:40:35 | TRACE   | query_time, 0.004578012973070145
2024-02-14 10:40:35 | TRACE   | query_time, 0.00433439202606678
2024-02-14 10:40:35 | TRACE   | query_time, 0.004317041486501694
2024-02-14 10:40:35 | TRACE   | query_time, 0.004465948790311813
2024-02-14 10:40:35 | TRACE   | query_time, 0.0042540449649095535
2024-02-14 10:40:35 | TRACE   | query_time, 0.0042741745710372925
2024-02-14 10:40:35 | TRACE   | query_time, 0.004464859142899513
2024-02-14 10:40:35 | TRACE   | query_time, 0.004297684878110886
2024-02-14 10:40:35 | TRACE   | query_time, 0.004521042108535767
2024-02-14 10:40:35 | TRACE   | query_time, 0.004315480589866638
2024-02-14 10:40:35 | TRACE   | query_time, 0.00427255779504776
2024-02-14 10:40:35 | TRACE   | query_time, 0.004337869584560394
2024-02-14 10:40:35 | TRACE   | query_time, 0.004560356959700584
2024-02-14 10:40:35 | TRACE   | query_time, 0.004241840913891792
2024-02-14 10:40:35 | TRACE   | query_time, 0.004271151497960091
2024-02-14 10:40:35 | TRACE   | query_time, 0.004222827032208443
2024-02-14 10:40:35 | TRACE   | query_time, 0.004151267930865288
2024-02-14 10:40:35 | TRACE   | query_time, 0.004349514842033386
2024-02-14 10:40:35 | TRACE   | query_time, 0.004070203751325607
2024-02-14 10:40:35 | TRACE   | query_time, 0.004232319071888924
2024-02-14 10:40:35 | TRACE   | query_time, 0.004394328221678734
2024-02-14 10:40:35 | TRACE   | query_time, 0.004304494708776474
2024-02-14 10:40:35 | TRACE   | query_time, 0.004394132643938065
2024-02-14 10:40:35 | TRACE   | query_time, 0.004412220790982246
2024-02-14 10:40:35 | TRACE   | query_time, 0.0043057631701231
2024-02-14 10:40:35 | TRACE   | query_time, 0.004091469570994377
2024-02-14 10:40:35 | TRACE   | query_time, 0.004033409059047699
2024-02-14 10:40:35 | TRACE   | query_time, 0.004259023815393448
2024-02-14 10:40:35 | TRACE   | query_time, 0.004081433638930321
2024-02-14 10:40:35 | TRACE   | query_time, 0.004461277276277542
2024-02-14 10:40:35 | TRACE   | query_time, 0.004216145724058151
2024-02-14 10:40:35 | TRACE   | query_time, 0.004025483503937721
2024-02-14 10:40:35 | TRACE   | query_time, 0.0042087119072675705
2024-02-14 10:40:35 | TRACE   | query_time, 0.004311667755246162
2024-02-14 10:40:35 | TRACE   | query_time, 0.00427926704287529
2024-02-14 10:40:35 | TRACE   | query_time, 0.0041451044380664825
2024-02-14 10:40:35 | TRACE   | query_time, 0.0042046792805194855
2024-02-14 10:40:35 | TRACE   | query_time, 0.004036368802189827
2024-02-14 10:40:35 | TRACE   | query_time, 0.004210419952869415
2024-02-14 10:40:35 | TRACE   | query_time, 0.004190340638160706
2024-02-14 10:40:35 | TRACE   | query_time, 0.004217369481921196
2024-02-14 10:40:35 | TRACE   | query_time, 0.004185669124126434
2024-02-14 10:40:35 | TRACE   | query_time, 0.004193827509880066
2024-02-14 10:40:35 | TRACE   | query_time, 0.004232326522469521
2024-02-14 10:40:35 | TRACE   | query_time, 0.004203412681818008
2024-02-14 10:40:35 | TRACE   | query_time, 0.0042021553963422775
2024-02-14 10:40:35 | TRACE   | query_time, 0.004206422716379166
2024-02-14 10:40:35 | TRACE   | query_time, 0.004280921071767807
2024-02-14 10:40:35 | TRACE   | query_time, 0.004231054335832596
2024-02-14 10:40:35 | TRACE   | query_time, 0.004351910203695297
2024-02-14 10:40:35 | TRACE   | query_time, 0.004165727645158768
2024-02-14 10:40:35 | TRACE   | query_time, 0.0023972317576408386
2024-02-14 10:40:35 | TRACE   | query_time, 0.004471572116017342
2024-02-14 10:40:35 | TRACE   | query_time, 0.004352852702140808
2024-02-14 10:40:35 | TRACE   | query_time, 0.0041689686477184296
2024-02-14 10:40:35 | TRACE   | query_time, 0.004291502758860588
2024-02-14 10:40:35 | TRACE   | query_time, 0.004181712865829468
2024-02-14 10:40:35 | TRACE   | query_time, 0.004366597160696983
2024-02-14 10:40:35 | TRACE   | query_time, 0.004700947552919388
2024-02-14 10:40:35 | TRACE   | query_time, 0.004330037161707878
2024-02-14 10:40:35 | TRACE   | query_time, 0.004694292321801186
2024-02-14 10:40:35 | TRACE   | query_time, 0.004709092900156975
2024-02-14 10:40:35 | TRACE   | query_time, 0.004353538155555725
2024-02-14 10:40:35 | TRACE   | query_time, 0.0023235268890857697
2024-02-14 10:40:35 | TRACE   | query_time, 0.004480190575122833
2024-02-14 10:40:35 | TRACE   | query_time, 0.004175391048192978
2024-02-14 10:40:35 | TRACE   | query_time, 0.004282929003238678
2024-02-14 10:40:35 | TRACE   | query_time, 0.004147052764892578
2024-02-14 10:40:35 | TRACE   | query_time, 0.004184845834970474
2024-02-14 10:40:36 | TRACE   | query_time, 0.004128355532884598
2024-02-14 10:40:36 | TRACE   | query_time, 0.004227671772241592
2024-02-14 10:40:36 | TRACE   | query_time, 0.004120970144867897
2024-02-14 10:40:36 | TRACE   | query_time, 0.0041071269661188126
2024-02-14 10:40:36 | TRACE   | query_time, 0.004157913848757744
2024-02-14 10:40:36 | TRACE   | query_time, 0.004083363339304924
2024-02-14 10:40:36 | TRACE   | query_time, 0.0040631964802742004
2024-02-14 10:40:36 | TRACE   | query_time, 0.004107588902115822
2024-02-14 10:40:36 | TRACE   | query_time, 0.004294263198971748
2024-02-14 10:40:36 | TRACE   | query_time, 0.004527788609266281
2024-02-14 10:40:36 | TRACE   | query_time, 0.0042558703571558
2024-02-14 10:40:36 | TRACE   | query_time, 0.004234200343489647
2024-02-14 10:40:36 | TRACE   | query_time, 0.0022412072867155075
2024-02-14 10:40:36 | TRACE   | query_time, 0.002736484631896019
2024-02-14 10:40:36 | TRACE   | query_time, 0.002651708200573921
2024-02-14 10:40:36 | TRACE   | query_time, 0.0025858264416456223
2024-02-14 10:40:36 | TRACE   | query_time, 0.002506555989384651
2024-02-14 10:40:36 | TRACE   | query_time, 0.0026867929846048355
2024-02-14 10:40:36 | TRACE   | query_time, 0.004544168710708618
2024-02-14 10:40:36 | TRACE   | query_time, 0.004249678924679756
2024-02-14 10:40:36 | TRACE   | query_time, 0.0042179543524980545
2024-02-14 10:40:36 | TRACE   | query_time, 0.004488801583647728
2024-02-14 10:40:36 | TRACE   | query_time, 0.0023000724613666534
2024-02-14 10:40:36 | TRACE   | query_time, 0.004806641489267349
2024-02-14 10:40:36 | TRACE   | query_time, 0.004236118867993355
2024-02-14 10:40:36 | TRACE   | query_time, 0.0022393763065338135
2024-02-14 10:40:36 | TRACE   | query_time, 0.002470044419169426
2024-02-14 10:40:36 | TRACE   | query_time, 0.0026086904108524323
2024-02-14 10:40:36 | TRACE   | query_time, 0.00248882919549942
2024-02-14 10:40:36 | TRACE   | query_time, 0.0024481117725372314
2024-02-14 10:40:36 | TRACE   | query_time, 0.0025972332805395126
2024-02-14 10:40:36 | TRACE   | query_time, 0.0027491245418787003
2024-02-14 10:40:36 | TRACE   | query_time, 0.0024340059608221054
2024-02-14 10:40:36 | TRACE   | query_time, 0.002628341317176819
2024-02-14 10:40:36 | TRACE   | query_time, 0.002606544643640518
2024-02-14 10:40:36 | TRACE   | query_time, 0.002589307725429535
2024-02-14 10:40:36 | TRACE   | query_time, 0.002751171588897705
2024-02-14 10:40:36 | TRACE   | query_time, 0.0026152655482292175
2024-02-14 10:40:36 | TRACE   | query_time, 0.004701606929302216
2024-02-14 10:40:36 | TRACE   | query_time, 0.004412684589624405
2024-02-14 10:40:36 | TRACE   | query_time, 0.0023677442222833633
2024-02-14 10:40:36 | TRACE   | query_time, 0.002464897930622101
2024-02-14 10:40:36 | TRACE   | query_time, 0.0024616029113531113
2024-02-14 10:40:36 | TRACE   | query_time, 0.002501893788576126
2024-02-14 10:40:36 | TRACE   | query_time, 0.002475891262292862
2024-02-14 10:40:36 | TRACE   | query_time, 0.002387983724474907
2024-02-14 10:40:36 | TRACE   | query_time, 0.0024262629449367523
2024-02-14 10:40:36 | TRACE   | query_time, 0.0024715103209018707
2024-02-14 10:40:36 | TRACE   | query_time, 0.004436386749148369
2024-02-14 10:40:36 | TRACE   | query_time, 0.002199240028858185
2024-02-14 10:40:36 | TRACE   | query_time, 0.0025369469076395035
2024-02-14 10:40:36 | TRACE   | query_time, 0.0025153569877147675
2024-02-14 10:40:36 | TRACE   | query_time, 0.007729226723313332
2024-02-14 10:40:36 | TRACE   | query_time, 0.007518041878938675
2024-02-14 10:40:36 | TRACE   | query_time, 0.007310207933187485
2024-02-14 10:40:36 | TRACE   | query_time, 0.007116224616765976
2024-02-14 10:40:36 | TRACE   | query_time, 0.007215771824121475
2024-02-14 10:40:36 | TRACE   | query_time, 0.007293384522199631
2024-02-14 10:40:36 | TRACE   | query_time, 0.007201941683888435
2024-02-14 10:40:36 | TRACE   | query_time, 0.007123131304979324
2024-02-14 10:40:36 | TRACE   | query_time, 0.007235327735543251
2024-02-14 10:40:36 | TRACE   | query_time, 0.007036956027150154
2024-02-14 10:40:36 | TRACE   | query_time, 0.007150888442993164
2024-02-14 10:40:36 | TRACE   | query_time, 0.007082857191562653
2024-02-14 10:40:36 | TRACE   | query_time, 0.007132796570658684
2024-02-14 10:40:36 | TRACE   | query_time, 0.00716668926179409
2024-02-14 10:40:36 | TRACE   | query_time, 0.00721362978219986
2024-02-14 10:40:36 | TRACE   | query_time, 0.006871091201901436
2024-02-14 10:40:36 | TRACE   | query_time, 0.006983758881688118
2024-02-14 10:40:36 | TRACE   | query_time, 0.006887257099151611
2024-02-14 10:40:36 | TRACE   | query_time, 0.007023142650723457
2024-02-14 10:40:36 | TRACE   | query_time, 0.006878295913338661
2024-02-14 10:40:36 | TRACE   | query_time, 0.00698184035718441
2024-02-14 10:40:36 | TRACE   | query_time, 0.006968492642045021
2024-02-14 10:40:36 | TRACE   | query_time, 0.006886795163154602
2024-02-14 10:40:36 | TRACE   | query_time, 0.006809961050748825
2024-02-14 10:40:36 | TRACE   | query_time, 0.006688151508569717
2024-02-14 10:40:36 | TRACE   | query_time, 0.006487701088190079
2024-02-14 10:40:36 | TRACE   | query_time, 0.006662432104349136
2024-02-14 10:40:36 | TRACE   | query_time, 0.007019661366939545
2024-02-14 10:40:36 | TRACE   | query_time, 0.006997616961598396
2024-02-14 10:40:36 | TRACE   | query_time, 0.006859855726361275
2024-02-14 10:40:36 | TRACE   | query_time, 0.006772512570023537
2024-02-14 10:40:36 | TRACE   | query_time, 0.006780959665775299
2024-02-14 10:40:36 | TRACE   | query_time, 0.0065315403044223785
2024-02-14 10:40:36 | TRACE   | query_time, 0.006728162989020348
2024-02-14 10:40:36 | TRACE   | query_time, 0.006551302969455719
2024-02-14 10:40:36 | TRACE   | query_time, 0.006905917078256607
2024-02-14 10:40:36 | TRACE   | query_time, 0.006727961823344231
2024-02-14 10:40:36 | TRACE   | query_time, 0.006720112636685371
2024-02-14 10:40:36 | TRACE   | query_time, 0.006854470819234848
2024-02-14 10:40:36 | TRACE   | query_time, 0.006829392164945602
2024-02-14 10:40:36 | TRACE   | query_time, 0.00670965388417244
2024-02-14 10:40:36 | TRACE   | query_time, 0.0067601315677165985
2024-02-14 10:40:36 | TRACE   | query_time, 0.006682774052023888
2024-02-14 10:40:36 | TRACE   | query_time, 0.006838539615273476
2024-02-14 10:40:36 | TRACE   | query_time, 0.006440605968236923
2024-02-14 10:40:36 | TRACE   | query_time, 0.0067720599472522736
2024-02-14 10:40:36 | TRACE   | query_time, 0.006663916632533073
2024-02-14 10:40:36 | TRACE   | query_time, 0.006858915090560913
2024-02-14 10:40:36 | TRACE   | query_time, 0.006582032889127731
2024-02-14 10:40:36 | TRACE   | query_time, 0.0068167634308338165
2024-02-14 10:40:36 | TRACE   | query_time, 0.006766879931092262
2024-02-14 10:40:36 | TRACE   | query_time, 0.0067624058574438095
2024-02-14 10:40:36 | TRACE   | query_time, 0.006781827658414841
2024-02-14 10:40:36 | TRACE   | query_time, 0.006343027576804161
2024-02-14 10:40:36 | TRACE   | query_time, 0.00653587281703949
2024-02-14 10:40:36 | TRACE   | query_time, 0.006646538153290749
2024-02-14 10:40:36 | TRACE   | query_time, 0.006680870428681374
2024-02-14 10:40:36 | TRACE   | query_time, 0.006662940606474876
2024-02-14 10:40:36 | TRACE   | query_time, 0.006550168618559837
2024-02-14 10:40:36 | TRACE   | query_time, 0.0067583248019218445
2024-02-14 10:40:36 | TRACE   | query_time, 0.006625579670071602
2024-02-14 10:40:36 | TRACE   | query_time, 0.006674584001302719
2024-02-14 10:40:36 | TRACE   | query_time, 0.006587255746126175
2024-02-14 10:40:36 | TRACE   | query_time, 0.006538774818181992
2024-02-14 10:40:36 | TRACE   | query_time, 0.006629139184951782
2024-02-14 10:40:36 | TRACE   | query_time, 0.00666034035384655
2024-02-14 10:40:36 | TRACE   | query_time, 0.006770135834813118
2024-02-14 10:40:36 | TRACE   | query_time, 0.006555167958140373
2024-02-14 10:40:36 | TRACE   | query_time, 0.0067802052944898605
2024-02-14 10:40:36 | TRACE   | query_time, 0.006677905097603798
2024-02-14 10:40:36 | TRACE   | query_time, 0.0064480118453502655
2024-02-14 10:40:36 | TRACE   | query_time, 0.0049352142959833145
2024-02-14 10:40:36 | TRACE   | query_time, 0.004965147003531456
2024-02-14 10:40:36 | TRACE   | query_time, 0.004866745322942734
2024-02-14 10:40:36 | TRACE   | query_time, 0.005088891834020615
2024-02-14 10:40:36 | TRACE   | query_time, 0.004399007186293602
2024-02-14 10:40:36 | TRACE   | query_time, 0.004888175055384636
2024-02-14 10:40:36 | TRACE   | query_time, 0.004530459642410278
2024-02-14 10:40:36 | TRACE   | query_time, 0.004530543461441994
2024-02-14 10:40:36 | TRACE   | query_time, 0.004574887454509735
2024-02-14 10:40:36 | TRACE   | query_time, 0.004445960745215416
2024-02-14 10:40:36 | TRACE   | query_time, 0.004395604133605957
2024-02-14 10:40:36 | TRACE   | query_time, 0.004449881613254547
2024-02-14 10:40:36 | TRACE   | query_time, 0.004433298483490944
2024-02-14 10:40:36 | TRACE   | query_time, 0.004080863669514656
2024-02-14 10:40:36 | TRACE   | query_time, 0.004364579916000366
2024-02-14 10:40:36 | TRACE   | query_time, 0.0042788200080394745
2024-02-14 10:40:36 | TRACE   | query_time, 0.001417672261595726
2024-02-14 10:40:36 | TRACE   | query_time, 0.004445577040314674
2024-02-14 10:40:36 | TRACE   | query_time, 0.0040384698659181595
2024-02-14 10:40:36 | TRACE   | query_time, 0.004348179325461388
2024-02-14 10:40:36 | TRACE   | query_time, 0.004198215901851654
2024-02-14 10:40:36 | TRACE   | query_time, 0.0042141396552324295
2024-02-14 10:40:36 | TRACE   | query_time, 0.004028763622045517
2024-02-14 10:40:36 | TRACE   | query_time, 0.003908239305019379
2024-02-14 10:40:36 | TRACE   | query_time, 0.003958156332373619
2024-02-14 10:40:36 | TRACE   | query_time, 0.004064902663230896
2024-02-14 10:40:36 | TRACE   | query_time, 0.003970092162489891
2024-02-14 10:40:36 | TRACE   | query_time, 0.004124477505683899
2024-02-14 10:40:36 | TRACE   | query_time, 0.003996985033154488
2024-02-14 10:40:36 | TRACE   | query_time, 0.003856619819998741
2024-02-14 10:40:36 | TRACE   | query_time, 0.0038119591772556305
2024-02-14 10:40:36 | TRACE   | query_time, 0.00393168069422245
2024-02-14 10:40:36 | TRACE   | query_time, 0.003810156136751175
2024-02-14 10:40:36 | TRACE   | query_time, 0.0041167717427015305
2024-02-14 10:40:36 | TRACE   | query_time, 0.0039770230650901794
2024-02-14 10:40:36 | TRACE   | query_time, 0.003984307870268822
2024-02-14 10:40:36 | TRACE   | query_time, 0.00393841415643692
2024-02-14 10:40:36 | TRACE   | query_time, 0.003975076600909233
2024-02-14 10:40:36 | TRACE   | query_time, 0.0038413796573877335
2024-02-14 10:40:36 | TRACE   | query_time, 0.003907116129994392
2024-02-14 10:40:36 | TRACE   | query_time, 0.0039741359651088715
2024-02-14 10:40:36 | TRACE   | query_time, 0.003991363570094109
2024-02-14 10:40:36 | TRACE   | query_time, 0.0038834288716316223
2024-02-14 10:40:36 | TRACE   | query_time, 0.004044899716973305
2024-02-14 10:40:36 | TRACE   | query_time, 0.0038557369261980057
2024-02-14 10:40:36 | TRACE   | query_time, 0.003905143588781357
2024-02-14 10:40:36 | TRACE   | query_time, 0.003940615803003311
2024-02-14 10:40:36 | TRACE   | query_time, 0.003976892679929733
2024-02-14 10:40:36 | TRACE   | query_time, 0.003925936296582222
2024-02-14 10:40:36 | TRACE   | query_time, 0.0038024280220270157
2024-02-14 10:40:36 | TRACE   | query_time, 0.0038872230798006058
2024-02-14 10:40:36 | TRACE   | query_time, 0.003942068666219711
2024-02-14 10:40:36 | TRACE   | query_time, 0.003816762939095497
2024-02-14 10:40:36 | TRACE   | query_time, 0.003911467269062996
2024-02-14 10:40:36 | TRACE   | query_time, 0.003910837695002556
2024-02-14 10:40:36 | TRACE   | query_time, 0.003963528200984001
2024-02-14 10:40:36 | TRACE   | query_time, 0.0038269776850938797
2024-02-14 10:40:36 | TRACE   | query_time, 0.0038623325526714325
2024-02-14 10:40:36 | TRACE   | query_time, 0.003876578062772751
2024-02-14 10:40:36 | TRACE   | query_time, 0.003998028114438057
2024-02-14 10:40:36 | TRACE   | query_time, 0.0037947073578834534
2024-02-14 10:40:36 | TRACE   | query_time, 0.003913292661309242
2024-02-14 10:40:36 | TRACE   | query_time, 0.003915822133421898
2024-02-14 10:40:36 | TRACE   | query_time, 0.003940217196941376
2024-02-14 10:40:36 | TRACE   | query_time, 0.003851126879453659
2024-02-14 10:40:36 | TRACE   | query_time, 0.003972603008151054
