2024-02-14 10:32:41 | DEBUG   | {'input': PosixPath('data/open_data_usa/indices/microbenchmarks/rebinning-k800.zst'), 'input_type': 'index', 'queries': PosixPath('data/open_data_usa/queries/microbenchmarks.zst'), 'estimation_mode': None, 'index_mode': 'recall', 'output': None, 'workers': None, 'frequency_hists': False, 'suppress_results': False, 'log_level': 'INFO', 'log_file': PosixPath('logs/microbenchmarks/runtime/open_data_usa-rebinning-k800-single-4.log')}
2024-02-14 10:32:41 | DEBUG   | Loading input data from data/open_data_usa/indices/microbenchmarks/rebinning-k800.zst
2024-02-14 10:32:41 | DEBUG   | Loading queries from data/open_data_usa/queries/microbenchmarks.zst
2024-02-14 10:32:41 | TRACE   | bootstrap_time, 0.12038741493597627
2024-02-14 10:32:41 | DEBUG   | Starting execution
2024-02-14 10:32:41 | TRACE   | query_time, 0.001675644889473915
2024-02-14 10:32:41 | TRACE   | query_time, 0.001153747085481882
2024-02-14 10:32:41 | TRACE   | query_time, 0.0011232877150177956
2024-02-14 10:32:41 | TRACE   | query_time, 0.0010968619026243687
2024-02-14 10:32:41 | TRACE   | query_time, 0.0009670448489487171
2024-02-14 10:32:41 | TRACE   | query_time, 0.0009936215355992317
2024-02-14 10:32:41 | TRACE   | query_time, 0.001412436831742525
2024-02-14 10:32:41 | TRACE   | query_time, 0.0011172550730407238
2024-02-14 10:32:41 | TRACE   | query_time, 0.000962825957685709
2024-02-14 10:32:41 | TRACE   | query_time, 0.001190675888210535
2024-02-14 10:32:41 | TRACE   | query_time, 0.0010128999128937721
2024-02-14 10:32:41 | TRACE   | query_time, 0.0009994590654969215
2024-02-14 10:32:41 | TRACE   | query_time, 0.001067472156137228
2024-02-14 10:32:41 | TRACE   | query_time, 0.0011074957437813282
2024-02-14 10:32:41 | TRACE   | query_time, 0.0009822691790759563
2024-02-14 10:32:41 | TRACE   | query_time, 0.0009536896832287312
2024-02-14 10:32:41 | TRACE   | query_time, 0.0009973524138331413
2024-02-14 10:32:41 | TRACE   | query_time, 0.0010316609404981136
2024-02-14 10:32:41 | TRACE   | query_time, 0.001000149641185999
2024-02-14 10:32:41 | TRACE   | query_time, 0.0010361322201788425
2024-02-14 10:32:41 | TRACE   | query_time, 0.0012850030325353146
2024-02-14 10:32:41 | TRACE   | query_time, 0.0009869858622550964
2024-02-14 10:32:41 | TRACE   | query_time, 0.0010412908159196377
2024-02-14 10:32:41 | TRACE   | query_time, 0.0010069827549159527
2024-02-14 10:32:41 | TRACE   | query_time, 0.0009839488193392754
2024-02-14 10:32:41 | TRACE   | query_time, 0.0010432167910039425
2024-02-14 10:32:41 | TRACE   | query_time, 0.0010019303299486637
2024-02-14 10:32:41 | TRACE   | query_time, 0.001242227852344513
2024-02-14 10:32:41 | TRACE   | query_time, 0.0010001333430409431
2024-02-14 10:32:41 | TRACE   | query_time, 0.0009703859686851501
2024-02-14 10:32:41 | TRACE   | query_time, 0.0014202692545950413
2024-02-14 10:32:41 | TRACE   | query_time, 0.0010361289605498314
2024-02-14 10:32:41 | TRACE   | query_time, 0.0010575209744274616
2024-02-14 10:32:41 | TRACE   | query_time, 0.0010140310041606426
2024-02-14 10:32:41 | TRACE   | query_time, 0.0010458482429385185
2024-02-14 10:32:41 | TRACE   | query_time, 0.0009998329915106297
2024-02-14 10:32:41 | TRACE   | query_time, 0.000979738775640726
2024-02-14 10:32:41 | TRACE   | query_time, 0.0013710628263652325
2024-02-14 10:32:41 | TRACE   | query_time, 0.0010397820733487606
2024-02-14 10:32:41 | TRACE   | query_time, 0.00129019096493721
2024-02-14 10:32:41 | TRACE   | query_time, 0.0010056840255856514
2024-02-14 10:32:41 | TRACE   | query_time, 0.001330799888819456
2024-02-14 10:32:41 | TRACE   | query_time, 0.0010217931121587753
2024-02-14 10:32:41 | TRACE   | query_time, 0.0013088430278003216
2024-02-14 10:32:41 | TRACE   | query_time, 0.0010254830121994019
2024-02-14 10:32:41 | TRACE   | query_time, 0.0010523232631385326
2024-02-14 10:32:41 | TRACE   | query_time, 0.0010267281904816628
2024-02-14 10:32:41 | TRACE   | query_time, 0.0012288871221244335
2024-02-14 10:32:41 | TRACE   | query_time, 0.000981616321951151
2024-02-14 10:32:41 | TRACE   | query_time, 0.0009922091849148273
2024-02-14 10:32:41 | TRACE   | query_time, 0.0014537577517330647
2024-02-14 10:32:41 | TRACE   | query_time, 0.0010047540999948978
2024-02-14 10:32:41 | TRACE   | query_time, 0.001386383082717657
2024-02-14 10:32:41 | TRACE   | query_time, 0.001000456977635622
2024-02-14 10:32:41 | TRACE   | query_time, 0.0009975726716220379
2024-02-14 10:32:41 | TRACE   | query_time, 0.0012980899773538113
2024-02-14 10:32:41 | TRACE   | query_time, 0.0009879418648779392
2024-02-14 10:32:41 | TRACE   | query_time, 0.0009830347262322903
2024-02-14 10:32:41 | TRACE   | query_time, 0.0010257009416818619
2024-02-14 10:32:41 | TRACE   | query_time, 0.0009641898795962334
2024-02-14 10:32:41 | TRACE   | query_time, 0.001004667952656746
2024-02-14 10:32:41 | TRACE   | query_time, 0.0010046828538179398
2024-02-14 10:32:41 | TRACE   | query_time, 0.0014245309866964817
2024-02-14 10:32:41 | TRACE   | query_time, 0.0010096398182213306
2024-02-14 10:32:41 | TRACE   | query_time, 0.0009984993375837803
2024-02-14 10:32:41 | TRACE   | query_time, 0.0009900541044771671
2024-02-14 10:32:41 | TRACE   | query_time, 0.0009887930937111378
2024-02-14 10:32:41 | TRACE   | query_time, 0.0010097790509462357
2024-02-14 10:32:41 | TRACE   | query_time, 0.0009627663530409336
2024-02-14 10:32:41 | TRACE   | query_time, 0.001008255872875452
2024-02-14 10:32:41 | TRACE   | query_time, 0.0009973440319299698
2024-02-14 10:32:41 | TRACE   | query_time, 0.0009817876853048801
2024-02-14 10:32:41 | TRACE   | query_time, 0.000993845984339714
2024-02-14 10:32:41 | TRACE   | query_time, 0.0010301852598786354
2024-02-14 10:32:41 | TRACE   | query_time, 0.001179153099656105
2024-02-14 10:32:41 | TRACE   | query_time, 0.001039206050336361
2024-02-14 10:32:41 | TRACE   | query_time, 0.0009812810458242893
2024-02-14 10:32:41 | TRACE   | query_time, 0.001036279834806919
2024-02-14 10:32:41 | TRACE   | query_time, 0.0009916191920638084
2024-02-14 10:32:41 | TRACE   | query_time, 0.0009974590502679348
2024-02-14 10:32:41 | TRACE   | query_time, 0.0010126857087016106
2024-02-14 10:32:41 | TRACE   | query_time, 0.0010031070560216904
2024-02-14 10:32:41 | TRACE   | query_time, 0.0009812801145017147
2024-02-14 10:32:41 | TRACE   | query_time, 0.0013665868900716305
2024-02-14 10:32:41 | TRACE   | query_time, 0.0009832889772951603
2024-02-14 10:32:41 | TRACE   | query_time, 0.0011051120236515999
2024-02-14 10:32:41 | TRACE   | query_time, 0.0010228808969259262
2024-02-14 10:32:41 | TRACE   | query_time, 0.000992670189589262
2024-02-14 10:32:41 | TRACE   | query_time, 0.0010232129134237766
2024-02-14 10:32:41 | TRACE   | query_time, 0.0010008309036493301
2024-02-14 10:32:41 | TRACE   | query_time, 0.001340898685157299
2024-02-14 10:32:41 | TRACE   | query_time, 0.0009937756694853306
2024-02-14 10:32:41 | TRACE   | query_time, 0.0009952206164598465
2024-02-14 10:32:41 | TRACE   | query_time, 0.0010215500369668007
2024-02-14 10:32:41 | TRACE   | query_time, 0.0009891297668218613
2024-02-14 10:32:41 | TRACE   | query_time, 0.0009837402030825615
2024-02-14 10:32:41 | TRACE   | query_time, 0.0009968867525458336
2024-02-14 10:32:41 | TRACE   | query_time, 0.0009532943367958069
2024-02-14 10:32:41 | TRACE   | query_time, 0.0009914180263876915
2024-02-14 10:32:41 | TRACE   | query_time, 0.0009551830589771271
2024-02-14 10:32:41 | TRACE   | query_time, 0.0014127548784017563
2024-02-14 10:32:41 | TRACE   | query_time, 0.0010735667310655117
2024-02-14 10:32:41 | TRACE   | query_time, 0.0010234406217932701
2024-02-14 10:32:41 | TRACE   | query_time, 0.000981637742370367
2024-02-14 10:32:41 | TRACE   | query_time, 0.0009795050136744976
2024-02-14 10:32:41 | TRACE   | query_time, 0.0009799599647521973
2024-02-14 10:32:41 | TRACE   | query_time, 0.0010048807598650455
2024-02-14 10:32:41 | TRACE   | query_time, 0.0010091811418533325
2024-02-14 10:32:41 | TRACE   | query_time, 0.0009516631253063679
2024-02-14 10:32:41 | TRACE   | query_time, 0.0009745573624968529
2024-02-14 10:32:41 | TRACE   | query_time, 0.0009587728418409824
2024-02-14 10:32:41 | TRACE   | query_time, 0.0009831706993281841
2024-02-14 10:32:41 | TRACE   | query_time, 0.0013513821177184582
2024-02-14 10:32:41 | TRACE   | query_time, 0.001003518234938383
2024-02-14 10:32:41 | TRACE   | query_time, 0.000996071845293045
2024-02-14 10:32:41 | TRACE   | query_time, 0.0011681802570819855
2024-02-14 10:32:41 | TRACE   | query_time, 0.0013740691356360912
2024-02-14 10:32:41 | TRACE   | query_time, 0.0009406488388776779
2024-02-14 10:32:41 | TRACE   | query_time, 0.001017286442220211
2024-02-14 10:32:41 | TRACE   | query_time, 0.0014098226092755795
2024-02-14 10:32:41 | TRACE   | query_time, 0.0009649950079619884
2024-02-14 10:32:41 | TRACE   | query_time, 0.0009957626461982727
2024-02-14 10:32:41 | TRACE   | query_time, 0.0010792217217385769
2024-02-14 10:32:41 | TRACE   | query_time, 0.0010031289421021938
2024-02-14 10:32:41 | TRACE   | query_time, 0.0010120859369635582
2024-02-14 10:32:41 | TRACE   | query_time, 0.00100235128775239
2024-02-14 10:32:41 | TRACE   | query_time, 0.0009788637980818748
2024-02-14 10:32:41 | TRACE   | query_time, 0.0009487820789217949
2024-02-14 10:32:41 | TRACE   | query_time, 0.0009490512311458588
2024-02-14 10:32:41 | TRACE   | query_time, 0.0010890848934650421
2024-02-14 10:32:41 | TRACE   | query_time, 0.001021676231175661
2024-02-14 10:32:41 | TRACE   | query_time, 0.0009766751900315285
2024-02-14 10:32:41 | TRACE   | query_time, 0.0009471052326261997
2024-02-14 10:32:41 | TRACE   | query_time, 0.0010157637298107147
2024-02-14 10:32:41 | TRACE   | query_time, 0.0010274751111865044
2024-02-14 10:32:41 | TRACE   | query_time, 0.0013425098732113838
2024-02-14 10:32:41 | TRACE   | query_time, 0.0009742230176925659
2024-02-14 10:32:41 | TRACE   | query_time, 0.0010199900716543198
2024-02-14 10:32:41 | TRACE   | query_time, 0.0010067303664982319
2024-02-14 10:32:41 | TRACE   | query_time, 0.0011521880514919758
2024-02-14 10:32:41 | TRACE   | query_time, 0.0009918352589011192
2024-02-14 10:32:41 | TRACE   | query_time, 0.0009362678974866867
2024-02-14 10:32:41 | TRACE   | query_time, 0.001009390689432621
2024-02-14 10:32:41 | TRACE   | query_time, 0.000985254067927599
2024-02-14 10:32:41 | TRACE   | query_time, 0.0013590380549430847
2024-02-14 10:32:41 | TRACE   | query_time, 0.0009916210547089577
2024-02-14 10:32:41 | TRACE   | query_time, 0.001394790131598711
2024-02-14 10:32:41 | TRACE   | query_time, 0.0009766430594027042
2024-02-14 10:32:41 | TRACE   | query_time, 0.000978018157184124
2024-02-14 10:32:41 | TRACE   | query_time, 0.0009582806378602982
2024-02-14 10:32:41 | TRACE   | query_time, 0.0012278291396796703
2024-02-14 10:32:41 | TRACE   | query_time, 0.0014020893722772598
2024-02-14 10:32:41 | TRACE   | query_time, 0.0009628799743950367
2024-02-14 10:32:41 | TRACE   | query_time, 0.0010123951360583305
2024-02-14 10:32:41 | TRACE   | query_time, 0.0009655151516199112
2024-02-14 10:32:41 | TRACE   | query_time, 0.0009994511492550373
2024-02-14 10:32:41 | TRACE   | query_time, 0.0009919353760778904
2024-02-14 10:32:41 | TRACE   | query_time, 0.0011450150050222874
2024-02-14 10:32:41 | TRACE   | query_time, 0.0009979638271033764
2024-02-14 10:32:41 | TRACE   | query_time, 0.0009679249487817287
2024-02-14 10:32:41 | TRACE   | query_time, 0.000955093652009964
2024-02-14 10:32:41 | TRACE   | query_time, 0.0013413717970252037
2024-02-14 10:32:41 | TRACE   | query_time, 0.0009859339334070683
2024-02-14 10:32:41 | TRACE   | query_time, 0.0014123846776783466
2024-02-14 10:32:41 | TRACE   | query_time, 0.0009554610587656498
2024-02-14 10:32:41 | TRACE   | query_time, 0.0010757111012935638
2024-02-14 10:32:41 | TRACE   | query_time, 0.0010003247298300266
2024-02-14 10:32:41 | TRACE   | query_time, 0.0009640310890972614
2024-02-14 10:32:41 | TRACE   | query_time, 0.0009655887261033058
2024-02-14 10:32:41 | TRACE   | query_time, 0.00122796930372715
2024-02-14 10:32:41 | TRACE   | query_time, 0.0009737368673086166
2024-02-14 10:32:41 | TRACE   | query_time, 0.0009930026717483997
2024-02-14 10:32:41 | TRACE   | query_time, 0.0009331852197647095
2024-02-14 10:32:41 | TRACE   | query_time, 0.0010655000805854797
2024-02-14 10:32:41 | TRACE   | query_time, 0.0010158983059227467
2024-02-14 10:32:41 | TRACE   | query_time, 0.0009369342587888241
2024-02-14 10:32:41 | TRACE   | query_time, 0.0009602927602827549
2024-02-14 10:32:41 | TRACE   | query_time, 0.0009866091422736645
2024-02-14 10:32:41 | TRACE   | query_time, 0.0009700036607682705
2024-02-14 10:32:41 | TRACE   | query_time, 0.0010008858516812325
2024-02-14 10:32:41 | TRACE   | query_time, 0.0009919819422066212
2024-02-14 10:32:41 | TRACE   | query_time, 0.0009680008515715599
2024-02-14 10:32:41 | TRACE   | query_time, 0.001136117149144411
2024-02-14 10:32:41 | TRACE   | query_time, 0.0009746057912707329
2024-02-14 10:32:41 | TRACE   | query_time, 0.0009486251510679722
2024-02-14 10:32:41 | TRACE   | query_time, 0.0009779841639101505
2024-02-14 10:32:41 | TRACE   | query_time, 0.0013605272397398949
2024-02-14 10:32:41 | TRACE   | query_time, 0.0009476160630583763
2024-02-14 10:32:41 | TRACE   | query_time, 0.0010065720416605473
2024-02-14 10:32:41 | TRACE   | query_time, 0.0009878464043140411
2024-02-14 10:32:41 | TRACE   | query_time, 0.0013763629831373692
2024-02-14 10:32:41 | TRACE   | query_time, 0.0009563341736793518
2024-02-14 10:32:41 | TRACE   | query_time, 0.0009713480249047279
2024-02-14 10:32:41 | TRACE   | query_time, 0.0009319549426436424
2024-02-14 10:32:41 | TRACE   | query_time, 0.0009589488618075848
2024-02-14 10:32:41 | TRACE   | query_time, 0.0013974318280816078
2024-02-14 10:32:41 | TRACE   | query_time, 0.0009189541451632977
2024-02-14 10:32:41 | TRACE   | query_time, 0.00099605368450284
2024-02-14 10:32:41 | TRACE   | query_time, 0.0009417529217898846
2024-02-14 10:32:41 | TRACE   | query_time, 0.0009672278538346291
2024-02-14 10:32:41 | TRACE   | query_time, 0.0009595490992069244
2024-02-14 10:32:41 | TRACE   | query_time, 0.0011492390185594559
2024-02-14 10:32:41 | TRACE   | query_time, 0.0010023419745266438
2024-02-14 10:32:41 | TRACE   | query_time, 0.0009897537529468536
2024-02-14 10:32:41 | TRACE   | query_time, 0.0009763720445334911
2024-02-14 10:32:41 | TRACE   | query_time, 0.0011701551266014576
2024-02-14 10:32:41 | TRACE   | query_time, 0.0009970651008188725
2024-02-14 10:32:41 | TRACE   | query_time, 0.0011318395845592022
2024-02-14 10:32:41 | TRACE   | query_time, 0.0009450288489460945
2024-02-14 10:32:41 | TRACE   | query_time, 0.000996885821223259
2024-02-14 10:32:41 | TRACE   | query_time, 0.0013696542009711266
2024-02-14 10:32:41 | TRACE   | query_time, 0.0010372651740908623
2024-02-14 10:32:41 | TRACE   | query_time, 0.0009945794008672237
2024-02-14 10:32:41 | TRACE   | query_time, 0.0009612198919057846
2024-02-14 10:32:41 | TRACE   | query_time, 0.0009245350956916809
2024-02-14 10:32:41 | TRACE   | query_time, 0.0009607821702957153
2024-02-14 10:32:41 | TRACE   | query_time, 0.0014038318768143654
2024-02-14 10:32:41 | TRACE   | query_time, 0.00097231799736619
2024-02-14 10:32:41 | TRACE   | query_time, 0.0010666260495781898
2024-02-14 10:32:41 | TRACE   | query_time, 0.0009688758291304111
2024-02-14 10:32:41 | TRACE   | query_time, 0.0009252694435417652
2024-02-14 10:32:41 | TRACE   | query_time, 0.0009551220573484898
2024-02-14 10:32:41 | TRACE   | query_time, 0.0009894650429487228
2024-02-14 10:32:41 | TRACE   | query_time, 0.0009517981670796871
2024-02-14 10:32:41 | TRACE   | query_time, 0.0011928719468414783
2024-02-14 10:32:41 | TRACE   | query_time, 0.0009692590683698654
2024-02-14 10:32:41 | TRACE   | query_time, 0.0009996909648180008
2024-02-14 10:32:41 | TRACE   | query_time, 0.0009981230832636356
2024-02-14 10:32:41 | TRACE   | query_time, 0.0009945486672222614
2024-02-14 10:32:41 | TRACE   | query_time, 0.0009574270807206631
2024-02-14 10:32:41 | TRACE   | query_time, 0.001137622632086277
2024-02-14 10:32:41 | TRACE   | query_time, 0.0009580748155713081
2024-02-14 10:32:41 | TRACE   | query_time, 0.0011395802721381187
2024-02-14 10:32:41 | TRACE   | query_time, 0.0009797918610274792
2024-02-14 10:32:41 | TRACE   | query_time, 0.0013788151554763317
2024-02-14 10:32:41 | TRACE   | query_time, 0.0009478260762989521
2024-02-14 10:32:41 | TRACE   | query_time, 0.0009237849153578281
2024-02-14 10:32:41 | TRACE   | query_time, 0.0009612240828573704
2024-02-14 10:32:41 | TRACE   | query_time, 0.0009560962207615376
2024-02-14 10:32:41 | TRACE   | query_time, 0.0009988541714847088
2024-02-14 10:32:41 | TRACE   | query_time, 0.0009715617634356022
2024-02-14 10:32:41 | TRACE   | query_time, 0.0009933728724718094
2024-02-14 10:32:41 | TRACE   | query_time, 0.0009539108723402023
2024-02-14 10:32:41 | TRACE   | query_time, 0.0009518279694020748
2024-02-14 10:32:41 | TRACE   | query_time, 0.0012194928713142872
2024-02-14 10:32:41 | TRACE   | query_time, 0.0009669880382716656
2024-02-14 10:32:41 | TRACE   | query_time, 0.0009918049909174442
2024-02-14 10:32:41 | TRACE   | query_time, 0.0009678862988948822
2024-02-14 10:32:41 | TRACE   | query_time, 0.0009499560110270977
2024-02-14 10:32:41 | TRACE   | query_time, 0.0009631956927478313
2024-02-14 10:32:41 | TRACE   | query_time, 0.0009325351566076279
2024-02-14 10:32:41 | TRACE   | query_time, 0.0009634066373109818
2024-02-14 10:32:41 | TRACE   | query_time, 0.0009236880578100681
2024-02-14 10:32:41 | TRACE   | query_time, 0.0009594978764653206
2024-02-14 10:32:41 | TRACE   | query_time, 0.0010085999965667725
2024-02-14 10:32:41 | TRACE   | query_time, 0.0013728211633861065
2024-02-14 10:32:41 | TRACE   | query_time, 0.0009461943991482258
2024-02-14 10:32:41 | TRACE   | query_time, 0.0009539090096950531
2024-02-14 10:32:41 | TRACE   | query_time, 0.0009909309446811676
2024-02-14 10:32:41 | TRACE   | query_time, 0.000957004725933075
2024-02-14 10:32:41 | TRACE   | query_time, 0.0011856826022267342
2024-02-14 10:32:41 | TRACE   | query_time, 0.0010070288553833961
2024-02-14 10:32:41 | TRACE   | query_time, 0.0010529151186347008
2024-02-14 10:32:41 | TRACE   | query_time, 0.0009521800093352795
2024-02-14 10:32:41 | TRACE   | query_time, 0.0009629558771848679
2024-02-14 10:32:41 | TRACE   | query_time, 0.0009942823089659214
2024-02-14 10:32:41 | TRACE   | query_time, 0.001201764214783907
2024-02-14 10:32:41 | TRACE   | query_time, 0.0011310088448226452
2024-02-14 10:32:41 | TRACE   | query_time, 0.0009919567964971066
2024-02-14 10:32:41 | TRACE   | query_time, 0.0009620334021747112
2024-02-14 10:32:41 | TRACE   | query_time, 0.0009622890502214432
2024-02-14 10:32:41 | TRACE   | query_time, 0.0011617238633334637
2024-02-14 10:32:41 | TRACE   | query_time, 0.0009883642196655273
2024-02-14 10:32:41 | TRACE   | query_time, 0.0011226530186831951
2024-02-14 10:32:41 | TRACE   | query_time, 0.0009829872287809849
2024-02-14 10:32:41 | TRACE   | query_time, 0.0013441150076687336
2024-02-14 10:32:41 | TRACE   | query_time, 0.0009520151652395725
2024-02-14 10:32:41 | TRACE   | query_time, 0.0013815783895552158
2024-02-14 10:32:41 | TRACE   | query_time, 0.0009528091177344322
2024-02-14 10:32:41 | TRACE   | query_time, 0.0010525910183787346
2024-02-14 10:32:41 | TRACE   | query_time, 0.0009461650624871254
2024-02-14 10:32:41 | TRACE   | query_time, 0.0009691487066447735
2024-02-14 10:32:41 | TRACE   | query_time, 0.0009600943885743618
2024-02-14 10:32:41 | TRACE   | query_time, 0.0009861569851636887
2024-02-14 10:32:41 | TRACE   | query_time, 0.0010397033765912056
2024-02-14 10:32:41 | TRACE   | query_time, 0.0009700087830424309
2024-02-14 10:32:41 | TRACE   | query_time, 0.0009911349043250084
2024-02-14 10:32:41 | TRACE   | query_time, 0.0009505799971520901
2024-02-14 10:32:41 | TRACE   | query_time, 0.0009314948692917824
2024-02-14 10:32:41 | TRACE   | query_time, 0.0009510582312941551
2024-02-14 10:32:41 | TRACE   | query_time, 0.0009595388546586037
2024-02-14 10:32:41 | TRACE   | query_time, 0.0009590652771294117
2024-02-14 10:32:41 | TRACE   | query_time, 0.0009794649668037891
2024-02-14 10:32:41 | TRACE   | query_time, 0.0009988979436457157
2024-02-14 10:32:41 | TRACE   | query_time, 0.0009532179683446884
2024-02-14 10:32:41 | TRACE   | query_time, 0.0011205878108739853
2024-02-14 10:32:41 | TRACE   | query_time, 0.0011322391219437122
2024-02-14 10:32:41 | TRACE   | query_time, 0.000931252259761095
2024-02-14 10:32:41 | TRACE   | query_time, 0.000978098250925541
2024-02-14 10:32:41 | TRACE   | query_time, 0.0009855940006673336
2024-02-14 10:32:41 | TRACE   | query_time, 0.0009416928514838219
2024-02-14 10:32:41 | TRACE   | query_time, 0.0009711161255836487
2024-02-14 10:32:41 | TRACE   | query_time, 0.0009743119589984417
2024-02-14 10:32:41 | TRACE   | query_time, 0.001185756642371416
2024-02-14 10:32:41 | TRACE   | query_time, 0.0009883828461170197
2024-02-14 10:32:41 | TRACE   | query_time, 0.0009490298107266426
2024-02-14 10:32:41 | TRACE   | query_time, 0.0009346110746264458
2024-02-14 10:32:41 | TRACE   | query_time, 0.0011159740388393402
2024-02-14 10:32:41 | TRACE   | query_time, 0.0009623928926885128
2024-02-14 10:32:41 | TRACE   | query_time, 0.0011051017791032791
2024-02-14 10:32:41 | TRACE   | query_time, 0.0009425170719623566
2024-02-14 10:32:41 | TRACE   | query_time, 0.0009600291959941387
2024-02-14 10:32:41 | TRACE   | query_time, 0.0009622429497539997
2024-02-14 10:32:41 | TRACE   | query_time, 0.001204764936119318
2024-02-14 10:32:41 | TRACE   | query_time, 0.000905805267393589
2024-02-14 10:32:41 | TRACE   | query_time, 0.000969334039837122
2024-02-14 10:32:41 | TRACE   | query_time, 0.0012407740578055382
2024-02-14 10:32:41 | TRACE   | query_time, 0.0009417622350156307
2024-02-14 10:32:41 | TRACE   | query_time, 0.0012523629702627659
2024-02-14 10:32:41 | TRACE   | query_time, 0.0009428821504116058
2024-02-14 10:32:41 | TRACE   | query_time, 0.0009737829677760601
2024-02-14 10:32:41 | TRACE   | query_time, 0.000944413710385561
2024-02-14 10:32:41 | TRACE   | query_time, 0.0009338776580989361
2024-02-14 10:32:41 | TRACE   | query_time, 0.00116646196693182
2024-02-14 10:32:41 | TRACE   | query_time, 0.0009447927586734295
2024-02-14 10:32:41 | TRACE   | query_time, 0.0009071067906916142
2024-02-14 10:32:41 | TRACE   | query_time, 0.0010395082645118237
2024-02-14 10:32:41 | TRACE   | query_time, 0.0009369910694658756
2024-02-14 10:32:41 | TRACE   | query_time, 0.0009417301043868065
2024-02-14 10:32:41 | TRACE   | query_time, 0.0009486470371484756
2024-02-14 10:32:41 | TRACE   | query_time, 0.0011116699315607548
2024-02-14 10:32:41 | TRACE   | query_time, 0.0009617968462407589
2024-02-14 10:32:41 | TRACE   | query_time, 0.0009460779838263988
2024-02-14 10:32:41 | TRACE   | query_time, 0.009973538108170033
2024-02-14 10:32:41 | TRACE   | query_time, 0.010426823981106281
2024-02-14 10:32:41 | TRACE   | query_time, 0.009138856083154678
2024-02-14 10:32:41 | TRACE   | query_time, 0.008804027922451496
2024-02-14 10:32:41 | TRACE   | query_time, 0.009389362297952175
2024-02-14 10:32:41 | TRACE   | query_time, 0.008751349058002234
2024-02-14 10:32:41 | TRACE   | query_time, 0.008698818739503622
2024-02-14 10:32:41 | TRACE   | query_time, 0.009154269937425852
2024-02-14 10:32:41 | TRACE   | query_time, 0.00855442089959979
2024-02-14 10:32:41 | TRACE   | query_time, 0.008649955969303846
2024-02-14 10:32:41 | TRACE   | query_time, 0.009151149075478315
2024-02-14 10:32:41 | TRACE   | query_time, 0.008694016374647617
2024-02-14 10:32:41 | TRACE   | query_time, 0.009194009006023407
2024-02-14 10:32:41 | TRACE   | query_time, 0.008575954008847475
2024-02-14 10:32:41 | TRACE   | query_time, 0.008573334198445082
2024-02-14 10:32:41 | TRACE   | query_time, 0.008905487135052681
2024-02-14 10:32:41 | TRACE   | query_time, 0.00937995221465826
2024-02-14 10:32:41 | TRACE   | query_time, 0.00865080812945962
2024-02-14 10:32:41 | TRACE   | query_time, 0.008613778743892908
2024-02-14 10:32:41 | TRACE   | query_time, 0.008533530868589878
2024-02-14 10:32:41 | TRACE   | query_time, 0.008325443603098392
2024-02-14 10:32:41 | TRACE   | query_time, 0.009008757770061493
2024-02-14 10:32:41 | TRACE   | query_time, 0.008165369741618633
2024-02-14 10:32:41 | TRACE   | query_time, 0.008485206868499517
2024-02-14 10:32:41 | TRACE   | query_time, 0.009000194724649191
2024-02-14 10:32:41 | TRACE   | query_time, 0.008882500231266022
2024-02-14 10:32:41 | TRACE   | query_time, 0.009190464857965708
2024-02-14 10:32:41 | TRACE   | query_time, 0.00914006493985653
2024-02-14 10:32:41 | TRACE   | query_time, 0.008800623007118702
2024-02-14 10:32:41 | TRACE   | query_time, 0.0081787109375
2024-02-14 10:32:41 | TRACE   | query_time, 0.008088705129921436
2024-02-14 10:32:41 | TRACE   | query_time, 0.008593165315687656
2024-02-14 10:32:41 | TRACE   | query_time, 0.008261871989816427
2024-02-14 10:32:41 | TRACE   | query_time, 0.009113280102610588
2024-02-14 10:32:41 | TRACE   | query_time, 0.008459014818072319
2024-02-14 10:32:41 | TRACE   | query_time, 0.008097533136606216
2024-02-14 10:32:41 | TRACE   | query_time, 0.008421819191426039
2024-02-14 10:32:41 | TRACE   | query_time, 0.00893872370943427
2024-02-14 10:32:41 | TRACE   | query_time, 0.008774365298449993
2024-02-14 10:32:41 | TRACE   | query_time, 0.008336054161190987
2024-02-14 10:32:41 | TRACE   | query_time, 0.008517937269061804
2024-02-14 10:32:41 | TRACE   | query_time, 0.008185695391148329
2024-02-14 10:32:41 | TRACE   | query_time, 0.008541499264538288
2024-02-14 10:32:41 | TRACE   | query_time, 0.008514265064150095
2024-02-14 10:32:41 | TRACE   | query_time, 0.008773535955697298
2024-02-14 10:32:42 | TRACE   | query_time, 0.008470778819173574
2024-02-14 10:32:42 | TRACE   | query_time, 0.00846288213506341
2024-02-14 10:32:42 | TRACE   | query_time, 0.008769894950091839
2024-02-14 10:32:42 | TRACE   | query_time, 0.008486006874591112
2024-02-14 10:32:42 | TRACE   | query_time, 0.008529684040695429
2024-02-14 10:32:42 | TRACE   | query_time, 0.008704726118594408
2024-02-14 10:32:42 | TRACE   | query_time, 0.008853096049278975
2024-02-14 10:32:42 | TRACE   | query_time, 0.008770504966378212
2024-02-14 10:32:42 | TRACE   | query_time, 0.009209270123392344
2024-02-14 10:32:42 | TRACE   | query_time, 0.008545941207557917
2024-02-14 10:32:42 | TRACE   | query_time, 0.00810347218066454
2024-02-14 10:32:42 | TRACE   | query_time, 0.008409300819039345
2024-02-14 10:32:42 | TRACE   | query_time, 0.008832081686705351
2024-02-14 10:32:42 | TRACE   | query_time, 0.008284504991024733
2024-02-14 10:32:42 | TRACE   | query_time, 0.008623098023235798
2024-02-14 10:32:42 | TRACE   | query_time, 0.008360452018678188
2024-02-14 10:32:42 | TRACE   | query_time, 0.008840335998684168
2024-02-14 10:32:42 | TRACE   | query_time, 0.009639136958867311
2024-02-14 10:32:42 | TRACE   | query_time, 0.008853957988321781
2024-02-14 10:32:42 | TRACE   | query_time, 0.009718708228319883
2024-02-14 10:32:42 | TRACE   | query_time, 0.009859391022473574
2024-02-14 10:32:42 | TRACE   | query_time, 0.009090866893529892
2024-02-14 10:32:42 | TRACE   | query_time, 0.006350191310048103
2024-02-14 10:32:42 | TRACE   | query_time, 0.008800257928669453
2024-02-14 10:32:42 | TRACE   | query_time, 0.008435996249318123
2024-02-14 10:32:42 | TRACE   | query_time, 0.008746821898967028
2024-02-14 10:32:42 | TRACE   | query_time, 0.008304636925458908
2024-02-14 10:32:42 | TRACE   | query_time, 0.008371706120669842
2024-02-14 10:32:42 | TRACE   | query_time, 0.008324348833411932
2024-02-14 10:32:42 | TRACE   | query_time, 0.008591406047344208
2024-02-14 10:32:42 | TRACE   | query_time, 0.008329988922923803
2024-02-14 10:32:42 | TRACE   | query_time, 0.008299782872200012
2024-02-14 10:32:42 | TRACE   | query_time, 0.00838248198851943
2024-02-14 10:32:42 | TRACE   | query_time, 0.008295787032693624
2024-02-14 10:32:42 | TRACE   | query_time, 0.008269599173218012
2024-02-14 10:32:42 | TRACE   | query_time, 0.008335031103342772
2024-02-14 10:32:42 | TRACE   | query_time, 0.008889563847333193
2024-02-14 10:32:42 | TRACE   | query_time, 0.009617595933377743
2024-02-14 10:32:42 | TRACE   | query_time, 0.008761171251535416
2024-02-14 10:32:42 | TRACE   | query_time, 0.008971820119768381
2024-02-14 10:32:42 | TRACE   | query_time, 0.00625912519171834
2024-02-14 10:32:42 | TRACE   | query_time, 0.008689876180142164
2024-02-14 10:32:42 | TRACE   | query_time, 0.006626632064580917
2024-02-14 10:32:42 | TRACE   | query_time, 0.0067243799567222595
2024-02-14 10:32:42 | TRACE   | query_time, 0.006563802249729633
2024-02-14 10:32:42 | TRACE   | query_time, 0.006942781154066324
2024-02-14 10:32:42 | TRACE   | query_time, 0.009109533857554197
2024-02-14 10:32:42 | TRACE   | query_time, 0.008739075157791376
2024-02-14 10:32:42 | TRACE   | query_time, 0.008892982266843319
2024-02-14 10:32:42 | TRACE   | query_time, 0.00974239781498909
2024-02-14 10:32:42 | TRACE   | query_time, 0.0065041882917284966
2024-02-14 10:32:42 | TRACE   | query_time, 0.009956973139196634
2024-02-14 10:32:42 | TRACE   | query_time, 0.008971053175628185
2024-02-14 10:32:42 | TRACE   | query_time, 0.0062887705862522125
2024-02-14 10:32:42 | TRACE   | query_time, 0.0065552550368011
2024-02-14 10:32:42 | TRACE   | query_time, 0.007029925938695669
2024-02-14 10:32:42 | TRACE   | query_time, 0.006634050980210304
2024-02-14 10:32:42 | TRACE   | query_time, 0.006501198746263981
2024-02-14 10:32:42 | TRACE   | query_time, 0.006950251292437315
2024-02-14 10:32:42 | TRACE   | query_time, 0.008900957182049751
2024-02-14 10:32:42 | TRACE   | query_time, 0.0062232608906924725
2024-02-14 10:32:42 | TRACE   | query_time, 0.006856298074126244
2024-02-14 10:32:42 | TRACE   | query_time, 0.007010804023593664
2024-02-14 10:32:42 | TRACE   | query_time, 0.00692725507542491
2024-02-14 10:32:42 | TRACE   | query_time, 0.009018300101161003
2024-02-14 10:32:42 | TRACE   | query_time, 0.006644731853157282
2024-02-14 10:32:42 | TRACE   | query_time, 0.009871188085526228
2024-02-14 10:32:42 | TRACE   | query_time, 0.009600298944860697
2024-02-14 10:32:42 | TRACE   | query_time, 0.008487592916935682
2024-02-14 10:32:42 | TRACE   | query_time, 0.006543715018779039
2024-02-14 10:32:42 | TRACE   | query_time, 0.006752409040927887
2024-02-14 10:32:42 | TRACE   | query_time, 0.006888241972774267
2024-02-14 10:32:42 | TRACE   | query_time, 0.00692450487986207
2024-02-14 10:32:42 | TRACE   | query_time, 0.006508934777230024
2024-02-14 10:32:42 | TRACE   | query_time, 0.0065964600071311
2024-02-14 10:32:42 | TRACE   | query_time, 0.008779116906225681
2024-02-14 10:32:42 | TRACE   | query_time, 0.009248933754861355
2024-02-14 10:32:42 | TRACE   | query_time, 0.006551713682711124
2024-02-14 10:32:42 | TRACE   | query_time, 0.008965601678937674
2024-02-14 10:32:42 | TRACE   | query_time, 0.006811502855271101
2024-02-14 10:32:42 | TRACE   | query_time, 0.012751026079058647
2024-02-14 10:32:42 | TRACE   | query_time, 0.012484513223171234
2024-02-14 10:32:42 | TRACE   | query_time, 0.012517735827714205
2024-02-14 10:32:42 | TRACE   | query_time, 0.012297328095883131
2024-02-14 10:32:42 | TRACE   | query_time, 0.012448980938643217
2024-02-14 10:32:42 | TRACE   | query_time, 0.012200396042317152
2024-02-14 10:32:42 | TRACE   | query_time, 0.012459950055927038
2024-02-14 10:32:42 | TRACE   | query_time, 0.010170042049139738
2024-02-14 10:32:42 | TRACE   | query_time, 0.009100100956857204
2024-02-14 10:32:42 | TRACE   | query_time, 0.009112373925745487
2024-02-14 10:32:42 | TRACE   | query_time, 0.008515778928995132
2024-02-14 10:32:42 | TRACE   | query_time, 0.00825117388740182
2024-02-14 10:32:42 | TRACE   | query_time, 0.008202055934816599
2024-02-14 10:32:42 | TRACE   | query_time, 0.007961958646774292
2024-02-14 10:32:42 | TRACE   | query_time, 0.008016800973564386
2024-02-14 10:32:42 | TRACE   | query_time, 0.00789918890222907
2024-02-14 10:32:42 | TRACE   | query_time, 0.007889210246503353
2024-02-14 10:32:42 | TRACE   | query_time, 0.007722252979874611
2024-02-14 10:32:42 | TRACE   | query_time, 0.007666253950446844
2024-02-14 10:32:42 | TRACE   | query_time, 0.0076986560598015785
2024-02-14 10:32:42 | TRACE   | query_time, 0.0074265399016439915
2024-02-14 10:32:42 | TRACE   | query_time, 0.00753766717389226
2024-02-14 10:32:42 | TRACE   | query_time, 0.007411282975226641
2024-02-14 10:32:42 | TRACE   | query_time, 0.007493990007787943
2024-02-14 10:32:42 | TRACE   | query_time, 0.007716700900346041
2024-02-14 10:32:42 | TRACE   | query_time, 0.007657819893211126
2024-02-14 10:32:42 | TRACE   | query_time, 0.007445641793310642
2024-02-14 10:32:43 | TRACE   | query_time, 0.007204987108707428
2024-02-14 10:32:43 | TRACE   | query_time, 0.0073008108884096146
2024-02-14 10:32:43 | TRACE   | query_time, 0.007341423071920872
2024-02-14 10:32:43 | TRACE   | query_time, 0.007422572001814842
2024-02-14 10:32:43 | TRACE   | query_time, 0.007456617895513773
2024-02-14 10:32:43 | TRACE   | query_time, 0.007511831820011139
2024-02-14 10:32:43 | TRACE   | query_time, 0.007426852826029062
2024-02-14 10:32:43 | TRACE   | query_time, 0.007550446316599846
2024-02-14 10:32:43 | TRACE   | query_time, 0.007354306988418102
2024-02-14 10:32:43 | TRACE   | query_time, 0.007198402192443609
2024-02-14 10:32:43 | TRACE   | query_time, 0.007237032987177372
2024-02-14 10:32:43 | TRACE   | query_time, 0.0073219421319663525
2024-02-14 10:32:43 | TRACE   | query_time, 0.007212909869849682
2024-02-14 10:32:43 | TRACE   | query_time, 0.007337894756346941
2024-02-14 10:32:43 | TRACE   | query_time, 0.007292486727237701
2024-02-14 10:32:43 | TRACE   | query_time, 0.00726855406537652
2024-02-14 10:32:43 | TRACE   | query_time, 0.007280444260686636
2024-02-14 10:32:43 | TRACE   | query_time, 0.007957435213029385
2024-02-14 10:32:43 | TRACE   | query_time, 0.007280217949301004
2024-02-14 10:32:43 | TRACE   | query_time, 0.007239354774355888
2024-02-14 10:32:43 | TRACE   | query_time, 0.007152833044528961
2024-02-14 10:32:43 | TRACE   | query_time, 0.007370640989392996
2024-02-14 10:32:43 | TRACE   | query_time, 0.007099452894181013
2024-02-14 10:32:43 | TRACE   | query_time, 0.007185528054833412
2024-02-14 10:32:43 | TRACE   | query_time, 0.007114505860954523
2024-02-14 10:32:43 | TRACE   | query_time, 0.007205067202448845
2024-02-14 10:32:43 | TRACE   | query_time, 0.007351025007665157
2024-02-14 10:32:43 | TRACE   | query_time, 0.007322283927351236
2024-02-14 10:32:43 | TRACE   | query_time, 0.0071237157098948956
2024-02-14 10:32:43 | TRACE   | query_time, 0.007258769124746323
2024-02-14 10:32:43 | TRACE   | query_time, 0.007230775896459818
2024-02-14 10:32:43 | TRACE   | query_time, 0.007341410033404827
2024-02-14 10:32:43 | TRACE   | query_time, 0.007219288032501936
2024-02-14 10:32:43 | TRACE   | query_time, 0.00729064317420125
2024-02-14 10:32:43 | TRACE   | query_time, 0.007206387352198362
2024-02-14 10:32:43 | TRACE   | query_time, 0.007274505216628313
2024-02-14 10:32:43 | TRACE   | query_time, 0.007327717263251543
2024-02-14 10:32:43 | TRACE   | query_time, 0.0071245660074055195
2024-02-14 10:32:43 | TRACE   | query_time, 0.007208462804555893
2024-02-14 10:32:43 | TRACE   | query_time, 0.00715149799361825
2024-02-14 10:32:43 | TRACE   | query_time, 0.007247248664498329
2024-02-14 10:32:43 | TRACE   | query_time, 0.007123963907361031
2024-02-14 10:32:43 | TRACE   | query_time, 0.007199903950095177
2024-02-14 10:32:43 | TRACE   | query_time, 0.007145994808524847
2024-02-14 10:32:43 | TRACE   | query_time, 0.007237680722028017
2024-02-14 10:32:43 | TRACE   | query_time, 0.00724646495655179
2024-02-14 10:32:43 | TRACE   | query_time, 0.007085986901074648
2024-02-14 10:32:43 | TRACE   | query_time, 0.0072327577508986
2024-02-14 10:32:43 | TRACE   | query_time, 0.007307142950594425
2024-02-14 10:32:43 | TRACE   | query_time, 0.007257537916302681
2024-02-14 10:32:43 | TRACE   | query_time, 0.007204294670373201
2024-02-14 10:32:43 | TRACE   | query_time, 0.007288401946425438
2024-02-14 10:32:43 | TRACE   | query_time, 0.007205361966043711
2024-02-14 10:32:43 | TRACE   | query_time, 0.007099294103682041
2024-02-14 10:32:43 | TRACE   | query_time, 0.007119680754840374
2024-02-14 10:32:43 | TRACE   | query_time, 0.007248317822813988
2024-02-14 10:32:43 | TRACE   | query_time, 0.007129292003810406
2024-02-14 10:32:43 | TRACE   | query_time, 0.007278351113200188
2024-02-14 10:32:43 | TRACE   | query_time, 0.007193601690232754
2024-02-14 10:32:43 | TRACE   | query_time, 0.0072137461975216866
2024-02-14 10:32:43 | TRACE   | query_time, 0.004937849007546902
2024-02-14 10:32:43 | TRACE   | query_time, 0.007455223705619574
2024-02-14 10:32:43 | TRACE   | query_time, 0.007266031112521887
2024-02-14 10:32:43 | TRACE   | query_time, 0.007186650298535824
2024-02-14 10:32:43 | TRACE   | query_time, 0.007109473925083876
2024-02-14 10:32:43 | TRACE   | query_time, 0.007151431869715452
2024-02-14 10:32:43 | TRACE   | query_time, 0.007155341096222401
2024-02-14 10:32:43 | TRACE   | query_time, 0.0072870030999183655
2024-02-14 10:32:43 | TRACE   | query_time, 0.00717876898124814
2024-02-14 10:32:43 | TRACE   | query_time, 0.007110117934644222
2024-02-14 10:32:43 | TRACE   | query_time, 0.007099034730345011
2024-02-14 10:32:43 | TRACE   | query_time, 0.007080393843352795
2024-02-14 10:32:43 | TRACE   | query_time, 0.007130712270736694
2024-02-14 10:32:43 | TRACE   | query_time, 0.007240646053105593
2024-02-14 10:32:43 | TRACE   | query_time, 0.0072426400147378445
2024-02-14 10:32:43 | TRACE   | query_time, 0.007050354965031147
2024-02-14 10:32:43 | TRACE   | query_time, 0.007155511993914843
2024-02-14 10:32:43 | TRACE   | query_time, 0.007071363739669323
2024-02-14 10:32:43 | TRACE   | query_time, 0.007115612737834454
2024-02-14 10:32:43 | TRACE   | query_time, 0.007067504804581404
2024-02-14 10:32:43 | TRACE   | query_time, 0.006984603125602007
2024-02-14 10:32:43 | TRACE   | query_time, 0.007006190251559019
2024-02-14 10:32:43 | TRACE   | query_time, 0.0070775169879198074
2024-02-14 10:32:43 | TRACE   | query_time, 0.007046172861009836
2024-02-14 10:32:43 | TRACE   | query_time, 0.006975973024964333
2024-02-14 10:32:43 | TRACE   | query_time, 0.007071401923894882
2024-02-14 10:32:43 | TRACE   | query_time, 0.007100813090801239
2024-02-14 10:32:43 | TRACE   | query_time, 0.007072088308632374
2024-02-14 10:32:43 | TRACE   | query_time, 0.0071544949896633625
2024-02-14 10:32:43 | TRACE   | query_time, 0.0069603947922587395
2024-02-14 10:32:43 | TRACE   | query_time, 0.007064107805490494
2024-02-14 10:32:43 | TRACE   | query_time, 0.0069998642429709435
2024-02-14 10:32:43 | TRACE   | query_time, 0.007105289958417416
2024-02-14 10:32:43 | TRACE   | query_time, 0.007053195033222437
2024-02-14 10:32:43 | TRACE   | query_time, 0.007032157853245735
2024-02-14 10:32:43 | TRACE   | query_time, 0.006930564064532518
2024-02-14 10:32:43 | TRACE   | query_time, 0.007053154055029154
2024-02-14 10:32:43 | TRACE   | query_time, 0.0070528918877244
2024-02-14 10:32:43 | TRACE   | query_time, 0.00700193690136075
2024-02-14 10:32:43 | TRACE   | query_time, 0.007021379191428423
2024-02-14 10:32:43 | TRACE   | query_time, 0.007050156127661467
2024-02-14 10:32:43 | TRACE   | query_time, 0.007013400085270405
2024-02-14 10:32:43 | TRACE   | query_time, 0.006934358272701502
2024-02-14 10:32:43 | TRACE   | query_time, 0.006916194222867489
2024-02-14 10:32:43 | TRACE   | query_time, 0.0071128667332232
2024-02-14 10:32:43 | TRACE   | query_time, 0.006981528364121914
2024-02-14 10:32:43 | TRACE   | query_time, 0.00696945795789361
2024-02-14 10:32:43 | TRACE   | query_time, 0.006990356370806694
2024-02-14 10:32:43 | TRACE   | query_time, 0.007041693199425936
2024-02-14 10:32:43 | TRACE   | query_time, 0.007037398871034384
2024-02-14 10:32:43 | TRACE   | query_time, 0.00704776169732213
2024-02-14 10:32:43 | TRACE   | query_time, 0.007107162848114967
2024-02-14 10:32:43 | TRACE   | query_time, 0.00713235791772604
2024-02-14 10:32:43 | TRACE   | query_time, 0.0071295807138085365
