2024-02-14 10:45:31 | DEBUG   | {'input': PosixPath('data/open_data_usa/indices/microbenchmarks/rebinning-k250.zst'), 'input_type': 'index', 'queries': PosixPath('data/open_data_usa/queries/microbenchmarks.zst'), 'estimation_mode': None, 'index_mode': 'recall', 'output': None, 'workers': None, 'frequency_hists': False, 'suppress_results': False, 'log_level': 'INFO', 'log_file': PosixPath('logs/microbenchmarks/runtime/open_data_usa-rebinning-k250-single-2.log')}
2024-02-14 10:45:31 | DEBUG   | Loading input data from data/open_data_usa/indices/microbenchmarks/rebinning-k250.zst
2024-02-14 10:45:31 | DEBUG   | Loading queries from data/open_data_usa/queries/microbenchmarks.zst
2024-02-14 10:45:31 | TRACE   | bootstrap_time, 0.1571772899478674
2024-02-14 10:45:31 | DEBUG   | Starting execution
2024-02-14 10:45:31 | TRACE   | query_time, 0.0005449354648590088
2024-02-14 10:45:31 | TRACE   | query_time, 0.0003914646804332733
2024-02-14 10:45:31 | TRACE   | query_time, 0.0003837514668703079
2024-02-14 10:45:31 | TRACE   | query_time, 0.00038045644760131836
2024-02-14 10:45:31 | TRACE   | query_time, 0.0003690794110298157
2024-02-14 10:45:31 | TRACE   | query_time, 0.00036618486046791077
2024-02-14 10:45:31 | TRACE   | query_time, 0.0004890784621238708
2024-02-14 10:45:31 | TRACE   | query_time, 0.0003859028220176697
2024-02-14 10:45:31 | TRACE   | query_time, 0.0003644675016403198
2024-02-14 10:45:31 | TRACE   | query_time, 0.0003964751958847046
2024-02-14 10:45:31 | TRACE   | query_time, 0.0003624092787504196
2024-02-14 10:45:31 | TRACE   | query_time, 0.0003602113574743271
2024-02-14 10:45:31 | TRACE   | query_time, 0.00036913715302944183
2024-02-14 10:45:31 | TRACE   | query_time, 0.0003765672445297241
2024-02-14 10:45:31 | TRACE   | query_time, 0.00037761032581329346
2024-02-14 10:45:31 | TRACE   | query_time, 0.00038410723209381104
2024-02-14 10:45:31 | TRACE   | query_time, 0.00038119591772556305
2024-02-14 10:45:31 | TRACE   | query_time, 0.00036978907883167267
2024-02-14 10:45:31 | TRACE   | query_time, 0.00038664042949676514
2024-02-14 10:45:31 | TRACE   | query_time, 0.00039483048021793365
2024-02-14 10:45:31 | TRACE   | query_time, 0.00043676048517227173
2024-02-14 10:45:31 | TRACE   | query_time, 0.0003783106803894043
2024-02-14 10:45:31 | TRACE   | query_time, 0.0003958921879529953
2024-02-14 10:45:31 | TRACE   | query_time, 0.00038339942693710327
2024-02-14 10:45:31 | TRACE   | query_time, 0.00041513703763484955
2024-02-14 10:45:31 | TRACE   | query_time, 0.00039454735815525055
2024-02-14 10:45:31 | TRACE   | query_time, 0.00037886016070842743
2024-02-14 10:45:31 | TRACE   | query_time, 0.0004133880138397217
2024-02-14 10:45:31 | TRACE   | query_time, 0.0003995075821876526
2024-02-14 10:45:31 | TRACE   | query_time, 0.00038635917007923126
2024-02-14 10:45:31 | TRACE   | query_time, 0.0004676263779401779
2024-02-14 10:45:31 | TRACE   | query_time, 0.0004005804657936096
2024-02-14 10:45:31 | TRACE   | query_time, 0.0004016309976577759
2024-02-14 10:45:31 | TRACE   | query_time, 0.0003909114748239517
2024-02-14 10:45:31 | TRACE   | query_time, 0.0003935042768716812
2024-02-14 10:45:31 | TRACE   | query_time, 0.0003833398222923279
2024-02-14 10:45:31 | TRACE   | query_time, 0.0003742128610610962
2024-02-14 10:45:31 | TRACE   | query_time, 0.0004739779978990555
2024-02-14 10:45:31 | TRACE   | query_time, 0.0003950484097003937
2024-02-14 10:45:31 | TRACE   | query_time, 0.00043947622179985046
2024-02-14 10:45:31 | TRACE   | query_time, 0.00038631632924079895
2024-02-14 10:45:31 | TRACE   | query_time, 0.00047030113637447357
2024-02-14 10:45:31 | TRACE   | query_time, 0.00038768723607063293
2024-02-14 10:45:31 | TRACE   | query_time, 0.0004407186061143875
2024-02-14 10:45:31 | TRACE   | query_time, 0.0003950241953134537
2024-02-14 10:45:31 | TRACE   | query_time, 0.00039561837911605835
2024-02-14 10:45:31 | TRACE   | query_time, 0.00038968026638031006
2024-02-14 10:45:31 | TRACE   | query_time, 0.0004180576652288437
2024-02-14 10:45:31 | TRACE   | query_time, 0.00038357824087142944
2024-02-14 10:45:31 | TRACE   | query_time, 0.00038488395512104034
2024-02-14 10:45:31 | TRACE   | query_time, 0.0005012322217226028
2024-02-14 10:45:31 | TRACE   | query_time, 0.000400027260184288
2024-02-14 10:45:31 | TRACE   | query_time, 0.0004590209573507309
2024-02-14 10:45:31 | TRACE   | query_time, 0.0003905799239873886
2024-02-14 10:45:31 | TRACE   | query_time, 0.00038560666143894196
2024-02-14 10:45:31 | TRACE   | query_time, 0.00043851323425769806
2024-02-14 10:45:31 | TRACE   | query_time, 0.0003261975944042206
2024-02-14 10:45:31 | TRACE   | query_time, 0.00031650811433792114
2024-02-14 10:45:31 | TRACE   | query_time, 0.00039294175803661346
2024-02-14 10:45:31 | TRACE   | query_time, 0.0003234483301639557
2024-02-14 10:45:31 | TRACE   | query_time, 0.0003294292837381363
2024-02-14 10:45:31 | TRACE   | query_time, 0.0003676675260066986
2024-02-14 10:45:31 | TRACE   | query_time, 0.0005216300487518311
2024-02-14 10:45:31 | TRACE   | query_time, 0.0003194734454154968
2024-02-14 10:45:31 | TRACE   | query_time, 0.00041192956268787384
2024-02-14 10:45:31 | TRACE   | query_time, 0.0003173239529132843
2024-02-14 10:45:31 | TRACE   | query_time, 0.00032769888639450073
2024-02-14 10:45:31 | TRACE   | query_time, 0.0003313124179840088
2024-02-14 10:45:31 | TRACE   | query_time, 0.00032561831176280975
2024-02-14 10:45:31 | TRACE   | query_time, 0.00040476396679878235
2024-02-14 10:45:31 | TRACE   | query_time, 0.00031363219022750854
2024-02-14 10:45:31 | TRACE   | query_time, 0.000327402725815773
2024-02-14 10:45:31 | TRACE   | query_time, 0.00032676011323928833
2024-02-14 10:45:31 | TRACE   | query_time, 0.00040520355105400085
2024-02-14 10:45:31 | TRACE   | query_time, 0.0004407484084367752
2024-02-14 10:45:31 | TRACE   | query_time, 0.00039937905967235565
2024-02-14 10:45:31 | TRACE   | query_time, 0.0003184564411640167
2024-02-14 10:45:31 | TRACE   | query_time, 0.00040598027408123016
2024-02-14 10:45:31 | TRACE   | query_time, 0.00031883642077445984
2024-02-14 10:45:31 | TRACE   | query_time, 0.00032426975667476654
2024-02-14 10:45:31 | TRACE   | query_time, 0.0004043765366077423
2024-02-14 10:45:31 | TRACE   | query_time, 0.00039986148476600647
2024-02-14 10:45:31 | TRACE   | query_time, 0.0003197118639945984
2024-02-14 10:45:31 | TRACE   | query_time, 0.00046730414032936096
2024-02-14 10:45:31 | TRACE   | query_time, 0.0003189127892255783
2024-02-14 10:45:31 | TRACE   | query_time, 0.0004167277365922928
2024-02-14 10:45:31 | TRACE   | query_time, 0.0003947727382183075
2024-02-14 10:45:31 | TRACE   | query_time, 0.0003218129277229309
2024-02-14 10:45:31 | TRACE   | query_time, 0.00039801932871341705
2024-02-14 10:45:31 | TRACE   | query_time, 0.00031199492514133453
2024-02-14 10:45:31 | TRACE   | query_time, 0.0005159042775630951
2024-02-14 10:45:31 | TRACE   | query_time, 0.00031422078609466553
2024-02-14 10:45:31 | TRACE   | query_time, 0.00032490864396095276
2024-02-14 10:45:31 | TRACE   | query_time, 0.0004006586968898773
2024-02-14 10:45:31 | TRACE   | query_time, 0.00031275488436222076
2024-02-14 10:45:31 | TRACE   | query_time, 0.00033005326986312866
2024-02-14 10:45:31 | TRACE   | query_time, 0.000324079766869545
2024-02-14 10:45:31 | TRACE   | query_time, 0.00032215937972068787
2024-02-14 10:45:31 | TRACE   | query_time, 0.0003214683383703232
2024-02-14 10:45:31 | TRACE   | query_time, 0.00033888034522533417
2024-02-14 10:45:31 | TRACE   | query_time, 0.0005033202469348907
2024-02-14 10:45:31 | TRACE   | query_time, 0.00041064247488975525
2024-02-14 10:45:31 | TRACE   | query_time, 0.00032542645931243896
2024-02-14 10:45:31 | TRACE   | query_time, 0.00035069137811660767
2024-02-14 10:45:31 | TRACE   | query_time, 0.0003220699727535248
2024-02-14 10:45:31 | TRACE   | query_time, 0.0003211274743080139
2024-02-14 10:45:31 | TRACE   | query_time, 0.0003227870911359787
2024-02-14 10:45:31 | TRACE   | query_time, 0.00034319981932640076
2024-02-14 10:45:31 | TRACE   | query_time, 0.0003253202885389328
2024-02-14 10:45:31 | TRACE   | query_time, 0.00032769516110420227
2024-02-14 10:45:31 | TRACE   | query_time, 0.0003278646618127823
2024-02-14 10:45:31 | TRACE   | query_time, 0.00032101385295391083
2024-02-14 10:45:31 | TRACE   | query_time, 0.00047423504292964935
2024-02-14 10:45:31 | TRACE   | query_time, 0.0003220159560441971
2024-02-14 10:45:31 | TRACE   | query_time, 0.00032168440520763397
2024-02-14 10:45:31 | TRACE   | query_time, 0.0004550684243440628
2024-02-14 10:45:31 | TRACE   | query_time, 0.0004894901067018509
2024-02-14 10:45:31 | TRACE   | query_time, 0.00031523965299129486
2024-02-14 10:45:31 | TRACE   | query_time, 0.0003422759473323822
2024-02-14 10:45:31 | TRACE   | query_time, 0.0004952438175678253
2024-02-14 10:45:31 | TRACE   | query_time, 0.00031149573624134064
2024-02-14 10:45:31 | TRACE   | query_time, 0.0003236960619688034
2024-02-14 10:45:31 | TRACE   | query_time, 0.0003640688955783844
2024-02-14 10:45:31 | TRACE   | query_time, 0.00033177994191646576
2024-02-14 10:45:31 | TRACE   | query_time, 0.0003377143293619156
2024-02-14 10:45:31 | TRACE   | query_time, 0.0003336835652589798
2024-02-14 10:45:31 | TRACE   | query_time, 0.000327039510011673
2024-02-14 10:45:31 | TRACE   | query_time, 0.00032076798379421234
2024-02-14 10:45:31 | TRACE   | query_time, 0.0003293342888355255
2024-02-14 10:45:31 | TRACE   | query_time, 0.0003642439842224121
2024-02-14 10:45:31 | TRACE   | query_time, 0.00033557042479515076
2024-02-14 10:45:31 | TRACE   | query_time, 0.0003242138773202896
2024-02-14 10:45:31 | TRACE   | query_time, 0.0003217030316591263
2024-02-14 10:45:31 | TRACE   | query_time, 0.0003376081585884094
2024-02-14 10:45:31 | TRACE   | query_time, 0.0003347247838973999
2024-02-14 10:45:31 | TRACE   | query_time, 0.00046925246715545654
2024-02-14 10:45:31 | TRACE   | query_time, 0.00030957721173763275
2024-02-14 10:45:31 | TRACE   | query_time, 0.00033297762274742126
2024-02-14 10:45:31 | TRACE   | query_time, 0.0003321561962366104
2024-02-14 10:45:31 | TRACE   | query_time, 0.00044838525354862213
2024-02-14 10:45:31 | TRACE   | query_time, 0.0003105420619249344
2024-02-14 10:45:31 | TRACE   | query_time, 0.000326596200466156
2024-02-14 10:45:31 | TRACE   | query_time, 0.00033349357545375824
2024-02-14 10:45:31 | TRACE   | query_time, 0.00032081082463264465
2024-02-14 10:45:31 | TRACE   | query_time, 0.0004972293972969055
2024-02-14 10:45:31 | TRACE   | query_time, 0.00032358989119529724
2024-02-14 10:45:31 | TRACE   | query_time, 0.0004961714148521423
2024-02-14 10:45:31 | TRACE   | query_time, 0.0003106202930212021
2024-02-14 10:45:31 | TRACE   | query_time, 0.00032077357172966003
2024-02-14 10:45:31 | TRACE   | query_time, 0.00032673776149749756
2024-02-14 10:45:31 | TRACE   | query_time, 0.0004690513014793396
2024-02-14 10:45:31 | TRACE   | query_time, 0.00047617219388484955
2024-02-14 10:45:31 | TRACE   | query_time, 0.00032351911067962646
2024-02-14 10:45:31 | TRACE   | query_time, 0.00034691765904426575
2024-02-14 10:45:31 | TRACE   | query_time, 0.0003201924264431
2024-02-14 10:45:31 | TRACE   | query_time, 0.0003304276615381241
2024-02-14 10:45:31 | TRACE   | query_time, 0.00033240392804145813
2024-02-14 10:45:31 | TRACE   | query_time, 0.0003778189420700073
2024-02-14 10:45:31 | TRACE   | query_time, 0.00033456459641456604
2024-02-14 10:45:31 | TRACE   | query_time, 0.00031796470284461975
2024-02-14 10:45:31 | TRACE   | query_time, 0.0003297906368970871
2024-02-14 10:45:31 | TRACE   | query_time, 0.00048359110951423645
2024-02-14 10:45:31 | TRACE   | query_time, 0.0003246758133172989
2024-02-14 10:45:31 | TRACE   | query_time, 0.0004800185561180115
2024-02-14 10:45:31 | TRACE   | query_time, 0.0003058686852455139
2024-02-14 10:45:31 | TRACE   | query_time, 0.0003571677953004837
2024-02-14 10:45:31 | TRACE   | query_time, 0.0003292430192232132
2024-02-14 10:45:31 | TRACE   | query_time, 0.0003181248903274536
2024-02-14 10:45:31 | TRACE   | query_time, 0.00032393448054790497
2024-02-14 10:45:31 | TRACE   | query_time, 0.00046196021139621735
2024-02-14 10:45:31 | TRACE   | query_time, 0.0003080088645219803
2024-02-14 10:45:31 | TRACE   | query_time, 0.0003276616334915161
2024-02-14 10:45:31 | TRACE   | query_time, 0.0003173239529132843
2024-02-14 10:45:31 | TRACE   | query_time, 0.00034776516258716583
2024-02-14 10:45:31 | TRACE   | query_time, 0.0003381241112947464
2024-02-14 10:45:31 | TRACE   | query_time, 0.00032172538340091705
2024-02-14 10:45:31 | TRACE   | query_time, 0.00033018551766872406
2024-02-14 10:45:31 | TRACE   | query_time, 0.00033554062247276306
2024-02-14 10:45:31 | TRACE   | query_time, 0.0003169495612382889
2024-02-14 10:45:31 | TRACE   | query_time, 0.00032594986259937286
2024-02-14 10:45:31 | TRACE   | query_time, 0.00032910890877246857
2024-02-14 10:45:31 | TRACE   | query_time, 0.0003363005816936493
2024-02-14 10:45:31 | TRACE   | query_time, 0.000374501571059227
2024-02-14 10:45:31 | TRACE   | query_time, 0.0003188513219356537
2024-02-14 10:45:31 | TRACE   | query_time, 0.0003169011324644089
2024-02-14 10:45:31 | TRACE   | query_time, 0.00032145529985427856
2024-02-14 10:45:31 | TRACE   | query_time, 0.00048581697046756744
2024-02-14 10:45:31 | TRACE   | query_time, 0.00031502358615398407
2024-02-14 10:45:31 | TRACE   | query_time, 0.0003257524222135544
2024-02-14 10:45:31 | TRACE   | query_time, 0.00032446905970573425
2024-02-14 10:45:31 | TRACE   | query_time, 0.0004901997745037079
2024-02-14 10:45:31 | TRACE   | query_time, 0.000306716188788414
2024-02-14 10:45:31 | TRACE   | query_time, 0.00031882524490356445
2024-02-14 10:45:31 | TRACE   | query_time, 0.00032121874392032623
2024-02-14 10:45:31 | TRACE   | query_time, 0.0003135744482278824
2024-02-14 10:45:31 | TRACE   | query_time, 0.0004983525723218918
2024-02-14 10:45:31 | TRACE   | query_time, 0.0003057289868593216
2024-02-14 10:45:31 | TRACE   | query_time, 0.00032346323132514954
2024-02-14 10:45:31 | TRACE   | query_time, 0.00031656399369239807
2024-02-14 10:45:31 | TRACE   | query_time, 0.00032065995037555695
2024-02-14 10:45:31 | TRACE   | query_time, 0.00031461380422115326
2024-02-14 10:45:31 | TRACE   | query_time, 0.0003795269876718521
2024-02-14 10:45:31 | TRACE   | query_time, 0.0003240872174501419
2024-02-14 10:45:31 | TRACE   | query_time, 0.00033152662217617035
2024-02-14 10:45:31 | TRACE   | query_time, 0.00031445175409317017
2024-02-14 10:45:31 | TRACE   | query_time, 0.00038949958980083466
2024-02-14 10:45:31 | TRACE   | query_time, 0.00033538229763507843
2024-02-14 10:45:31 | TRACE   | query_time, 0.0003732927143573761
2024-02-14 10:45:31 | TRACE   | query_time, 0.00031372345983982086
2024-02-14 10:45:31 | TRACE   | query_time, 0.0003282520920038223
2024-02-14 10:45:31 | TRACE   | query_time, 0.0004915837198495865
2024-02-14 10:45:31 | TRACE   | query_time, 0.0003385525196790695
2024-02-14 10:45:31 | TRACE   | query_time, 0.0003324132412672043
2024-02-14 10:45:31 | TRACE   | query_time, 0.000319918617606163
2024-02-14 10:45:31 | TRACE   | query_time, 0.0003089290112257004
2024-02-14 10:45:31 | TRACE   | query_time, 0.00031492114067077637
2024-02-14 10:45:31 | TRACE   | query_time, 0.00048565492033958435
2024-02-14 10:45:31 | TRACE   | query_time, 0.00031061284244060516
2024-02-14 10:45:31 | TRACE   | query_time, 0.00035112909972667694
2024-02-14 10:45:31 | TRACE   | query_time, 0.0003120880573987961
2024-02-14 10:45:31 | TRACE   | query_time, 0.00031065382063388824
2024-02-14 10:45:31 | TRACE   | query_time, 0.0003210790455341339
2024-02-14 10:45:31 | TRACE   | query_time, 0.0003285445272922516
2024-02-14 10:45:31 | TRACE   | query_time, 0.000310651957988739
2024-02-14 10:45:31 | TRACE   | query_time, 0.00046942010521888733
2024-02-14 10:45:31 | TRACE   | query_time, 0.00030049867928028107
2024-02-14 10:45:31 | TRACE   | query_time, 0.0003217589110136032
2024-02-14 10:45:31 | TRACE   | query_time, 0.0003180168569087982
2024-02-14 10:45:31 | TRACE   | query_time, 0.00032179802656173706
2024-02-14 10:45:31 | TRACE   | query_time, 0.00031901895999908447
2024-02-14 10:45:31 | TRACE   | query_time, 0.0003760773688554764
2024-02-14 10:45:31 | TRACE   | query_time, 0.00031291134655475616
2024-02-14 10:45:31 | TRACE   | query_time, 0.0003818552941083908
2024-02-14 10:45:31 | TRACE   | query_time, 0.0003107413649559021
2024-02-14 10:45:31 | TRACE   | query_time, 0.0004950743168592453
2024-02-14 10:45:31 | TRACE   | query_time, 0.00030129216611385345
2024-02-14 10:45:31 | TRACE   | query_time, 0.0003105495125055313
2024-02-14 10:45:31 | TRACE   | query_time, 0.00031622499227523804
2024-02-14 10:45:31 | TRACE   | query_time, 0.0003109630197286606
2024-02-14 10:45:31 | TRACE   | query_time, 0.00032712332904338837
2024-02-14 10:45:31 | TRACE   | query_time, 0.0003218241035938263
2024-02-14 10:45:31 | TRACE   | query_time, 0.0003205258399248123
2024-02-14 10:45:31 | TRACE   | query_time, 0.000307377427816391
2024-02-14 10:45:31 | TRACE   | query_time, 0.0003204774111509323
2024-02-14 10:45:31 | TRACE   | query_time, 0.0004729516804218292
2024-02-14 10:45:31 | TRACE   | query_time, 0.00029997527599334717
2024-02-14 10:45:31 | TRACE   | query_time, 0.00032280199229717255
2024-02-14 10:45:31 | TRACE   | query_time, 0.00030888617038726807
2024-02-14 10:45:31 | TRACE   | query_time, 0.000310555100440979
2024-02-14 10:45:31 | TRACE   | query_time, 0.00031896866858005524
2024-02-14 10:45:31 | TRACE   | query_time, 0.0003099516034126282
2024-02-14 10:45:31 | TRACE   | query_time, 0.00030676089227199554
2024-02-14 10:45:31 | TRACE   | query_time, 0.0003077574074268341
2024-02-14 10:45:31 | TRACE   | query_time, 0.0003191716969013214
2024-02-14 10:45:31 | TRACE   | query_time, 0.0003140568733215332
2024-02-14 10:45:31 | TRACE   | query_time, 0.0004941690713167191
2024-02-14 10:45:31 | TRACE   | query_time, 0.00030075572431087494
2024-02-14 10:45:31 | TRACE   | query_time, 0.00031290575861930847
2024-02-14 10:45:31 | TRACE   | query_time, 0.00031747110188007355
2024-02-14 10:45:31 | TRACE   | query_time, 0.00031500495970249176
2024-02-14 10:45:31 | TRACE   | query_time, 0.0004522930830717087
2024-02-14 10:45:31 | TRACE   | query_time, 0.00030748918652534485
2024-02-14 10:45:31 | TRACE   | query_time, 0.00034247152507305145
2024-02-14 10:45:31 | TRACE   | query_time, 0.0003069080412387848
2024-02-14 10:45:31 | TRACE   | query_time, 0.0003228951245546341
2024-02-14 10:45:31 | TRACE   | query_time, 0.0003156326711177826
2024-02-14 10:45:31 | TRACE   | query_time, 0.0004610493779182434
2024-02-14 10:45:31 | TRACE   | query_time, 0.00036134570837020874
2024-02-14 10:45:31 | TRACE   | query_time, 0.0003291163593530655
2024-02-14 10:45:31 | TRACE   | query_time, 0.00031286850571632385
2024-02-14 10:45:31 | TRACE   | query_time, 0.0003092922270298004
2024-02-14 10:45:31 | TRACE   | query_time, 0.00038254447281360626
2024-02-14 10:45:31 | TRACE   | query_time, 0.0003255903720855713
2024-02-14 10:45:31 | TRACE   | query_time, 0.0003737565129995346
2024-02-14 10:45:31 | TRACE   | query_time, 0.00032182224094867706
2024-02-14 10:45:31 | TRACE   | query_time, 0.0004884600639343262
2024-02-14 10:45:31 | TRACE   | query_time, 0.0002973582595586777
2024-02-14 10:45:31 | TRACE   | query_time, 0.00048727914690971375
2024-02-14 10:45:31 | TRACE   | query_time, 0.00029639527201652527
2024-02-14 10:45:31 | TRACE   | query_time, 0.00034789927303791046
2024-02-14 10:45:31 | TRACE   | query_time, 0.00032231584191322327
2024-02-14 10:45:31 | TRACE   | query_time, 0.0003075636923313141
2024-02-14 10:45:31 | TRACE   | query_time, 0.0003069620579481125
2024-02-14 10:45:31 | TRACE   | query_time, 0.00031839869916439056
2024-02-14 10:45:31 | TRACE   | query_time, 0.00034737400710582733
2024-02-14 10:45:31 | TRACE   | query_time, 0.00030747242271900177
2024-02-14 10:45:31 | TRACE   | query_time, 0.0003168918192386627
2024-02-14 10:45:31 | TRACE   | query_time, 0.00030662305653095245
2024-02-14 10:45:31 | TRACE   | query_time, 0.00031941570341587067
2024-02-14 10:45:31 | TRACE   | query_time, 0.00030726753175258636
2024-02-14 10:45:31 | TRACE   | query_time, 0.000307522714138031
2024-02-14 10:45:31 | TRACE   | query_time, 0.00030597299337387085
2024-02-14 10:45:31 | TRACE   | query_time, 0.000315764918923378
2024-02-14 10:45:31 | TRACE   | query_time, 0.0003274008631706238
2024-02-14 10:45:31 | TRACE   | query_time, 0.00031123869121074677
2024-02-14 10:45:31 | TRACE   | query_time, 0.00036764703691005707
2024-02-14 10:45:31 | TRACE   | query_time, 0.00037012435495853424
2024-02-14 10:45:31 | TRACE   | query_time, 0.0003184303641319275
2024-02-14 10:45:31 | TRACE   | query_time, 0.00031800009310245514
2024-02-14 10:45:31 | TRACE   | query_time, 0.0003162641078233719
2024-02-14 10:45:31 | TRACE   | query_time, 0.0003068242222070694
2024-02-14 10:45:31 | TRACE   | query_time, 0.0003172699362039566
2024-02-14 10:45:31 | TRACE   | query_time, 0.0003139842301607132
2024-02-14 10:45:31 | TRACE   | query_time, 0.0004603397101163864
2024-02-14 10:45:31 | TRACE   | query_time, 0.00031034648418426514
2024-02-14 10:45:31 | TRACE   | query_time, 0.0003112778067588806
2024-02-14 10:45:31 | TRACE   | query_time, 0.00031061843037605286
2024-02-14 10:45:31 | TRACE   | query_time, 0.00037729740142822266
2024-02-14 10:45:31 | TRACE   | query_time, 0.0003088880330324173
2024-02-14 10:45:31 | TRACE   | query_time, 0.0003506336361169815
2024-02-14 10:45:31 | TRACE   | query_time, 0.0002943873405456543
2024-02-14 10:45:31 | TRACE   | query_time, 0.0002950243651866913
2024-02-14 10:45:31 | TRACE   | query_time, 0.0003075413405895233
2024-02-14 10:45:31 | TRACE   | query_time, 0.00046463124454021454
2024-02-14 10:45:31 | TRACE   | query_time, 0.0002853609621524811
2024-02-14 10:45:31 | TRACE   | query_time, 0.00030961818993091583
2024-02-14 10:45:31 | TRACE   | query_time, 0.00046635232865810394
2024-02-14 10:45:31 | TRACE   | query_time, 0.00028791651129722595
2024-02-14 10:45:31 | TRACE   | query_time, 0.00045904703438282013
2024-02-14 10:45:31 | TRACE   | query_time, 0.00027905218303203583
2024-02-14 10:45:31 | TRACE   | query_time, 0.0003109816461801529
2024-02-14 10:45:31 | TRACE   | query_time, 0.0003019385039806366
2024-02-14 10:45:31 | TRACE   | query_time, 0.0002910308539867401
2024-02-14 10:45:31 | TRACE   | query_time, 0.0003722291439771652
2024-02-14 10:45:31 | TRACE   | query_time, 0.002862684428691864
2024-02-14 10:45:31 | TRACE   | query_time, 0.0005021188408136368
2024-02-14 10:45:31 | TRACE   | query_time, 0.00033173710107803345
2024-02-14 10:45:31 | TRACE   | query_time, 0.0003063678741455078
2024-02-14 10:45:31 | TRACE   | query_time, 0.00029176659882068634
2024-02-14 10:45:31 | TRACE   | query_time, 0.000300772488117218
2024-02-14 10:45:31 | TRACE   | query_time, 0.0003607291728258133
2024-02-14 10:45:31 | TRACE   | query_time, 0.00029993243515491486
2024-02-14 10:45:31 | TRACE   | query_time, 0.00029263459146022797
2024-02-14 10:45:31 | TRACE   | query_time, 0.004029408097267151
2024-02-14 10:45:31 | TRACE   | query_time, 0.003947783261537552
2024-02-14 10:45:31 | TRACE   | query_time, 0.0034349244087934494
2024-02-14 10:45:31 | TRACE   | query_time, 0.003332672640681267
2024-02-14 10:45:31 | TRACE   | query_time, 0.003519367426633835
2024-02-14 10:45:31 | TRACE   | query_time, 0.003253679722547531
2024-02-14 10:45:31 | TRACE   | query_time, 0.003282446414232254
2024-02-14 10:45:31 | TRACE   | query_time, 0.00342574343085289
2024-02-14 10:45:31 | TRACE   | query_time, 0.00325591117143631
2024-02-14 10:45:31 | TRACE   | query_time, 0.003246210515499115
2024-02-14 10:45:31 | TRACE   | query_time, 0.0033905040472745895
2024-02-14 10:45:31 | TRACE   | query_time, 0.003248346969485283
2024-02-14 10:45:31 | TRACE   | query_time, 0.0033799447119235992
2024-02-14 10:45:31 | TRACE   | query_time, 0.0032373424619436264
2024-02-14 10:45:31 | TRACE   | query_time, 0.0032337959855794907
2024-02-14 10:45:31 | TRACE   | query_time, 0.003331923857331276
2024-02-14 10:45:31 | TRACE   | query_time, 0.0034532882273197174
2024-02-14 10:45:31 | TRACE   | query_time, 0.003243418410420418
2024-02-14 10:45:31 | TRACE   | query_time, 0.003218766301870346
2024-02-14 10:45:31 | TRACE   | query_time, 0.003198709338903427
2024-02-14 10:45:31 | TRACE   | query_time, 0.003185773268342018
2024-02-14 10:45:31 | TRACE   | query_time, 0.0033644381910562515
2024-02-14 10:45:31 | TRACE   | query_time, 0.003155497834086418
2024-02-14 10:45:31 | TRACE   | query_time, 0.003162795677781105
2024-02-14 10:45:32 | TRACE   | query_time, 0.0033185333013534546
2024-02-14 10:45:32 | TRACE   | query_time, 0.003315860405564308
2024-02-14 10:45:32 | TRACE   | query_time, 0.003365868702530861
2024-02-14 10:45:32 | TRACE   | query_time, 0.0033569857478141785
2024-02-14 10:45:32 | TRACE   | query_time, 0.0032670702785253525
2024-02-14 10:45:32 | TRACE   | query_time, 0.0031282026320695877
2024-02-14 10:45:32 | TRACE   | query_time, 0.0030842646956443787
2024-02-14 10:45:32 | TRACE   | query_time, 0.003205675631761551
2024-02-14 10:45:32 | TRACE   | query_time, 0.003130536526441574
2024-02-14 10:45:32 | TRACE   | query_time, 0.0034118592739105225
2024-02-14 10:45:32 | TRACE   | query_time, 0.0031454619020223618
2024-02-14 10:45:32 | TRACE   | query_time, 0.003084711730480194
2024-02-14 10:45:32 | TRACE   | query_time, 0.0031285174190998077
2024-02-14 10:45:32 | TRACE   | query_time, 0.0032910797744989395
2024-02-14 10:45:32 | TRACE   | query_time, 0.0032597091048955917
2024-02-14 10:45:32 | TRACE   | query_time, 0.0031502582132816315
2024-02-14 10:45:32 | TRACE   | query_time, 0.0031755752861499786
2024-02-14 10:45:32 | TRACE   | query_time, 0.0030661579221487045
2024-02-14 10:45:32 | TRACE   | query_time, 0.0031653959304094315
2024-02-14 10:45:32 | TRACE   | query_time, 0.003162553533911705
2024-02-14 10:45:32 | TRACE   | query_time, 0.003262026235461235
2024-02-14 10:45:32 | TRACE   | query_time, 0.003190699964761734
2024-02-14 10:45:32 | TRACE   | query_time, 0.0031724218279123306
2024-02-14 10:45:32 | TRACE   | query_time, 0.0032579954713582993
2024-02-14 10:45:32 | TRACE   | query_time, 0.003152688965201378
2024-02-14 10:45:32 | TRACE   | query_time, 0.0031866710633039474
2024-02-14 10:45:32 | TRACE   | query_time, 0.0031677987426519394
2024-02-14 10:45:32 | TRACE   | query_time, 0.003254115581512451
2024-02-14 10:45:32 | TRACE   | query_time, 0.0032352078706026077
2024-02-14 10:45:32 | TRACE   | query_time, 0.0033464133739471436
2024-02-14 10:45:32 | TRACE   | query_time, 0.003157868981361389
2024-02-14 10:45:32 | TRACE   | query_time, 0.002050846815109253
2024-02-14 10:45:32 | TRACE   | query_time, 0.003404984250664711
2024-02-14 10:45:32 | TRACE   | query_time, 0.003354942426085472
2024-02-14 10:45:32 | TRACE   | query_time, 0.00316506065428257
2024-02-14 10:45:32 | TRACE   | query_time, 0.0032779593020677567
2024-02-14 10:45:32 | TRACE   | query_time, 0.0032017286866903305
2024-02-14 10:45:32 | TRACE   | query_time, 0.003322456032037735
2024-02-14 10:45:32 | TRACE   | query_time, 0.0036764126271009445
2024-02-14 10:45:32 | TRACE   | query_time, 0.003308115527033806
2024-02-14 10:45:32 | TRACE   | query_time, 0.0036649685353040695
2024-02-14 10:45:32 | TRACE   | query_time, 0.0037514101713895798
2024-02-14 10:45:32 | TRACE   | query_time, 0.003357585519552231
2024-02-14 10:45:32 | TRACE   | query_time, 0.0020193345844745636
2024-02-14 10:45:32 | TRACE   | query_time, 0.00333574041724205
2024-02-14 10:45:32 | TRACE   | query_time, 0.0031653661280870438
2024-02-14 10:45:32 | TRACE   | query_time, 0.003283357247710228
2024-02-14 10:45:32 | TRACE   | query_time, 0.003110792487859726
2024-02-14 10:45:32 | TRACE   | query_time, 0.003157844766974449
2024-02-14 10:45:32 | TRACE   | query_time, 0.0031321384012699127
2024-02-14 10:45:32 | TRACE   | query_time, 0.0032405927777290344
2024-02-14 10:45:32 | TRACE   | query_time, 0.003122655674815178
2024-02-14 10:45:32 | TRACE   | query_time, 0.003086712211370468
2024-02-14 10:45:32 | TRACE   | query_time, 0.0031418893486261368
2024-02-14 10:45:32 | TRACE   | query_time, 0.0030974484980106354
2024-02-14 10:45:32 | TRACE   | query_time, 0.003093479201197624
2024-02-14 10:45:32 | TRACE   | query_time, 0.003082839772105217
2024-02-14 10:45:32 | TRACE   | query_time, 0.0032937191426753998
2024-02-14 10:45:32 | TRACE   | query_time, 0.0035652555525302887
2024-02-14 10:45:32 | TRACE   | query_time, 0.003213798627257347
2024-02-14 10:45:32 | TRACE   | query_time, 0.0032721813768148422
2024-02-14 10:45:32 | TRACE   | query_time, 0.002001384273171425
2024-02-14 10:45:32 | TRACE   | query_time, 0.0023101698607206345
2024-02-14 10:45:32 | TRACE   | query_time, 0.0022313538938760757
2024-02-14 10:45:32 | TRACE   | query_time, 0.0021632034331560135
2024-02-14 10:45:32 | TRACE   | query_time, 0.002159310504794121
2024-02-14 10:45:32 | TRACE   | query_time, 0.00222117081284523
2024-02-14 10:45:32 | TRACE   | query_time, 0.003382040187716484
2024-02-14 10:45:32 | TRACE   | query_time, 0.0032121632248163223
2024-02-14 10:45:32 | TRACE   | query_time, 0.003233032301068306
2024-02-14 10:45:32 | TRACE   | query_time, 0.0035869311541318893
2024-02-14 10:45:32 | TRACE   | query_time, 0.00200466625392437
2024-02-14 10:45:32 | TRACE   | query_time, 0.0038968194276094437
2024-02-14 10:45:32 | TRACE   | query_time, 0.003249574452638626
2024-02-14 10:45:32 | TRACE   | query_time, 0.001960223540663719
2024-02-14 10:45:32 | TRACE   | query_time, 0.0020600110292434692
2024-02-14 10:45:32 | TRACE   | query_time, 0.0022366736084222794
2024-02-14 10:45:32 | TRACE   | query_time, 0.002098793163895607
2024-02-14 10:45:32 | TRACE   | query_time, 0.0021410323679447174
2024-02-14 10:45:32 | TRACE   | query_time, 0.002285769209265709
2024-02-14 10:45:32 | TRACE   | query_time, 0.0023296549916267395
2024-02-14 10:45:32 | TRACE   | query_time, 0.0020787138491868973
2024-02-14 10:45:32 | TRACE   | query_time, 0.002139449119567871
2024-02-14 10:45:32 | TRACE   | query_time, 0.002244824543595314
2024-02-14 10:45:32 | TRACE   | query_time, 0.0022349320352077484
2024-02-14 10:45:32 | TRACE   | query_time, 0.0024005547165870667
2024-02-14 10:45:32 | TRACE   | query_time, 0.0022605936974287033
2024-02-14 10:45:32 | TRACE   | query_time, 0.0036167558282613754
2024-02-14 10:45:32 | TRACE   | query_time, 0.0034566987305879593
2024-02-14 10:45:32 | TRACE   | query_time, 0.0021407343447208405
2024-02-14 10:45:32 | TRACE   | query_time, 0.0021503642201423645
2024-02-14 10:45:32 | TRACE   | query_time, 0.0020931940525770187
2024-02-14 10:45:32 | TRACE   | query_time, 0.002101527526974678
2024-02-14 10:45:32 | TRACE   | query_time, 0.0021464433521032333
2024-02-14 10:45:32 | TRACE   | query_time, 0.0020140204578638077
2024-02-14 10:45:32 | TRACE   | query_time, 0.0020017344504594803
2024-02-14 10:45:32 | TRACE   | query_time, 0.002206958830356598
2024-02-14 10:45:32 | TRACE   | query_time, 0.003490947186946869
2024-02-14 10:45:32 | TRACE   | query_time, 0.001947753131389618
2024-02-14 10:45:32 | TRACE   | query_time, 0.0022812169045209885
2024-02-14 10:45:32 | TRACE   | query_time, 0.0022030863910913467
2024-02-14 10:45:32 | TRACE   | query_time, 0.005629420280456543
2024-02-14 10:45:32 | TRACE   | query_time, 0.00530124269425869
2024-02-14 10:45:32 | TRACE   | query_time, 0.0052275341004133224
2024-02-14 10:45:32 | TRACE   | query_time, 0.0053060948848724365
2024-02-14 10:45:32 | TRACE   | query_time, 0.005222313106060028
2024-02-14 10:45:32 | TRACE   | query_time, 0.005302866920828819
2024-02-14 10:45:32 | TRACE   | query_time, 0.005241626873612404
2024-02-14 10:45:32 | TRACE   | query_time, 0.005161793902516365
2024-02-14 10:45:32 | TRACE   | query_time, 0.005103103816509247
2024-02-14 10:45:32 | TRACE   | query_time, 0.005311155691742897
2024-02-14 10:45:32 | TRACE   | query_time, 0.0052460115402936935
2024-02-14 10:45:32 | TRACE   | query_time, 0.005084702745079994
2024-02-14 10:45:32 | TRACE   | query_time, 0.005152944475412369
2024-02-14 10:45:32 | TRACE   | query_time, 0.005165159702301025
2024-02-14 10:45:32 | TRACE   | query_time, 0.00513819046318531
2024-02-14 10:45:32 | TRACE   | query_time, 0.005081929266452789
2024-02-14 10:45:32 | TRACE   | query_time, 0.005015833303332329
2024-02-14 10:45:32 | TRACE   | query_time, 0.004943517968058586
2024-02-14 10:45:32 | TRACE   | query_time, 0.005044080317020416
2024-02-14 10:45:32 | TRACE   | query_time, 0.004978794604539871
2024-02-14 10:45:32 | TRACE   | query_time, 0.005056099966168404
2024-02-14 10:45:32 | TRACE   | query_time, 0.004951220005750656
2024-02-14 10:45:32 | TRACE   | query_time, 0.0051305778324604034
2024-02-14 10:45:32 | TRACE   | query_time, 0.005008012056350708
2024-02-14 10:45:32 | TRACE   | query_time, 0.00499483197927475
2024-02-14 10:45:32 | TRACE   | query_time, 0.004952974617481232
2024-02-14 10:45:32 | TRACE   | query_time, 0.0050124917179346085
2024-02-14 10:45:32 | TRACE   | query_time, 0.005045317113399506
2024-02-14 10:45:32 | TRACE   | query_time, 0.005043955519795418
2024-02-14 10:45:32 | TRACE   | query_time, 0.004923529922962189
2024-02-14 10:45:32 | TRACE   | query_time, 0.0047487858682870865
2024-02-14 10:45:32 | TRACE   | query_time, 0.004741724580526352
2024-02-14 10:45:32 | TRACE   | query_time, 0.004737747833132744
2024-02-14 10:45:32 | TRACE   | query_time, 0.0047821421176195145
2024-02-14 10:45:32 | TRACE   | query_time, 0.004777552559971809
2024-02-14 10:45:32 | TRACE   | query_time, 0.004806412383913994
2024-02-14 10:45:32 | TRACE   | query_time, 0.004728393629193306
2024-02-14 10:45:32 | TRACE   | query_time, 0.00468667596578598
2024-02-14 10:45:32 | TRACE   | query_time, 0.0047866106033325195
2024-02-14 10:45:32 | TRACE   | query_time, 0.004748128354549408
2024-02-14 10:45:32 | TRACE   | query_time, 0.00470765121281147
2024-02-14 10:45:32 | TRACE   | query_time, 0.004693120718002319
2024-02-14 10:45:32 | TRACE   | query_time, 0.004773976281285286
2024-02-14 10:45:32 | TRACE   | query_time, 0.004731915891170502
2024-02-14 10:45:32 | TRACE   | query_time, 0.004635745659470558
2024-02-14 10:45:32 | TRACE   | query_time, 0.004806386306881905
2024-02-14 10:45:32 | TRACE   | query_time, 0.0047728680074214935
2024-02-14 10:45:32 | TRACE   | query_time, 0.004754336550831795
2024-02-14 10:45:32 | TRACE   | query_time, 0.004640338942408562
2024-02-14 10:45:32 | TRACE   | query_time, 0.004742523655295372
2024-02-14 10:45:32 | TRACE   | query_time, 0.004787761718034744
2024-02-14 10:45:32 | TRACE   | query_time, 0.004852361977100372
2024-02-14 10:45:32 | TRACE   | query_time, 0.004688998684287071
2024-02-14 10:45:32 | TRACE   | query_time, 0.004636697471141815
2024-02-14 10:45:32 | TRACE   | query_time, 0.004664091393351555
2024-02-14 10:45:32 | TRACE   | query_time, 0.004726927727460861
2024-02-14 10:45:32 | TRACE   | query_time, 0.0047739483416080475
2024-02-14 10:45:32 | TRACE   | query_time, 0.004684939980506897
2024-02-14 10:45:32 | TRACE   | query_time, 0.0046523213386535645
2024-02-14 10:45:32 | TRACE   | query_time, 0.004732273519039154
2024-02-14 10:45:32 | TRACE   | query_time, 0.004712013527750969
2024-02-14 10:45:32 | TRACE   | query_time, 0.004687221720814705
2024-02-14 10:45:32 | TRACE   | query_time, 0.004755200818181038
2024-02-14 10:45:32 | TRACE   | query_time, 0.004819439724087715
2024-02-14 10:45:32 | TRACE   | query_time, 0.004689238965511322
2024-02-14 10:45:32 | TRACE   | query_time, 0.004710676148533821
2024-02-14 10:45:32 | TRACE   | query_time, 0.004765201359987259
2024-02-14 10:45:32 | TRACE   | query_time, 0.00467725470662117
2024-02-14 10:45:32 | TRACE   | query_time, 0.004727011546492577
2024-02-14 10:45:32 | TRACE   | query_time, 0.004778092727065086
2024-02-14 10:45:32 | TRACE   | query_time, 0.004643332213163376
2024-02-14 10:45:32 | TRACE   | query_time, 0.0045965202152729034
2024-02-14 10:45:32 | TRACE   | query_time, 0.004650544375181198
2024-02-14 10:45:32 | TRACE   | query_time, 0.004675189033150673
2024-02-14 10:45:32 | TRACE   | query_time, 0.0046211592853069305
2024-02-14 10:45:32 | TRACE   | query_time, 0.004597524181008339
2024-02-14 10:45:32 | TRACE   | query_time, 0.004715602844953537
2024-02-14 10:45:32 | TRACE   | query_time, 0.004551460966467857
2024-02-14 10:45:32 | TRACE   | query_time, 0.004594387486577034
2024-02-14 10:45:32 | TRACE   | query_time, 0.004670200869441032
2024-02-14 10:45:32 | TRACE   | query_time, 0.004596583545207977
2024-02-14 10:45:32 | TRACE   | query_time, 0.004609514027833939
2024-02-14 10:45:32 | TRACE   | query_time, 0.004646576941013336
2024-02-14 10:45:32 | TRACE   | query_time, 0.004669195041060448
2024-02-14 10:45:32 | TRACE   | query_time, 0.004535626620054245
2024-02-14 10:45:32 | TRACE   | query_time, 0.004664987325668335
2024-02-14 10:45:32 | TRACE   | query_time, 0.0046617984771728516
2024-02-14 10:45:32 | TRACE   | query_time, 0.0023409537971019745
2024-02-14 10:45:32 | TRACE   | query_time, 0.0047919861972332
2024-02-14 10:45:32 | TRACE   | query_time, 0.004578830674290657
2024-02-14 10:45:32 | TRACE   | query_time, 0.004728004336357117
2024-02-14 10:45:32 | TRACE   | query_time, 0.004692992195487022
2024-02-14 10:45:32 | TRACE   | query_time, 0.004619307816028595
2024-02-14 10:45:32 | TRACE   | query_time, 0.004520406946539879
2024-02-14 10:45:32 | TRACE   | query_time, 0.0044746845960617065
2024-02-14 10:45:32 | TRACE   | query_time, 0.0045283641666173935
2024-02-14 10:45:32 | TRACE   | query_time, 0.004618531093001366
2024-02-14 10:45:32 | TRACE   | query_time, 0.004594968631863594
2024-02-14 10:45:32 | TRACE   | query_time, 0.004616329446434975
2024-02-14 10:45:32 | TRACE   | query_time, 0.004592679440975189
2024-02-14 10:45:32 | TRACE   | query_time, 0.004509706050157547
2024-02-14 10:45:32 | TRACE   | query_time, 0.004520149901509285
2024-02-14 10:45:32 | TRACE   | query_time, 0.004559960216283798
2024-02-14 10:45:32 | TRACE   | query_time, 0.004624921828508377
2024-02-14 10:45:32 | TRACE   | query_time, 0.004706995561718941
2024-02-14 10:45:32 | TRACE   | query_time, 0.00459614023566246
2024-02-14 10:45:32 | TRACE   | query_time, 0.004590049386024475
2024-02-14 10:45:32 | TRACE   | query_time, 0.004574030637741089
2024-02-14 10:45:32 | TRACE   | query_time, 0.004604514688253403
2024-02-14 10:45:32 | TRACE   | query_time, 0.004524635151028633
2024-02-14 10:45:32 | TRACE   | query_time, 0.004497559741139412
2024-02-14 10:45:32 | TRACE   | query_time, 0.004653707146644592
2024-02-14 10:45:32 | TRACE   | query_time, 0.004608096554875374
2024-02-14 10:45:32 | TRACE   | query_time, 0.004573928192257881
2024-02-14 10:45:32 | TRACE   | query_time, 0.004580195993185043
2024-02-14 10:45:32 | TRACE   | query_time, 0.004579497501254082
2024-02-14 10:45:32 | TRACE   | query_time, 0.004529973492026329
2024-02-14 10:45:32 | TRACE   | query_time, 0.004658844321966171
2024-02-14 10:45:32 | TRACE   | query_time, 0.0045987460762262344
2024-02-14 10:45:32 | TRACE   | query_time, 0.0045621078461408615
2024-02-14 10:45:32 | TRACE   | query_time, 0.004516754299402237
2024-02-14 10:45:32 | TRACE   | query_time, 0.004527755081653595
2024-02-14 10:45:32 | TRACE   | query_time, 0.004638634622097015
2024-02-14 10:45:32 | TRACE   | query_time, 0.004576338455080986
2024-02-14 10:45:32 | TRACE   | query_time, 0.004524435847997665
2024-02-14 10:45:32 | TRACE   | query_time, 0.004585448652505875
2024-02-14 10:45:32 | TRACE   | query_time, 0.004532357677817345
2024-02-14 10:45:32 | TRACE   | query_time, 0.00453152135014534
2024-02-14 10:45:32 | TRACE   | query_time, 0.00451725535094738
2024-02-14 10:45:32 | TRACE   | query_time, 0.004968591034412384
2024-02-14 10:45:32 | TRACE   | query_time, 0.0046114493161439896
2024-02-14 10:45:32 | TRACE   | query_time, 0.004437722265720367
2024-02-14 10:45:32 | TRACE   | query_time, 0.004490075632929802
2024-02-14 10:45:32 | TRACE   | query_time, 0.004672227427363396
2024-02-14 10:45:32 | TRACE   | query_time, 0.004541248083114624
2024-02-14 10:45:32 | TRACE   | query_time, 0.004506373777985573
