2024-02-14 10:40:33 | DEBUG   | {'input': PosixPath('data/open_data_usa/indices/microbenchmarks/rebinning-b50000.zst'), 'input_type': 'index', 'queries': PosixPath('data/open_data_usa/queries/microbenchmarks.zst'), 'estimation_mode': None, 'index_mode': 'recall', 'output': None, 'workers': None, 'frequency_hists': False, 'suppress_results': True, 'log_level': 'INFO', 'log_file': PosixPath('logs/microbenchmarks/runtime/open_data_usa-rebinning-b50000-single_suppressed-2.log')}
2024-02-14 10:40:33 | DEBUG   | Loading input data from data/open_data_usa/indices/microbenchmarks/rebinning-b50000.zst
2024-02-14 10:40:33 | DEBUG   | Loading queries from data/open_data_usa/queries/microbenchmarks.zst
2024-02-14 10:40:33 | TRACE   | bootstrap_time, 0.275992838665843
2024-02-14 10:40:33 | DEBUG   | Starting execution
2024-02-14 10:40:33 | TRACE   | query_time, 0.000266125425696373
2024-02-14 10:40:33 | TRACE   | query_time, 0.00013524480164051056
2024-02-14 10:40:33 | TRACE   | query_time, 0.00013102777302265167
2024-02-14 10:40:33 | TRACE   | query_time, 0.00013183429837226868
2024-02-14 10:40:33 | TRACE   | query_time, 0.00012178905308246613
2024-02-14 10:40:33 | TRACE   | query_time, 0.00013273023068904877
2024-02-14 10:40:33 | TRACE   | query_time, 0.0001497473567724228
2024-02-14 10:40:33 | TRACE   | query_time, 0.0001309625804424286
2024-02-14 10:40:33 | TRACE   | query_time, 0.0001205839216709137
2024-02-14 10:40:33 | TRACE   | query_time, 0.0001483336091041565
2024-02-14 10:40:33 | TRACE   | query_time, 0.0001293141394853592
2024-02-14 10:40:33 | TRACE   | query_time, 0.00013024546205997467
2024-02-14 10:40:33 | TRACE   | query_time, 0.00013078376650810242
2024-02-14 10:40:33 | TRACE   | query_time, 0.00012949854135513306
2024-02-14 10:40:33 | TRACE   | query_time, 0.00012994557619094849
2024-02-14 10:40:33 | TRACE   | query_time, 0.00012078694999217987
2024-02-14 10:40:33 | TRACE   | query_time, 0.00012867897748947144
2024-02-14 10:40:33 | TRACE   | query_time, 0.00012810714542865753
2024-02-14 10:40:33 | TRACE   | query_time, 0.00012906081974506378
2024-02-14 10:40:33 | TRACE   | query_time, 0.00013405084609985352
2024-02-14 10:40:33 | TRACE   | query_time, 0.00014016777276992798
2024-02-14 10:40:33 | TRACE   | query_time, 0.00013045035302639008
2024-02-14 10:40:33 | TRACE   | query_time, 0.00013066083192825317
2024-02-14 10:40:33 | TRACE   | query_time, 0.00013150833547115326
2024-02-14 10:40:33 | TRACE   | query_time, 0.00011999346315860748
2024-02-14 10:40:33 | TRACE   | query_time, 0.0001300722360610962
2024-02-14 10:40:33 | TRACE   | query_time, 0.00012803636491298676
2024-02-14 10:40:33 | TRACE   | query_time, 0.00013828277587890625
2024-02-14 10:40:33 | TRACE   | query_time, 0.000128280371427536
2024-02-14 10:40:33 | TRACE   | query_time, 0.00011901929974555969
2024-02-14 10:40:33 | TRACE   | query_time, 0.00014024972915649414
2024-02-14 10:40:33 | TRACE   | query_time, 0.0001305900514125824
2024-02-14 10:40:33 | TRACE   | query_time, 0.000130409374833107
2024-02-14 10:40:33 | TRACE   | query_time, 0.0001299884170293808
2024-02-14 10:40:33 | TRACE   | query_time, 0.00012963451445102692
2024-02-14 10:40:33 | TRACE   | query_time, 0.00012948736548423767
2024-02-14 10:40:33 | TRACE   | query_time, 0.00012014247477054596
2024-02-14 10:40:33 | TRACE   | query_time, 0.00014154240489006042
2024-02-14 10:40:33 | TRACE   | query_time, 0.00012928061187267303
2024-02-14 10:40:33 | TRACE   | query_time, 0.00014008767902851105
2024-02-14 10:40:33 | TRACE   | query_time, 0.00013231486082077026
2024-02-14 10:40:33 | TRACE   | query_time, 0.00013943389058113098
2024-02-14 10:40:33 | TRACE   | query_time, 0.00012975744903087616
2024-02-14 10:40:33 | TRACE   | query_time, 0.00013870000839233398
2024-02-14 10:40:33 | TRACE   | query_time, 0.0001300722360610962
2024-02-14 10:40:33 | TRACE   | query_time, 0.0001291576772928238
2024-02-14 10:40:33 | TRACE   | query_time, 0.00012945197522640228
2024-02-14 10:40:33 | TRACE   | query_time, 0.00013845600187778473
2024-02-14 10:40:33 | TRACE   | query_time, 0.00012849271297454834
2024-02-14 10:40:33 | TRACE   | query_time, 0.00012858957052230835
2024-02-14 10:40:33 | TRACE   | query_time, 0.000149507075548172
2024-02-14 10:40:33 | TRACE   | query_time, 0.00013389252126216888
2024-02-14 10:40:33 | TRACE   | query_time, 0.00013880617916584015
2024-02-14 10:40:33 | TRACE   | query_time, 0.00012787804007530212
2024-02-14 10:40:33 | TRACE   | query_time, 0.00012818537652492523
2024-02-14 10:40:33 | TRACE   | query_time, 0.0001383647322654724
2024-02-14 10:40:33 | TRACE   | query_time, 0.00012802518904209137
2024-02-14 10:40:33 | TRACE   | query_time, 0.00012036599218845367
2024-02-14 10:40:33 | TRACE   | query_time, 0.00012883171439170837
2024-02-14 10:40:33 | TRACE   | query_time, 0.00011879019439220428
2024-02-14 10:40:33 | TRACE   | query_time, 0.00012895464897155762
2024-02-14 10:40:33 | TRACE   | query_time, 0.00012952089309692383
2024-02-14 10:40:33 | TRACE   | query_time, 0.0001462996006011963
2024-02-14 10:40:33 | TRACE   | query_time, 0.0001269914209842682
2024-02-14 10:40:33 | TRACE   | query_time, 0.0001288037747144699
2024-02-14 10:40:33 | TRACE   | query_time, 0.00012731552124023438
2024-02-14 10:40:33 | TRACE   | query_time, 0.00012654997408390045
2024-02-14 10:40:33 | TRACE   | query_time, 0.00012955628335475922
2024-02-14 10:40:33 | TRACE   | query_time, 0.00012007355690002441
2024-02-14 10:40:33 | TRACE   | query_time, 0.0001283884048461914
2024-02-14 10:40:33 | TRACE   | query_time, 0.00012734532356262207
2024-02-14 10:40:33 | TRACE   | query_time, 0.00012015551328659058
2024-02-14 10:40:33 | TRACE   | query_time, 0.00012795627117156982
2024-02-14 10:40:33 | TRACE   | query_time, 0.00013307295739650726
2024-02-14 10:40:33 | TRACE   | query_time, 0.00013701245188713074
2024-02-14 10:40:33 | TRACE   | query_time, 0.0001289956271648407
2024-02-14 10:40:33 | TRACE   | query_time, 0.00012999586760997772
2024-02-14 10:40:33 | TRACE   | query_time, 0.00012942589819431305
2024-02-14 10:40:33 | TRACE   | query_time, 0.00012941472232341766
2024-02-14 10:40:33 | TRACE   | query_time, 0.00012929365038871765
2024-02-14 10:40:33 | TRACE   | query_time, 0.000129038468003273
2024-02-14 10:40:33 | TRACE   | query_time, 0.00012848898768424988
2024-02-14 10:40:33 | TRACE   | query_time, 0.00012769736349582672
2024-02-14 10:40:33 | TRACE   | query_time, 0.00013725273311138153
2024-02-14 10:40:33 | TRACE   | query_time, 0.00012819841504096985
2024-02-14 10:40:33 | TRACE   | query_time, 0.00013758987188339233
2024-02-14 10:40:33 | TRACE   | query_time, 0.00012827664613723755
2024-02-14 10:40:33 | TRACE   | query_time, 0.0001284368336200714
2024-02-14 10:40:33 | TRACE   | query_time, 0.000128820538520813
2024-02-14 10:40:33 | TRACE   | query_time, 0.00012739375233650208
2024-02-14 10:40:33 | TRACE   | query_time, 0.00013905204832553864
2024-02-14 10:40:33 | TRACE   | query_time, 0.00012573599815368652
2024-02-14 10:40:33 | TRACE   | query_time, 0.00012937933206558228
2024-02-14 10:40:33 | TRACE   | query_time, 0.0001298375427722931
2024-02-14 10:40:33 | TRACE   | query_time, 0.000135740265250206
2024-02-14 10:40:33 | TRACE   | query_time, 0.0001288577914237976
2024-02-14 10:40:33 | TRACE   | query_time, 0.00012766942381858826
2024-02-14 10:40:33 | TRACE   | query_time, 0.0001188274472951889
2024-02-14 10:40:33 | TRACE   | query_time, 0.00012833252549171448
2024-02-14 10:40:33 | TRACE   | query_time, 0.00011841580271720886
2024-02-14 10:40:33 | TRACE   | query_time, 0.0001481175422668457
2024-02-14 10:40:33 | TRACE   | query_time, 0.0001384839415550232
2024-02-14 10:40:33 | TRACE   | query_time, 0.0001280512660741806
2024-02-14 10:40:33 | TRACE   | query_time, 0.00012872926890850067
2024-02-14 10:40:33 | TRACE   | query_time, 0.00012976117432117462
2024-02-14 10:40:33 | TRACE   | query_time, 0.00012850016355514526
2024-02-14 10:40:33 | TRACE   | query_time, 0.00012842752039432526
2024-02-14 10:40:33 | TRACE   | query_time, 0.0001281294971704483
2024-02-14 10:40:33 | TRACE   | query_time, 0.00011898763477802277
2024-02-14 10:40:33 | TRACE   | query_time, 0.000128110870718956
2024-02-14 10:40:33 | TRACE   | query_time, 0.00012053363025188446
2024-02-14 10:40:33 | TRACE   | query_time, 0.00013118423521518707
2024-02-14 10:40:33 | TRACE   | query_time, 0.00014413893222808838
2024-02-14 10:40:33 | TRACE   | query_time, 0.0001307353377342224
2024-02-14 10:40:33 | TRACE   | query_time, 0.00012991949915885925
2024-02-14 10:40:33 | TRACE   | query_time, 0.00015501119196414948
2024-02-14 10:40:33 | TRACE   | query_time, 0.00015077553689479828
2024-02-14 10:40:33 | TRACE   | query_time, 0.00012159720063209534
2024-02-14 10:40:33 | TRACE   | query_time, 0.00013002566993236542
2024-02-14 10:40:33 | TRACE   | query_time, 0.00014691799879074097
2024-02-14 10:40:33 | TRACE   | query_time, 0.00013052485883235931
2024-02-14 10:40:33 | TRACE   | query_time, 0.00013026781380176544
2024-02-14 10:40:33 | TRACE   | query_time, 0.00013994798064231873
2024-02-14 10:40:33 | TRACE   | query_time, 0.0001306142657995224
2024-02-14 10:40:33 | TRACE   | query_time, 0.00012880191206932068
2024-02-14 10:40:33 | TRACE   | query_time, 0.00012987293303012848
2024-02-14 10:40:33 | TRACE   | query_time, 0.00012927502393722534
2024-02-14 10:40:33 | TRACE   | query_time, 0.00011958926916122437
2024-02-14 10:40:33 | TRACE   | query_time, 0.00011931918561458588
2024-02-14 10:40:33 | TRACE   | query_time, 0.00013946741819381714
2024-02-14 10:40:33 | TRACE   | query_time, 0.0001295004040002823
2024-02-14 10:40:33 | TRACE   | query_time, 0.00012895464897155762
2024-02-14 10:40:33 | TRACE   | query_time, 0.00011981092393398285
2024-02-14 10:40:33 | TRACE   | query_time, 0.00012833252549171448
2024-02-14 10:40:33 | TRACE   | query_time, 0.00012831762433052063
2024-02-14 10:40:33 | TRACE   | query_time, 0.00014009326696395874
2024-02-14 10:40:33 | TRACE   | query_time, 0.00012941472232341766
2024-02-14 10:40:33 | TRACE   | query_time, 0.0001294463872909546
2024-02-14 10:40:33 | TRACE   | query_time, 0.00013029202818870544
2024-02-14 10:40:33 | TRACE   | query_time, 0.00013929419219493866
2024-02-14 10:40:33 | TRACE   | query_time, 0.00012894906103610992
2024-02-14 10:40:33 | TRACE   | query_time, 0.0001188870519399643
2024-02-14 10:40:33 | TRACE   | query_time, 0.0001281481236219406
2024-02-14 10:40:33 | TRACE   | query_time, 0.00012940354645252228
2024-02-14 10:40:33 | TRACE   | query_time, 0.00014806166291236877
2024-02-14 10:40:33 | TRACE   | query_time, 0.00012962706387043
2024-02-14 10:40:33 | TRACE   | query_time, 0.00014914944767951965
2024-02-14 10:40:33 | TRACE   | query_time, 0.00013066083192825317
2024-02-14 10:40:33 | TRACE   | query_time, 0.00012979283928871155
2024-02-14 10:40:33 | TRACE   | query_time, 0.00011915527284145355
2024-02-14 10:40:33 | TRACE   | query_time, 0.00013890676200389862
2024-02-14 10:40:33 | TRACE   | query_time, 0.00014810822904109955
2024-02-14 10:40:33 | TRACE   | query_time, 0.0001306440681219101
2024-02-14 10:40:33 | TRACE   | query_time, 0.00012949295341968536
2024-02-14 10:40:33 | TRACE   | query_time, 0.0001293923705816269
2024-02-14 10:40:33 | TRACE   | query_time, 0.00012866780161857605
2024-02-14 10:40:33 | TRACE   | query_time, 0.0001288093626499176
2024-02-14 10:40:33 | TRACE   | query_time, 0.00014311261475086212
2024-02-14 10:40:33 | TRACE   | query_time, 0.00012862682342529297
2024-02-14 10:40:33 | TRACE   | query_time, 0.000130336731672287
2024-02-14 10:40:33 | TRACE   | query_time, 0.00011988915503025055
2024-02-14 10:40:33 | TRACE   | query_time, 0.0001489296555519104
2024-02-14 10:40:33 | TRACE   | query_time, 0.0001299884170293808
2024-02-14 10:40:33 | TRACE   | query_time, 0.00014855526387691498
2024-02-14 10:40:33 | TRACE   | query_time, 0.00012872368097305298
2024-02-14 10:40:33 | TRACE   | query_time, 0.00013821199536323547
2024-02-14 10:40:33 | TRACE   | query_time, 0.00012903288006782532
2024-02-14 10:40:33 | TRACE   | query_time, 0.00012869574129581451
2024-02-14 10:40:33 | TRACE   | query_time, 0.0001290682703256607
2024-02-14 10:40:33 | TRACE   | query_time, 0.00013827532529830933
2024-02-14 10:40:33 | TRACE   | query_time, 0.00012967176735401154
2024-02-14 10:40:33 | TRACE   | query_time, 0.00012938305735588074
2024-02-14 10:40:33 | TRACE   | query_time, 0.00012103840708732605
2024-02-14 10:40:33 | TRACE   | query_time, 0.00013945065438747406
2024-02-14 10:40:33 | TRACE   | query_time, 0.00012955442070960999
2024-02-14 10:40:33 | TRACE   | query_time, 0.0001200009137392044
2024-02-14 10:40:33 | TRACE   | query_time, 0.0001288633793592453
2024-02-14 10:40:33 | TRACE   | query_time, 0.00013185665011405945
2024-02-14 10:40:33 | TRACE   | query_time, 0.00013202987611293793
2024-02-14 10:40:33 | TRACE   | query_time, 0.0001283697783946991
2024-02-14 10:40:33 | TRACE   | query_time, 0.00013008713722229004
2024-02-14 10:40:33 | TRACE   | query_time, 0.00013024918735027313
2024-02-14 10:40:33 | TRACE   | query_time, 0.0001387428492307663
2024-02-14 10:40:33 | TRACE   | query_time, 0.0001293681561946869
2024-02-14 10:40:33 | TRACE   | query_time, 0.00012033618986606598
2024-02-14 10:40:33 | TRACE   | query_time, 0.0001288987696170807
2024-02-14 10:40:33 | TRACE   | query_time, 0.00014716759324073792
2024-02-14 10:40:33 | TRACE   | query_time, 0.00012848712503910065
2024-02-14 10:40:33 | TRACE   | query_time, 0.00012860260903835297
2024-02-14 10:40:33 | TRACE   | query_time, 0.00012946873903274536
2024-02-14 10:40:33 | TRACE   | query_time, 0.00014791637659072876
2024-02-14 10:40:33 | TRACE   | query_time, 0.00012996047735214233
2024-02-14 10:40:33 | TRACE   | query_time, 0.0001301877200603485
2024-02-14 10:40:33 | TRACE   | query_time, 0.00012177787721157074
2024-02-14 10:40:33 | TRACE   | query_time, 0.00012996233999729156
2024-02-14 10:40:33 | TRACE   | query_time, 0.00014980323612689972
2024-02-14 10:40:33 | TRACE   | query_time, 0.00012032687664031982
2024-02-14 10:40:33 | TRACE   | query_time, 0.0001293513923883438
2024-02-14 10:40:33 | TRACE   | query_time, 0.00012117624282836914
2024-02-14 10:40:33 | TRACE   | query_time, 0.00013006292283535004
2024-02-14 10:40:33 | TRACE   | query_time, 0.00013089925050735474
2024-02-14 10:40:33 | TRACE   | query_time, 0.00013944879174232483
2024-02-14 10:40:33 | TRACE   | query_time, 0.00012945197522640228
2024-02-14 10:40:33 | TRACE   | query_time, 0.00012893229722976685
2024-02-14 10:40:33 | TRACE   | query_time, 0.0001293327659368515
2024-02-14 10:40:33 | TRACE   | query_time, 0.0001377202570438385
2024-02-14 10:40:33 | TRACE   | query_time, 0.0001299399882555008
2024-02-14 10:40:33 | TRACE   | query_time, 0.0001379791647195816
2024-02-14 10:40:33 | TRACE   | query_time, 0.00011902116239070892
2024-02-14 10:40:33 | TRACE   | query_time, 0.000129062682390213
2024-02-14 10:40:33 | TRACE   | query_time, 0.00014789216220378876
2024-02-14 10:40:33 | TRACE   | query_time, 0.00013885833323001862
2024-02-14 10:40:33 | TRACE   | query_time, 0.0001294165849685669
2024-02-14 10:40:33 | TRACE   | query_time, 0.00013008713722229004
2024-02-14 10:40:33 | TRACE   | query_time, 0.00012124702334403992
2024-02-14 10:40:33 | TRACE   | query_time, 0.0001302044838666916
2024-02-14 10:40:33 | TRACE   | query_time, 0.00014785118401050568
2024-02-14 10:40:33 | TRACE   | query_time, 0.00012971460819244385
2024-02-14 10:40:33 | TRACE   | query_time, 0.00013886764645576477
2024-02-14 10:40:33 | TRACE   | query_time, 0.00012976676225662231
2024-02-14 10:40:33 | TRACE   | query_time, 0.00011974386870861053
2024-02-14 10:40:33 | TRACE   | query_time, 0.0001301877200603485
2024-02-14 10:40:33 | TRACE   | query_time, 0.00012999214231967926
2024-02-14 10:40:33 | TRACE   | query_time, 0.00011895410716533661
2024-02-14 10:40:33 | TRACE   | query_time, 0.00013862550258636475
2024-02-14 10:40:33 | TRACE   | query_time, 0.00012919120490550995
2024-02-14 10:40:33 | TRACE   | query_time, 0.0001290924847126007
2024-02-14 10:40:33 | TRACE   | query_time, 0.00012892112135887146
2024-02-14 10:40:33 | TRACE   | query_time, 0.00013037212193012238
2024-02-14 10:40:33 | TRACE   | query_time, 0.00012984313070774078
2024-02-14 10:40:33 | TRACE   | query_time, 0.00014000572264194489
2024-02-14 10:40:33 | TRACE   | query_time, 0.00013064779341220856
2024-02-14 10:40:33 | TRACE   | query_time, 0.00013781152665615082
2024-02-14 10:40:33 | TRACE   | query_time, 0.0001303553581237793
2024-02-14 10:40:33 | TRACE   | query_time, 0.00015040114521980286
2024-02-14 10:40:33 | TRACE   | query_time, 0.00012996792793273926
2024-02-14 10:40:33 | TRACE   | query_time, 0.00012256018817424774
2024-02-14 10:40:33 | TRACE   | query_time, 0.00013354234397411346
2024-02-14 10:40:33 | TRACE   | query_time, 0.000133538618683815
2024-02-14 10:40:33 | TRACE   | query_time, 0.00013068877160549164
2024-02-14 10:40:33 | TRACE   | query_time, 0.00013105757534503937
2024-02-14 10:40:33 | TRACE   | query_time, 0.0001299344003200531
2024-02-14 10:40:33 | TRACE   | query_time, 0.00013090111315250397
2024-02-14 10:40:33 | TRACE   | query_time, 0.0001293327659368515
2024-02-14 10:40:33 | TRACE   | query_time, 0.000138135626912117
2024-02-14 10:40:33 | TRACE   | query_time, 0.00012916699051856995
2024-02-14 10:40:33 | TRACE   | query_time, 0.00012958049774169922
2024-02-14 10:40:33 | TRACE   | query_time, 0.0001302286982536316
2024-02-14 10:40:33 | TRACE   | query_time, 0.00013003870844841003
2024-02-14 10:40:33 | TRACE   | query_time, 0.0001285448670387268
2024-02-14 10:40:33 | TRACE   | query_time, 0.0001202113926410675
2024-02-14 10:40:33 | TRACE   | query_time, 0.00012985803186893463
2024-02-14 10:40:33 | TRACE   | query_time, 0.00012048333883285522
2024-02-14 10:40:33 | TRACE   | query_time, 0.00012886710464954376
2024-02-14 10:40:33 | TRACE   | query_time, 0.00012967362999916077
2024-02-14 10:40:33 | TRACE   | query_time, 0.00014819204807281494
2024-02-14 10:40:33 | TRACE   | query_time, 0.0001291874796152115
2024-02-14 10:40:33 | TRACE   | query_time, 0.00012978911399841309
2024-02-14 10:40:33 | TRACE   | query_time, 0.00012955628335475922
2024-02-14 10:40:33 | TRACE   | query_time, 0.00012799538671970367
2024-02-14 10:40:33 | TRACE   | query_time, 0.00013821572065353394
2024-02-14 10:40:33 | TRACE   | query_time, 0.00012911856174468994
2024-02-14 10:40:33 | TRACE   | query_time, 0.00013901665806770325
2024-02-14 10:40:33 | TRACE   | query_time, 0.00013290531933307648
2024-02-14 10:40:33 | TRACE   | query_time, 0.00012836605310440063
2024-02-14 10:40:33 | TRACE   | query_time, 0.000128231942653656
2024-02-14 10:40:33 | TRACE   | query_time, 0.0001391284167766571
2024-02-14 10:40:33 | TRACE   | query_time, 0.0001394655555486679
2024-02-14 10:40:33 | TRACE   | query_time, 0.00012960284948349
2024-02-14 10:40:33 | TRACE   | query_time, 0.00012929551303386688
2024-02-14 10:40:33 | TRACE   | query_time, 0.00012982077896595
2024-02-14 10:40:33 | TRACE   | query_time, 0.00013830140233039856
2024-02-14 10:40:33 | TRACE   | query_time, 0.0001292973756790161
2024-02-14 10:40:33 | TRACE   | query_time, 0.0001381896436214447
2024-02-14 10:40:33 | TRACE   | query_time, 0.00012907572090625763
2024-02-14 10:40:33 | TRACE   | query_time, 0.0001484546810388565
2024-02-14 10:40:33 | TRACE   | query_time, 0.00012994185090065002
2024-02-14 10:40:33 | TRACE   | query_time, 0.00014719180762767792
2024-02-14 10:40:33 | TRACE   | query_time, 0.00012916885316371918
2024-02-14 10:40:33 | TRACE   | query_time, 0.00013718754053115845
2024-02-14 10:40:33 | TRACE   | query_time, 0.00012846849858760834
2024-02-14 10:40:33 | TRACE   | query_time, 0.00012909062206745148
2024-02-14 10:40:33 | TRACE   | query_time, 0.00012987107038497925
2024-02-14 10:40:33 | TRACE   | query_time, 0.00013062544167041779
2024-02-14 10:40:33 | TRACE   | query_time, 0.000143490731716156
2024-02-14 10:40:33 | TRACE   | query_time, 0.0001291409134864807
2024-02-14 10:40:33 | TRACE   | query_time, 0.0001294948160648346
2024-02-14 10:40:33 | TRACE   | query_time, 0.0001301988959312439
2024-02-14 10:40:33 | TRACE   | query_time, 0.00012056343257427216
2024-02-14 10:40:33 | TRACE   | query_time, 0.00012946873903274536
2024-02-14 10:40:33 | TRACE   | query_time, 0.0001284778118133545
2024-02-14 10:40:33 | TRACE   | query_time, 0.00012869201600551605
2024-02-14 10:40:33 | TRACE   | query_time, 0.0001301877200603485
2024-02-14 10:40:33 | TRACE   | query_time, 0.00013003498315811157
2024-02-14 10:40:33 | TRACE   | query_time, 0.0001307353377342224
2024-02-14 10:40:33 | TRACE   | query_time, 0.00013837963342666626
2024-02-14 10:40:33 | TRACE   | query_time, 0.00013900920748710632
2024-02-14 10:40:33 | TRACE   | query_time, 0.00012092664837837219
2024-02-14 10:40:33 | TRACE   | query_time, 0.00012791715562343597
2024-02-14 10:40:33 | TRACE   | query_time, 0.0001291874796152115
2024-02-14 10:40:33 | TRACE   | query_time, 0.0001300424337387085
2024-02-14 10:40:33 | TRACE   | query_time, 0.00012967735528945923
2024-02-14 10:40:33 | TRACE   | query_time, 0.00012931041419506073
2024-02-14 10:40:33 | TRACE   | query_time, 0.0001373887062072754
2024-02-14 10:40:33 | TRACE   | query_time, 0.00012963637709617615
2024-02-14 10:40:33 | TRACE   | query_time, 0.0001341216266155243
2024-02-14 10:40:33 | TRACE   | query_time, 0.0001195855438709259
2024-02-14 10:40:33 | TRACE   | query_time, 0.0001391582190990448
2024-02-14 10:40:33 | TRACE   | query_time, 0.00012961961328983307
2024-02-14 10:40:33 | TRACE   | query_time, 0.00013946183025836945
2024-02-14 10:40:33 | TRACE   | query_time, 0.00013026408851146698
2024-02-14 10:40:33 | TRACE   | query_time, 0.00013001449406147003
2024-02-14 10:40:33 | TRACE   | query_time, 0.00012908317148685455
2024-02-14 10:40:33 | TRACE   | query_time, 0.0001482442021369934
2024-02-14 10:40:33 | TRACE   | query_time, 0.00011978857219219208
2024-02-14 10:40:33 | TRACE   | query_time, 0.00012938864529132843
2024-02-14 10:40:33 | TRACE   | query_time, 0.00014792941510677338
2024-02-14 10:40:33 | TRACE   | query_time, 0.00012854859232902527
2024-02-14 10:40:33 | TRACE   | query_time, 0.00014772452414035797
2024-02-14 10:40:33 | TRACE   | query_time, 0.000131167471408844
2024-02-14 10:40:33 | TRACE   | query_time, 0.00013010390102863312
2024-02-14 10:40:33 | TRACE   | query_time, 0.00013004429638385773
2024-02-14 10:40:33 | TRACE   | query_time, 0.00012980960309505463
2024-02-14 10:40:33 | TRACE   | query_time, 0.0001394227147102356
2024-02-14 10:40:33 | TRACE   | query_time, 0.00012976117432117462
2024-02-14 10:40:33 | TRACE   | query_time, 0.00011957995593547821
2024-02-14 10:40:33 | TRACE   | query_time, 0.00014190003275871277
2024-02-14 10:40:33 | TRACE   | query_time, 0.000128868967294693
2024-02-14 10:40:33 | TRACE   | query_time, 0.00013063475489616394
2024-02-14 10:40:33 | TRACE   | query_time, 0.0001298319548368454
2024-02-14 10:40:33 | TRACE   | query_time, 0.0001395978033542633
2024-02-14 10:40:33 | TRACE   | query_time, 0.00012844614684581757
2024-02-14 10:40:33 | TRACE   | query_time, 0.00013011880218982697
2024-02-14 10:40:33 | TRACE   | query_time, 0.00050351582467556
2024-02-14 10:40:33 | TRACE   | query_time, 0.0005066562443971634
2024-02-14 10:40:33 | TRACE   | query_time, 0.00044486112892627716
2024-02-14 10:40:33 | TRACE   | query_time, 0.0004523470997810364
2024-02-14 10:40:33 | TRACE   | query_time, 0.0004641041159629822
2024-02-14 10:40:33 | TRACE   | query_time, 0.0004528947174549103
2024-02-14 10:40:33 | TRACE   | query_time, 0.00045060738921165466
2024-02-14 10:40:33 | TRACE   | query_time, 0.0004619993269443512
2024-02-14 10:40:33 | TRACE   | query_time, 0.0004593469202518463
2024-02-14 10:40:33 | TRACE   | query_time, 0.0004474148154258728
2024-02-14 10:40:33 | TRACE   | query_time, 0.0004604235291481018
2024-02-14 10:40:33 | TRACE   | query_time, 0.0004501529037952423
2024-02-14 10:40:33 | TRACE   | query_time, 0.00048394501209259033
2024-02-14 10:40:33 | TRACE   | query_time, 0.0004516206681728363
2024-02-14 10:40:33 | TRACE   | query_time, 0.0004616156220436096
2024-02-14 10:40:33 | TRACE   | query_time, 0.0004431307315826416
2024-02-14 10:40:33 | TRACE   | query_time, 0.00046671368181705475
2024-02-14 10:40:33 | TRACE   | query_time, 0.00045115500688552856
2024-02-14 10:40:33 | TRACE   | query_time, 0.0004595275968313217
2024-02-14 10:40:33 | TRACE   | query_time, 0.0004586651921272278
2024-02-14 10:40:33 | TRACE   | query_time, 0.0004469398409128189
2024-02-14 10:40:33 | TRACE   | query_time, 0.0004533100873231888
2024-02-14 10:40:33 | TRACE   | query_time, 0.0004222150892019272
2024-02-14 10:40:33 | TRACE   | query_time, 0.0004574339836835861
2024-02-14 10:40:33 | TRACE   | query_time, 0.00044847093522548676
2024-02-14 10:40:33 | TRACE   | query_time, 0.000445779412984848
2024-02-14 10:40:33 | TRACE   | query_time, 0.0004644971340894699
2024-02-14 10:40:33 | TRACE   | query_time, 0.0004624798893928528
2024-02-14 10:40:33 | TRACE   | query_time, 0.0004487801343202591
2024-02-14 10:40:33 | TRACE   | query_time, 0.0004217643290758133
2024-02-14 10:40:33 | TRACE   | query_time, 0.00041818059980869293
2024-02-14 10:40:33 | TRACE   | query_time, 0.0004513561725616455
2024-02-14 10:40:33 | TRACE   | query_time, 0.00042803213000297546
2024-02-14 10:40:33 | TRACE   | query_time, 0.00047250278294086456
2024-02-14 10:40:33 | TRACE   | query_time, 0.0004591122269630432
2024-02-14 10:40:33 | TRACE   | query_time, 0.0004189610481262207
2024-02-14 10:40:33 | TRACE   | query_time, 0.0004628784954547882
2024-02-14 10:40:33 | TRACE   | query_time, 0.00044971145689487457
2024-02-14 10:40:33 | TRACE   | query_time, 0.00043939240276813507
2024-02-14 10:40:33 | TRACE   | query_time, 0.0004571620374917984
2024-02-14 10:40:33 | TRACE   | query_time, 0.00046246685087680817
2024-02-14 10:40:33 | TRACE   | query_time, 0.0004273969680070877
2024-02-14 10:40:33 | TRACE   | query_time, 0.0004479009658098221
2024-02-14 10:40:33 | TRACE   | query_time, 0.0004482641816139221
2024-02-14 10:40:33 | TRACE   | query_time, 0.00044493377208709717
2024-02-14 10:40:33 | TRACE   | query_time, 0.0004627350717782974
2024-02-14 10:40:33 | TRACE   | query_time, 0.00045350007712841034
2024-02-14 10:40:33 | TRACE   | query_time, 0.0004394911229610443
2024-02-14 10:40:33 | TRACE   | query_time, 0.00044435635209083557
2024-02-14 10:40:33 | TRACE   | query_time, 0.0004484988749027252
2024-02-14 10:40:33 | TRACE   | query_time, 0.00044776126742362976
2024-02-14 10:40:33 | TRACE   | query_time, 0.00044401176273822784
2024-02-14 10:40:33 | TRACE   | query_time, 0.0004468914121389389
2024-02-14 10:40:33 | TRACE   | query_time, 0.00045981258153915405
2024-02-14 10:40:33 | TRACE   | query_time, 0.0004476141184568405
2024-02-14 10:40:33 | TRACE   | query_time, 0.0004213321954011917
2024-02-14 10:40:33 | TRACE   | query_time, 0.00044676288962364197
2024-02-14 10:40:33 | TRACE   | query_time, 0.0004551410675048828
2024-02-14 10:40:33 | TRACE   | query_time, 0.0004543885588645935
2024-02-14 10:40:33 | TRACE   | query_time, 0.0004360843449831009
2024-02-14 10:40:33 | TRACE   | query_time, 0.0004571918398141861
2024-02-14 10:40:33 | TRACE   | query_time, 0.0004580169916152954
2024-02-14 10:40:33 | TRACE   | query_time, 0.0005069524049758911
2024-02-14 10:40:33 | TRACE   | query_time, 0.0004529133439064026
2024-02-14 10:40:33 | TRACE   | query_time, 0.0005055218935012817
2024-02-14 10:40:33 | TRACE   | query_time, 0.0005090441554784775
2024-02-14 10:40:33 | TRACE   | query_time, 0.0004607420414686203
2024-02-14 10:40:33 | TRACE   | query_time, 0.0004256200045347214
2024-02-14 10:40:33 | TRACE   | query_time, 0.00044661015272140503
2024-02-14 10:40:33 | TRACE   | query_time, 0.0004491172730922699
2024-02-14 10:40:33 | TRACE   | query_time, 0.0004475601017475128
2024-02-14 10:40:33 | TRACE   | query_time, 0.00045410916209220886
2024-02-14 10:40:33 | TRACE   | query_time, 0.0004458148032426834
2024-02-14 10:40:33 | TRACE   | query_time, 0.0004565957933664322
2024-02-14 10:40:33 | TRACE   | query_time, 0.0004386976361274719
2024-02-14 10:40:33 | TRACE   | query_time, 0.00045041367411613464
2024-02-14 10:40:33 | TRACE   | query_time, 0.00045741721987724304
2024-02-14 10:40:33 | TRACE   | query_time, 0.00045229122042655945
2024-02-14 10:40:33 | TRACE   | query_time, 0.00045778788626194
2024-02-14 10:40:33 | TRACE   | query_time, 0.0004458613693714142
2024-02-14 10:40:33 | TRACE   | query_time, 0.00044924765825271606
2024-02-14 10:40:33 | TRACE   | query_time, 0.0004647988826036453
2024-02-14 10:40:33 | TRACE   | query_time, 0.0005006361752748489
2024-02-14 10:40:33 | TRACE   | query_time, 0.00047868676483631134
2024-02-14 10:40:33 | TRACE   | query_time, 0.00045787543058395386
2024-02-14 10:40:33 | TRACE   | query_time, 0.00041922368109226227
2024-02-14 10:40:33 | TRACE   | query_time, 0.00044804997742176056
2024-02-14 10:40:33 | TRACE   | query_time, 0.0004552919417619705
2024-02-14 10:40:33 | TRACE   | query_time, 0.0004384927451610565
2024-02-14 10:40:33 | TRACE   | query_time, 0.00041734054684638977
2024-02-14 10:40:33 | TRACE   | query_time, 0.00045470334589481354
2024-02-14 10:40:33 | TRACE   | query_time, 0.000460602343082428
2024-02-14 10:40:33 | TRACE   | query_time, 0.00045482441782951355
2024-02-14 10:40:33 | TRACE   | query_time, 0.00045823678374290466
2024-02-14 10:40:33 | TRACE   | query_time, 0.0005032047629356384
2024-02-14 10:40:33 | TRACE   | query_time, 0.0004581362009048462
2024-02-14 10:40:33 | TRACE   | query_time, 0.0004986338317394257
2024-02-14 10:40:33 | TRACE   | query_time, 0.0004589073359966278
2024-02-14 10:40:33 | TRACE   | query_time, 0.00042353197932243347
2024-02-14 10:40:33 | TRACE   | query_time, 0.0004163607954978943
2024-02-14 10:40:33 | TRACE   | query_time, 0.0004463605582714081
2024-02-14 10:40:33 | TRACE   | query_time, 0.00042612478137016296
2024-02-14 10:40:33 | TRACE   | query_time, 0.0004169028252363205
2024-02-14 10:40:33 | TRACE   | query_time, 0.0004462059587240219
2024-02-14 10:40:33 | TRACE   | query_time, 0.00044368766248226166
2024-02-14 10:40:33 | TRACE   | query_time, 0.0004162099212408066
2024-02-14 10:40:33 | TRACE   | query_time, 0.00045222602784633636
2024-02-14 10:40:33 | TRACE   | query_time, 0.00045313872396945953
2024-02-14 10:40:33 | TRACE   | query_time, 0.0004430040717124939
2024-02-14 10:40:33 | TRACE   | query_time, 0.0004523433744907379
2024-02-14 10:40:33 | TRACE   | query_time, 0.00044458359479904175
2024-02-14 10:40:33 | TRACE   | query_time, 0.0004920996725559235
2024-02-14 10:40:33 | TRACE   | query_time, 0.0004902947694063187
2024-02-14 10:40:33 | TRACE   | query_time, 0.0004372820258140564
2024-02-14 10:40:33 | TRACE   | query_time, 0.0004502255469560623
2024-02-14 10:40:33 | TRACE   | query_time, 0.00045749731361866
2024-02-14 10:40:33 | TRACE   | query_time, 0.00045412778854370117
2024-02-14 10:40:33 | TRACE   | query_time, 0.0004454180598258972
2024-02-14 10:40:33 | TRACE   | query_time, 0.0004163850098848343
2024-02-14 10:40:33 | TRACE   | query_time, 0.00043440237641334534
2024-02-14 10:40:33 | TRACE   | query_time, 0.0004388391971588135
2024-02-14 10:40:33 | TRACE   | query_time, 0.0004983842372894287
2024-02-14 10:40:33 | TRACE   | query_time, 0.0004497021436691284
2024-02-14 10:40:33 | TRACE   | query_time, 0.00045958906412124634
2024-02-14 10:40:33 | TRACE   | query_time, 0.0004374329000711441
2024-02-14 10:40:33 | TRACE   | query_time, 0.00046724267303943634
2024-02-14 10:40:33 | TRACE   | query_time, 0.00047205202281475067
2024-02-14 10:40:33 | TRACE   | query_time, 0.00048645399510860443
2024-02-14 10:40:33 | TRACE   | query_time, 0.0004610605537891388
2024-02-14 10:40:33 | TRACE   | query_time, 0.00048794597387313843
2024-02-14 10:40:33 | TRACE   | query_time, 0.000462360680103302
2024-02-14 10:40:33 | TRACE   | query_time, 0.0004843752831220627
2024-02-14 10:40:33 | TRACE   | query_time, 0.0004964768886566162
2024-02-14 10:40:33 | TRACE   | query_time, 0.0004897564649581909
2024-02-14 10:40:33 | TRACE   | query_time, 0.000533323734998703
2024-02-14 10:40:33 | TRACE   | query_time, 0.0005086660385131836
2024-02-14 10:40:33 | TRACE   | query_time, 0.0004737395793199539
2024-02-14 10:40:33 | TRACE   | query_time, 0.0004968941211700439
2024-02-14 10:40:33 | TRACE   | query_time, 0.0004603266716003418
2024-02-14 10:40:33 | TRACE   | query_time, 0.00047892704606056213
2024-02-14 10:40:33 | TRACE   | query_time, 0.000492410734295845
2024-02-14 10:40:33 | TRACE   | query_time, 0.00048679672181606293
2024-02-14 10:40:33 | TRACE   | query_time, 0.00047724880278110504
2024-02-14 10:40:33 | TRACE   | query_time, 0.0004968587309122086
2024-02-14 10:40:33 | TRACE   | query_time, 0.0005012545734643936
2024-02-14 10:40:33 | TRACE   | query_time, 0.0004609357565641403
2024-02-14 10:40:33 | TRACE   | query_time, 0.0004777330905199051
2024-02-14 10:40:33 | TRACE   | query_time, 0.0004927478730678558
2024-02-14 10:40:33 | TRACE   | query_time, 0.00047560036182403564
2024-02-14 10:40:33 | TRACE   | query_time, 0.0005285218358039856
2024-02-14 10:40:33 | TRACE   | query_time, 0.000526919960975647
2024-02-14 10:40:33 | TRACE   | query_time, 0.0004999581724405289
2024-02-14 10:40:33 | TRACE   | query_time, 0.00046487897634506226
2024-02-14 10:40:33 | TRACE   | query_time, 0.0004608146846294403
2024-02-14 10:40:33 | TRACE   | query_time, 0.0005003903061151505
2024-02-14 10:40:33 | TRACE   | query_time, 0.0004846956580877304
2024-02-14 10:40:33 | TRACE   | query_time, 0.0004916395992040634
2024-02-14 10:40:33 | TRACE   | query_time, 0.0005231481045484543
2024-02-14 10:40:33 | TRACE   | query_time, 0.0005129426717758179
2024-02-14 10:40:33 | TRACE   | query_time, 0.0005291849374771118
2024-02-14 10:40:33 | TRACE   | query_time, 0.00047910213470458984
2024-02-14 10:40:33 | TRACE   | query_time, 0.0004801824688911438
2024-02-14 10:40:33 | TRACE   | query_time, 0.00048728659749031067
2024-02-14 10:40:33 | TRACE   | query_time, 0.0005001239478588104
2024-02-14 10:40:33 | TRACE   | query_time, 0.00048289448022842407
2024-02-14 10:40:33 | TRACE   | query_time, 0.0004913080483675003
2024-02-14 10:40:33 | TRACE   | query_time, 0.0004988778382539749
2024-02-14 10:40:33 | TRACE   | query_time, 0.0004767291247844696
2024-02-14 10:40:33 | TRACE   | query_time, 0.0004884004592895508
2024-02-14 10:40:33 | TRACE   | query_time, 0.0005192197859287262
2024-02-14 10:40:33 | TRACE   | query_time, 0.0004856884479522705
2024-02-14 10:40:33 | TRACE   | query_time, 0.0004954952746629715
2024-02-14 10:40:33 | TRACE   | query_time, 0.0004693754017353058
2024-02-14 10:40:33 | TRACE   | query_time, 0.0004973281174898148
2024-02-14 10:40:33 | TRACE   | query_time, 0.00046502426266670227
2024-02-14 10:40:33 | TRACE   | query_time, 0.0004887320101261139
2024-02-14 10:40:33 | TRACE   | query_time, 0.0004624743014574051
2024-02-14 10:40:33 | TRACE   | query_time, 0.0004972256720066071
2024-02-14 10:40:33 | TRACE   | query_time, 0.000523718073964119
2024-02-14 10:40:33 | TRACE   | query_time, 0.0004962757229804993
2024-02-14 10:40:33 | TRACE   | query_time, 0.00048726797103881836
2024-02-14 10:40:33 | TRACE   | query_time, 0.00048137642443180084
2024-02-14 10:40:33 | TRACE   | query_time, 0.00048443302512168884
2024-02-14 10:40:33 | TRACE   | query_time, 0.0004935488104820251
2024-02-14 10:40:33 | TRACE   | query_time, 0.0004948936402797699
2024-02-14 10:40:33 | TRACE   | query_time, 0.0004786960780620575
2024-02-14 10:40:33 | TRACE   | query_time, 0.0004983507096767426
2024-02-14 10:40:33 | TRACE   | query_time, 0.0004921387881040573
2024-02-14 10:40:33 | TRACE   | query_time, 0.0004949644207954407
2024-02-14 10:40:33 | TRACE   | query_time, 0.000485861673951149
2024-02-14 10:40:33 | TRACE   | query_time, 0.00048410892486572266
2024-02-14 10:40:33 | TRACE   | query_time, 0.000464070588350296
2024-02-14 10:40:33 | TRACE   | query_time, 0.00048708729445934296
2024-02-14 10:40:33 | TRACE   | query_time, 0.00047349557280540466
2024-02-14 10:40:33 | TRACE   | query_time, 0.0004928801208734512
2024-02-14 10:40:33 | TRACE   | query_time, 0.0004911907017230988
2024-02-14 10:40:33 | TRACE   | query_time, 0.0004852842539548874
2024-02-14 10:40:33 | TRACE   | query_time, 0.0004746168851852417
2024-02-14 10:40:33 | TRACE   | query_time, 0.00048653222620487213
2024-02-14 10:40:33 | TRACE   | query_time, 0.0004910603165626526
2024-02-14 10:40:33 | TRACE   | query_time, 0.000529879704117775
2024-02-14 10:40:33 | TRACE   | query_time, 0.0004960764199495316
2024-02-14 10:40:33 | TRACE   | query_time, 0.0005073808133602142
2024-02-14 10:40:33 | TRACE   | query_time, 0.0004957243800163269
2024-02-14 10:40:33 | TRACE   | query_time, 0.0004983469843864441
2024-02-14 10:40:33 | TRACE   | query_time, 0.0004848651587963104
2024-02-14 10:40:33 | TRACE   | query_time, 0.0004906691610813141
2024-02-14 10:40:33 | TRACE   | query_time, 0.0004966147243976593
2024-02-14 10:40:33 | TRACE   | query_time, 0.0004880949854850769
2024-02-14 10:40:33 | TRACE   | query_time, 0.0005287248641252518
2024-02-14 10:40:33 | TRACE   | query_time, 0.0004981663078069687
2024-02-14 10:40:33 | TRACE   | query_time, 0.0004796236753463745
2024-02-14 10:40:33 | TRACE   | query_time, 0.0006590671837329865
2024-02-14 10:40:33 | TRACE   | query_time, 0.0004784241318702698
2024-02-14 10:40:33 | TRACE   | query_time, 0.000490386039018631
2024-02-14 10:40:33 | TRACE   | query_time, 0.0004640873521566391
2024-02-14 10:40:33 | TRACE   | query_time, 0.00045992061495780945
2024-02-14 10:40:33 | TRACE   | query_time, 0.0004994124174118042
2024-02-14 10:40:33 | TRACE   | query_time, 0.0005073565989732742
2024-02-14 10:40:33 | TRACE   | query_time, 0.0005409698933362961
2024-02-14 10:40:33 | TRACE   | query_time, 0.0004911124706268311
2024-02-14 10:40:33 | TRACE   | query_time, 0.0004845932126045227
2024-02-14 10:40:33 | TRACE   | query_time, 0.00047584250569343567
2024-02-14 10:40:33 | TRACE   | query_time, 0.0004945248365402222
2024-02-14 10:40:33 | TRACE   | query_time, 0.0004882756620645523
2024-02-14 10:40:33 | TRACE   | query_time, 0.000528218224644661
2024-02-14 10:40:33 | TRACE   | query_time, 0.0005281083285808563
2024-02-14 10:40:33 | TRACE   | query_time, 0.000475909560918808
2024-02-14 10:40:33 | TRACE   | query_time, 0.0004890840500593185
2024-02-14 10:40:33 | TRACE   | query_time, 0.0004640985280275345
2024-02-14 10:40:33 | TRACE   | query_time, 0.0004959702491760254
2024-02-14 10:40:33 | TRACE   | query_time, 0.000474514439702034
2024-02-14 10:40:33 | TRACE   | query_time, 0.0004869643598794937
2024-02-14 10:40:33 | TRACE   | query_time, 0.0004871152341365814
2024-02-14 10:40:33 | TRACE   | query_time, 0.0004887860268354416
2024-02-14 10:40:33 | TRACE   | query_time, 0.0004885941743850708
2024-02-14 10:40:33 | TRACE   | query_time, 0.00046140700578689575
2024-02-14 10:40:33 | TRACE   | query_time, 0.0004968121647834778
2024-02-14 10:40:33 | TRACE   | query_time, 0.00047775544226169586
2024-02-14 10:40:33 | TRACE   | query_time, 0.0004964545369148254
2024-02-14 10:40:33 | TRACE   | query_time, 0.0005090832710266113
2024-02-14 10:40:33 | TRACE   | query_time, 0.00047963857650756836
2024-02-14 10:40:33 | TRACE   | query_time, 0.0004975404590368271
2024-02-14 10:40:33 | TRACE   | query_time, 0.0004633404314517975
2024-02-14 10:40:33 | TRACE   | query_time, 0.00048239901661872864
2024-02-14 10:40:33 | TRACE   | query_time, 0.0004840344190597534
2024-02-14 10:40:33 | TRACE   | query_time, 0.0004913117736577988
2024-02-14 10:40:33 | TRACE   | query_time, 0.0004633162170648575
2024-02-14 10:40:33 | TRACE   | query_time, 0.0004756338894367218
2024-02-14 10:40:33 | TRACE   | query_time, 0.00049588643014431
2024-02-14 10:40:33 | TRACE   | query_time, 0.0004907120019197464
2024-02-14 10:40:33 | TRACE   | query_time, 0.0004960671067237854
2024-02-14 10:40:33 | TRACE   | query_time, 0.00047633983194828033
2024-02-14 10:40:33 | TRACE   | query_time, 0.0004924964159727097
2024-02-14 10:40:33 | TRACE   | query_time, 0.0004948042333126068
2024-02-14 10:40:33 | TRACE   | query_time, 0.0004671923816204071
