2024-02-14 10:36:36 | DEBUG   | {'input': PosixPath('data/open_data_usa/indices/microbenchmarks/rebinning-k50.zst'), 'input_type': 'index', 'queries': PosixPath('data/open_data_usa/queries/microbenchmarks.zst'), 'estimation_mode': None, 'index_mode': 'recall', 'output': None, 'workers': None, 'frequency_hists': False, 'suppress_results': True, 'log_level': 'INFO', 'log_file': PosixPath('logs/microbenchmarks/runtime/open_data_usa-rebinning-k50-single_suppressed-1.log')}
2024-02-14 10:36:36 | DEBUG   | Loading input data from data/open_data_usa/indices/microbenchmarks/rebinning-k50.zst
2024-02-14 10:36:37 | DEBUG   | Loading queries from data/open_data_usa/queries/microbenchmarks.zst
2024-02-14 10:36:37 | TRACE   | bootstrap_time, 0.7330522686243057
2024-02-14 10:36:37 | DEBUG   | Starting execution
2024-02-14 10:36:37 | TRACE   | query_time, 0.00033469125628471375
2024-02-14 10:36:37 | TRACE   | query_time, 0.00015239976346492767
2024-02-14 10:36:37 | TRACE   | query_time, 0.00013723410665988922
2024-02-14 10:36:37 | TRACE   | query_time, 0.00013290345668792725
2024-02-14 10:36:37 | TRACE   | query_time, 0.00013530440628528595
2024-02-14 10:36:37 | TRACE   | query_time, 0.00013484060764312744
2024-02-14 10:36:37 | TRACE   | query_time, 0.00014794804155826569
2024-02-14 10:36:37 | TRACE   | query_time, 0.00013296864926815033
2024-02-14 10:36:37 | TRACE   | query_time, 0.0001314505934715271
2024-02-14 10:36:37 | TRACE   | query_time, 0.00016827881336212158
2024-02-14 10:36:37 | TRACE   | query_time, 0.00013643130660057068
2024-02-14 10:36:37 | TRACE   | query_time, 0.00013344548642635345
2024-02-14 10:36:37 | TRACE   | query_time, 0.00013313256204128265
2024-02-14 10:36:37 | TRACE   | query_time, 0.00013378821313381195
2024-02-14 10:36:37 | TRACE   | query_time, 0.00013286620378494263
2024-02-14 10:36:37 | TRACE   | query_time, 0.00013304874300956726
2024-02-14 10:36:37 | TRACE   | query_time, 0.00013492628931999207
2024-02-14 10:36:37 | TRACE   | query_time, 0.00013354048132896423
2024-02-14 10:36:37 | TRACE   | query_time, 0.0001321602612733841
2024-02-14 10:36:37 | TRACE   | query_time, 0.00013699568808078766
2024-02-14 10:36:37 | TRACE   | query_time, 0.0001469142735004425
2024-02-14 10:36:37 | TRACE   | query_time, 0.00013210996985435486
2024-02-14 10:36:37 | TRACE   | query_time, 0.00013663992285728455
2024-02-14 10:36:37 | TRACE   | query_time, 0.00013356469571590424
2024-02-14 10:36:37 | TRACE   | query_time, 0.00013556331396102905
2024-02-14 10:36:37 | TRACE   | query_time, 0.0001322925090789795
2024-02-14 10:36:37 | TRACE   | query_time, 0.00014245137572288513
2024-02-14 10:36:37 | TRACE   | query_time, 0.0001467522233724594
2024-02-14 10:36:37 | TRACE   | query_time, 0.0001320522278547287
2024-02-14 10:36:37 | TRACE   | query_time, 0.00013224966824054718
2024-02-14 10:36:37 | TRACE   | query_time, 0.0001480747014284134
2024-02-14 10:36:37 | TRACE   | query_time, 0.00013232417404651642
2024-02-14 10:36:37 | TRACE   | query_time, 0.00013504736125469208
2024-02-14 10:36:37 | TRACE   | query_time, 0.0001346934586763382
2024-02-14 10:36:37 | TRACE   | query_time, 0.0001328159123659134
2024-02-14 10:36:37 | TRACE   | query_time, 0.00013482384383678436
2024-02-14 10:36:37 | TRACE   | query_time, 0.0001335497945547104
2024-02-14 10:36:37 | TRACE   | query_time, 0.00014816224575042725
2024-02-14 10:36:37 | TRACE   | query_time, 0.00013191625475883484
2024-02-14 10:36:37 | TRACE   | query_time, 0.00014677271246910095
2024-02-14 10:36:37 | TRACE   | query_time, 0.00013327039778232574
2024-02-14 10:36:37 | TRACE   | query_time, 0.0001463666558265686
2024-02-14 10:36:37 | TRACE   | query_time, 0.00013051368296146393
2024-02-14 10:36:37 | TRACE   | query_time, 0.00014946982264518738
2024-02-14 10:36:37 | TRACE   | query_time, 0.0001337006688117981
2024-02-14 10:36:37 | TRACE   | query_time, 0.00013292208313941956
2024-02-14 10:36:37 | TRACE   | query_time, 0.0001299157738685608
2024-02-14 10:36:37 | TRACE   | query_time, 0.00015020929276943207
2024-02-14 10:36:37 | TRACE   | query_time, 0.00013268925249576569
2024-02-14 10:36:37 | TRACE   | query_time, 0.0001318361610174179
2024-02-14 10:36:37 | TRACE   | query_time, 0.00014922581613063812
2024-02-14 10:36:37 | TRACE   | query_time, 0.00013479962944984436
2024-02-14 10:36:37 | TRACE   | query_time, 0.00014763139188289642
2024-02-14 10:36:37 | TRACE   | query_time, 0.00013334304094314575
2024-02-14 10:36:37 | TRACE   | query_time, 0.00013251043856143951
2024-02-14 10:36:37 | TRACE   | query_time, 0.0001491047441959381
2024-02-14 10:36:37 | TRACE   | query_time, 0.00013205595314502716
2024-02-14 10:36:37 | TRACE   | query_time, 0.00013241730630397797
2024-02-14 10:36:37 | TRACE   | query_time, 0.0001324135810136795
2024-02-14 10:36:37 | TRACE   | query_time, 0.0001329071819782257
2024-02-14 10:36:37 | TRACE   | query_time, 0.00013362430036067963
2024-02-14 10:36:37 | TRACE   | query_time, 0.0001439843326807022
2024-02-14 10:36:37 | TRACE   | query_time, 0.0001480989158153534
2024-02-14 10:36:37 | TRACE   | query_time, 0.00013290531933307648
2024-02-14 10:36:37 | TRACE   | query_time, 0.00013305619359016418
2024-02-14 10:36:37 | TRACE   | query_time, 0.00013280659914016724
2024-02-14 10:36:37 | TRACE   | query_time, 0.00013192184269428253
2024-02-14 10:36:37 | TRACE   | query_time, 0.00013288110494613647
2024-02-14 10:36:37 | TRACE   | query_time, 0.00013501010835170746
2024-02-14 10:36:37 | TRACE   | query_time, 0.00013235397636890411
2024-02-14 10:36:37 | TRACE   | query_time, 0.00013259239494800568
2024-02-14 10:36:37 | TRACE   | query_time, 0.0001335088163614273
2024-02-14 10:36:37 | TRACE   | query_time, 0.0001325458288192749
2024-02-14 10:36:37 | TRACE   | query_time, 0.00013109669089317322
2024-02-14 10:36:37 | TRACE   | query_time, 0.00014600902795791626
2024-02-14 10:36:37 | TRACE   | query_time, 0.00013084150850772858
2024-02-14 10:36:37 | TRACE   | query_time, 0.0001312512904405594
2024-02-14 10:36:37 | TRACE   | query_time, 0.00013129599392414093
2024-02-14 10:36:37 | TRACE   | query_time, 0.00012943707406520844
2024-02-14 10:36:37 | TRACE   | query_time, 0.0001601092517375946
2024-02-14 10:36:37 | TRACE   | query_time, 0.00013317540287971497
2024-02-14 10:36:37 | TRACE   | query_time, 0.00013278797268867493
2024-02-14 10:36:37 | TRACE   | query_time, 0.0001317448914051056
2024-02-14 10:36:37 | TRACE   | query_time, 0.00014606676995754242
2024-02-14 10:36:37 | TRACE   | query_time, 0.0001301020383834839
2024-02-14 10:36:37 | TRACE   | query_time, 0.00014462321996688843
2024-02-14 10:36:37 | TRACE   | query_time, 0.0001314990222454071
2024-02-14 10:36:37 | TRACE   | query_time, 0.00013014301657676697
2024-02-14 10:36:37 | TRACE   | query_time, 0.00013143382966518402
2024-02-14 10:36:37 | TRACE   | query_time, 0.0001319311559200287
2024-02-14 10:36:37 | TRACE   | query_time, 0.0001459997147321701
2024-02-14 10:36:37 | TRACE   | query_time, 0.0001321602612733841
2024-02-14 10:36:37 | TRACE   | query_time, 0.0001346040517091751
2024-02-14 10:36:37 | TRACE   | query_time, 0.00013011693954467773
2024-02-14 10:36:37 | TRACE   | query_time, 0.00013148784637451172
2024-02-14 10:36:37 | TRACE   | query_time, 0.00013174302875995636
2024-02-14 10:36:37 | TRACE   | query_time, 0.0001309216022491455
2024-02-14 10:36:37 | TRACE   | query_time, 0.00013220496475696564
2024-02-14 10:36:37 | TRACE   | query_time, 0.00013219565153121948
2024-02-14 10:36:37 | TRACE   | query_time, 0.00012760423123836517
2024-02-14 10:36:37 | TRACE   | query_time, 0.0001458432525396347
2024-02-14 10:36:37 | TRACE   | query_time, 0.00014431215822696686
2024-02-14 10:36:37 | TRACE   | query_time, 0.00013094767928123474
2024-02-14 10:36:37 | TRACE   | query_time, 0.0001304224133491516
2024-02-14 10:36:37 | TRACE   | query_time, 0.00013381987810134888
2024-02-14 10:36:37 | TRACE   | query_time, 0.00013051554560661316
2024-02-14 10:36:37 | TRACE   | query_time, 0.00013130158185958862
2024-02-14 10:36:37 | TRACE   | query_time, 0.00013038888573646545
2024-02-14 10:36:37 | TRACE   | query_time, 0.00013286806643009186
2024-02-14 10:36:37 | TRACE   | query_time, 0.00013161823153495789
2024-02-14 10:36:37 | TRACE   | query_time, 0.00013425201177597046
2024-02-14 10:36:37 | TRACE   | query_time, 0.00013240240514278412
2024-02-14 10:36:37 | TRACE   | query_time, 0.0001475028693675995
2024-02-14 10:36:37 | TRACE   | query_time, 0.0001332312822341919
2024-02-14 10:36:37 | TRACE   | query_time, 0.00014176778495311737
2024-02-14 10:36:37 | TRACE   | query_time, 0.0001456141471862793
2024-02-14 10:36:37 | TRACE   | query_time, 0.00014688260853290558
2024-02-14 10:36:37 | TRACE   | query_time, 0.0001320764422416687
2024-02-14 10:36:37 | TRACE   | query_time, 0.0001317281275987625
2024-02-14 10:36:37 | TRACE   | query_time, 0.00014596246182918549
2024-02-14 10:36:37 | TRACE   | query_time, 0.0001303311437368393
2024-02-14 10:36:37 | TRACE   | query_time, 0.00013177096843719482
2024-02-14 10:36:37 | TRACE   | query_time, 0.0001468602567911148
2024-02-14 10:36:37 | TRACE   | query_time, 0.00013212859630584717
2024-02-14 10:36:37 | TRACE   | query_time, 0.000132853165268898
2024-02-14 10:36:37 | TRACE   | query_time, 0.00013280287384986877
2024-02-14 10:36:37 | TRACE   | query_time, 0.0001330263912677765
2024-02-14 10:36:37 | TRACE   | query_time, 0.0001307409256696701
2024-02-14 10:36:37 | TRACE   | query_time, 0.0001314990222454071
2024-02-14 10:36:37 | TRACE   | query_time, 0.00014611519873142242
2024-02-14 10:36:37 | TRACE   | query_time, 0.00013182125985622406
2024-02-14 10:36:37 | TRACE   | query_time, 0.00013044662773609161
2024-02-14 10:36:37 | TRACE   | query_time, 0.00013660453259944916
2024-02-14 10:36:37 | TRACE   | query_time, 0.00013208389282226562
2024-02-14 10:36:37 | TRACE   | query_time, 0.0001312829554080963
2024-02-14 10:36:37 | TRACE   | query_time, 0.00014613941311836243
2024-02-14 10:36:37 | TRACE   | query_time, 0.00013165920972824097
2024-02-14 10:36:37 | TRACE   | query_time, 0.0001301448792219162
2024-02-14 10:36:37 | TRACE   | query_time, 0.00013088993728160858
2024-02-14 10:36:37 | TRACE   | query_time, 0.0001451633870601654
2024-02-14 10:36:37 | TRACE   | query_time, 0.00013208389282226562
2024-02-14 10:36:37 | TRACE   | query_time, 0.00013103708624839783
2024-02-14 10:36:37 | TRACE   | query_time, 0.00013113021850585938
2024-02-14 10:36:37 | TRACE   | query_time, 0.0001317206770181656
2024-02-14 10:36:37 | TRACE   | query_time, 0.0001433826982975006
2024-02-14 10:36:37 | TRACE   | query_time, 0.00013144128024578094
2024-02-14 10:36:37 | TRACE   | query_time, 0.00014512799680233002
2024-02-14 10:36:37 | TRACE   | query_time, 0.0001311320811510086
2024-02-14 10:36:37 | TRACE   | query_time, 0.00013173557817935944
2024-02-14 10:36:37 | TRACE   | query_time, 0.0001325514167547226
2024-02-14 10:36:37 | TRACE   | query_time, 0.0001699160784482956
2024-02-14 10:36:37 | TRACE   | query_time, 0.00014606676995754242
2024-02-14 10:36:37 | TRACE   | query_time, 0.00013212114572525024
2024-02-14 10:36:37 | TRACE   | query_time, 0.00013147108256816864
2024-02-14 10:36:37 | TRACE   | query_time, 0.00013023614883422852
2024-02-14 10:36:37 | TRACE   | query_time, 0.00013248808681964874
2024-02-14 10:36:37 | TRACE   | query_time, 0.0001295376569032669
2024-02-14 10:36:37 | TRACE   | query_time, 0.00014345720410346985
2024-02-14 10:36:37 | TRACE   | query_time, 0.00013268552720546722
2024-02-14 10:36:37 | TRACE   | query_time, 0.00013060495257377625
2024-02-14 10:36:37 | TRACE   | query_time, 0.00013190694153308868
2024-02-14 10:36:37 | TRACE   | query_time, 0.00014546513557434082
2024-02-14 10:36:37 | TRACE   | query_time, 0.00013308413326740265
2024-02-14 10:36:37 | TRACE   | query_time, 0.00014827586710453033
2024-02-14 10:36:37 | TRACE   | query_time, 0.00013472139835357666
2024-02-14 10:36:37 | TRACE   | query_time, 0.00014690309762954712
2024-02-14 10:36:37 | TRACE   | query_time, 0.00013444013893604279
2024-02-14 10:36:37 | TRACE   | query_time, 0.00014053285121917725
2024-02-14 10:36:37 | TRACE   | query_time, 0.0001322869211435318
2024-02-14 10:36:37 | TRACE   | query_time, 0.00014540739357471466
2024-02-14 10:36:37 | TRACE   | query_time, 0.0001336224377155304
2024-02-14 10:36:37 | TRACE   | query_time, 0.000130385160446167
2024-02-14 10:36:37 | TRACE   | query_time, 0.00013173185288906097
2024-02-14 10:36:37 | TRACE   | query_time, 0.00014828704297542572
2024-02-14 10:36:37 | TRACE   | query_time, 0.00013172440230846405
2024-02-14 10:36:37 | TRACE   | query_time, 0.00013052485883235931
2024-02-14 10:36:37 | TRACE   | query_time, 0.00013127923011779785
2024-02-14 10:36:37 | TRACE   | query_time, 0.00013233162462711334
2024-02-14 10:36:37 | TRACE   | query_time, 0.0001332610845565796
2024-02-14 10:36:37 | TRACE   | query_time, 0.00013134628534317017
2024-02-14 10:36:37 | TRACE   | query_time, 0.000132853165268898
2024-02-14 10:36:37 | TRACE   | query_time, 0.00013119913637638092
2024-02-14 10:36:37 | TRACE   | query_time, 0.00014638341963291168
2024-02-14 10:36:37 | TRACE   | query_time, 0.0001321602612733841
2024-02-14 10:36:37 | TRACE   | query_time, 0.00013058818876743317
2024-02-14 10:36:37 | TRACE   | query_time, 0.00018879398703575134
2024-02-14 10:36:37 | TRACE   | query_time, 0.0001482553780078888
2024-02-14 10:36:37 | TRACE   | query_time, 0.0001327749341726303
2024-02-14 10:36:37 | TRACE   | query_time, 0.0001319311559200287
2024-02-14 10:36:37 | TRACE   | query_time, 0.0001321602612733841
2024-02-14 10:36:37 | TRACE   | query_time, 0.0001468118280172348
2024-02-14 10:36:37 | TRACE   | query_time, 0.0001306328922510147
2024-02-14 10:36:37 | TRACE   | query_time, 0.00013306550681591034
2024-02-14 10:36:37 | TRACE   | query_time, 0.00013143010437488556
2024-02-14 10:36:37 | TRACE   | query_time, 0.00013114511966705322
2024-02-14 10:36:37 | TRACE   | query_time, 0.00014690309762954712
2024-02-14 10:36:37 | TRACE   | query_time, 0.00013290345668792725
2024-02-14 10:36:37 | TRACE   | query_time, 0.0001300312578678131
2024-02-14 10:36:37 | TRACE   | query_time, 0.00013152137398719788
2024-02-14 10:36:37 | TRACE   | query_time, 0.00013090483844280243
2024-02-14 10:36:37 | TRACE   | query_time, 0.00013369694352149963
2024-02-14 10:36:37 | TRACE   | query_time, 0.00014811940491199493
2024-02-14 10:36:37 | TRACE   | query_time, 0.00013933703303337097
2024-02-14 10:36:37 | TRACE   | query_time, 0.00013306736946105957
2024-02-14 10:36:37 | TRACE   | query_time, 0.00013124942779541016
2024-02-14 10:36:37 | TRACE   | query_time, 0.00014595873653888702
2024-02-14 10:36:37 | TRACE   | query_time, 0.00013245455920696259
2024-02-14 10:36:37 | TRACE   | query_time, 0.00014633312821388245
2024-02-14 10:36:37 | TRACE   | query_time, 0.0001322627067565918
2024-02-14 10:36:37 | TRACE   | query_time, 0.00013091601431369781
2024-02-14 10:36:37 | TRACE   | query_time, 0.00014686398208141327
2024-02-14 10:36:37 | TRACE   | query_time, 0.0001476835459470749
2024-02-14 10:36:37 | TRACE   | query_time, 0.00013361498713493347
2024-02-14 10:36:37 | TRACE   | query_time, 0.00013240985572338104
2024-02-14 10:36:37 | TRACE   | query_time, 0.00013016536831855774
2024-02-14 10:36:37 | TRACE   | query_time, 0.00013345666229724884
2024-02-14 10:36:37 | TRACE   | query_time, 0.00014565140008926392
2024-02-14 10:36:37 | TRACE   | query_time, 0.00013366341590881348
2024-02-14 10:36:37 | TRACE   | query_time, 0.00014651939272880554
2024-02-14 10:36:37 | TRACE   | query_time, 0.00013194605708122253
2024-02-14 10:36:37 | TRACE   | query_time, 0.00013887323439121246
2024-02-14 10:36:37 | TRACE   | query_time, 0.00013276003301143646
2024-02-14 10:36:37 | TRACE   | query_time, 0.0001320037990808487
2024-02-14 10:36:37 | TRACE   | query_time, 0.00013216212391853333
2024-02-14 10:36:37 | TRACE   | query_time, 0.0001482069492340088
2024-02-14 10:36:37 | TRACE   | query_time, 0.00013246387243270874
2024-02-14 10:36:37 | TRACE   | query_time, 0.0001307278871536255
2024-02-14 10:36:37 | TRACE   | query_time, 0.00013058260083198547
2024-02-14 10:36:37 | TRACE   | query_time, 0.00013321824371814728
2024-02-14 10:36:37 | TRACE   | query_time, 0.00013194233179092407
2024-02-14 10:36:37 | TRACE   | query_time, 0.00014385394752025604
2024-02-14 10:36:37 | TRACE   | query_time, 0.00013198330998420715
2024-02-14 10:36:37 | TRACE   | query_time, 0.00014665164053440094
2024-02-14 10:36:37 | TRACE   | query_time, 0.00013298168778419495
2024-02-14 10:36:37 | TRACE   | query_time, 0.00015033595263957977
2024-02-14 10:36:37 | TRACE   | query_time, 0.00013359636068344116
2024-02-14 10:36:37 | TRACE   | query_time, 0.00013531185686588287
2024-02-14 10:36:37 | TRACE   | query_time, 0.00013555586338043213
2024-02-14 10:36:37 | TRACE   | query_time, 0.00013577938079833984
2024-02-14 10:36:37 | TRACE   | query_time, 0.00013686902821063995
2024-02-14 10:36:37 | TRACE   | query_time, 0.0001346990466117859
2024-02-14 10:36:37 | TRACE   | query_time, 0.0001324731856584549
2024-02-14 10:36:37 | TRACE   | query_time, 0.00013444013893604279
2024-02-14 10:36:37 | TRACE   | query_time, 0.00013571232557296753
2024-02-14 10:36:37 | TRACE   | query_time, 0.00014821253716945648
2024-02-14 10:36:37 | TRACE   | query_time, 0.0001324191689491272
2024-02-14 10:36:37 | TRACE   | query_time, 0.00013401731848716736
2024-02-14 10:36:37 | TRACE   | query_time, 0.00013418495655059814
2024-02-14 10:36:37 | TRACE   | query_time, 0.00013280287384986877
2024-02-14 10:36:37 | TRACE   | query_time, 0.00013307854533195496
2024-02-14 10:36:37 | TRACE   | query_time, 0.00013225339353084564
2024-02-14 10:36:37 | TRACE   | query_time, 0.00013187527656555176
2024-02-14 10:36:37 | TRACE   | query_time, 0.00013276934623718262
2024-02-14 10:36:37 | TRACE   | query_time, 0.00013250485062599182
2024-02-14 10:36:37 | TRACE   | query_time, 0.00013167224824428558
2024-02-14 10:36:37 | TRACE   | query_time, 0.0001533273607492447
2024-02-14 10:36:37 | TRACE   | query_time, 0.00013224594295024872
2024-02-14 10:36:37 | TRACE   | query_time, 0.00012977235019207
2024-02-14 10:36:37 | TRACE   | query_time, 0.00013245642185211182
2024-02-14 10:36:37 | TRACE   | query_time, 0.00013068318367004395
2024-02-14 10:36:37 | TRACE   | query_time, 0.00014475174248218536
2024-02-14 10:36:37 | TRACE   | query_time, 0.00013103708624839783
2024-02-14 10:36:37 | TRACE   | query_time, 0.00014658458530902863
2024-02-14 10:36:37 | TRACE   | query_time, 0.00013103708624839783
2024-02-14 10:36:37 | TRACE   | query_time, 0.00013177655637264252
2024-02-14 10:36:37 | TRACE   | query_time, 0.00013155490159988403
2024-02-14 10:36:37 | TRACE   | query_time, 0.00014568492770195007
2024-02-14 10:36:37 | TRACE   | query_time, 0.0001468174159526825
2024-02-14 10:36:37 | TRACE   | query_time, 0.00013184919953346252
2024-02-14 10:36:37 | TRACE   | query_time, 0.00013303756713867188
2024-02-14 10:36:37 | TRACE   | query_time, 0.00013191625475883484
2024-02-14 10:36:37 | TRACE   | query_time, 0.0001459326595067978
2024-02-14 10:36:37 | TRACE   | query_time, 0.00013002939522266388
2024-02-14 10:36:37 | TRACE   | query_time, 0.00014599598944187164
2024-02-14 10:36:37 | TRACE   | query_time, 0.00013230368494987488
2024-02-14 10:36:37 | TRACE   | query_time, 0.0001454818993806839
2024-02-14 10:36:37 | TRACE   | query_time, 0.00013113580644130707
2024-02-14 10:36:37 | TRACE   | query_time, 0.0001459866762161255
2024-02-14 10:36:37 | TRACE   | query_time, 0.00013188831508159637
2024-02-14 10:36:37 | TRACE   | query_time, 0.0001452472060918808
2024-02-14 10:36:37 | TRACE   | query_time, 0.00013017840683460236
2024-02-14 10:36:37 | TRACE   | query_time, 0.00013089366257190704
2024-02-14 10:36:37 | TRACE   | query_time, 0.00013119541108608246
2024-02-14 10:36:37 | TRACE   | query_time, 0.00013063475489616394
2024-02-14 10:36:37 | TRACE   | query_time, 0.00014395825564861298
2024-02-14 10:36:37 | TRACE   | query_time, 0.00013183057308197021
2024-02-14 10:36:37 | TRACE   | query_time, 0.000131312757730484
2024-02-14 10:36:37 | TRACE   | query_time, 0.00013399124145507812
2024-02-14 10:36:37 | TRACE   | query_time, 0.00013230927288532257
2024-02-14 10:36:37 | TRACE   | query_time, 0.00013164058327674866
2024-02-14 10:36:37 | TRACE   | query_time, 0.0001411493867635727
2024-02-14 10:36:37 | TRACE   | query_time, 0.00013221986591815948
2024-02-14 10:36:37 | TRACE   | query_time, 0.00013128109276294708
2024-02-14 10:36:37 | TRACE   | query_time, 0.00013175047934055328
2024-02-14 10:36:37 | TRACE   | query_time, 0.0001305956393480301
2024-02-14 10:36:37 | TRACE   | query_time, 0.00014658644795417786
2024-02-14 10:36:37 | TRACE   | query_time, 0.00014599040150642395
2024-02-14 10:36:37 | TRACE   | query_time, 0.000132070854306221
2024-02-14 10:36:37 | TRACE   | query_time, 0.00013122707605361938
2024-02-14 10:36:37 | TRACE   | query_time, 0.0001302957534790039
2024-02-14 10:36:37 | TRACE   | query_time, 0.00012958422303199768
2024-02-14 10:36:37 | TRACE   | query_time, 0.00013207457959651947
2024-02-14 10:36:37 | TRACE   | query_time, 0.00013050436973571777
2024-02-14 10:36:37 | TRACE   | query_time, 0.0001460593193769455
2024-02-14 10:36:37 | TRACE   | query_time, 0.0001294221729040146
2024-02-14 10:36:37 | TRACE   | query_time, 0.00012937188148498535
2024-02-14 10:36:37 | TRACE   | query_time, 0.0001299940049648285
2024-02-14 10:36:37 | TRACE   | query_time, 0.00014610588550567627
2024-02-14 10:36:37 | TRACE   | query_time, 0.00013839639723300934
2024-02-14 10:36:37 | TRACE   | query_time, 0.0001448448747396469
2024-02-14 10:36:37 | TRACE   | query_time, 0.00013044476509094238
2024-02-14 10:36:37 | TRACE   | query_time, 0.00012987107038497925
2024-02-14 10:36:37 | TRACE   | query_time, 0.00012927688658237457
2024-02-14 10:36:37 | TRACE   | query_time, 0.00014496222138404846
2024-02-14 10:36:37 | TRACE   | query_time, 0.00013280846178531647
2024-02-14 10:36:37 | TRACE   | query_time, 0.00013168714940547943
2024-02-14 10:36:37 | TRACE   | query_time, 0.0001456737518310547
2024-02-14 10:36:37 | TRACE   | query_time, 0.000130409374833107
2024-02-14 10:36:37 | TRACE   | query_time, 0.00014508701860904694
2024-02-14 10:36:37 | TRACE   | query_time, 0.00013201870024204254
2024-02-14 10:36:37 | TRACE   | query_time, 0.00013133883476257324
2024-02-14 10:36:37 | TRACE   | query_time, 0.00013051927089691162
2024-02-14 10:36:37 | TRACE   | query_time, 0.0001305714249610901
2024-02-14 10:36:37 | TRACE   | query_time, 0.00014321692287921906
2024-02-14 10:36:37 | TRACE   | query_time, 0.00013009272515773773
2024-02-14 10:36:37 | TRACE   | query_time, 0.0001305006444454193
2024-02-14 10:36:37 | TRACE   | query_time, 0.00015176087617874146
2024-02-14 10:36:37 | TRACE   | query_time, 0.00013248808681964874
2024-02-14 10:36:37 | TRACE   | query_time, 0.00013031065464019775
2024-02-14 10:36:37 | TRACE   | query_time, 0.0001325998455286026
2024-02-14 10:36:37 | TRACE   | query_time, 0.00014659762382507324
2024-02-14 10:36:37 | TRACE   | query_time, 0.00013006292283535004
2024-02-14 10:36:37 | TRACE   | query_time, 0.000130409374833107
2024-02-14 10:36:37 | TRACE   | query_time, 0.0004309229552745819
2024-02-14 10:36:37 | TRACE   | query_time, 0.00046153366565704346
2024-02-14 10:36:37 | TRACE   | query_time, 0.0003996659070253372
2024-02-14 10:36:37 | TRACE   | query_time, 0.0003969985991716385
2024-02-14 10:36:37 | TRACE   | query_time, 0.0004212707281112671
2024-02-14 10:36:37 | TRACE   | query_time, 0.00039406120777130127
2024-02-14 10:36:37 | TRACE   | query_time, 0.0004039742052555084
2024-02-14 10:36:37 | TRACE   | query_time, 0.00039460882544517517
2024-02-14 10:36:37 | TRACE   | query_time, 0.0004069078713655472
2024-02-14 10:36:37 | TRACE   | query_time, 0.0004023835062980652
2024-02-14 10:36:37 | TRACE   | query_time, 0.00040702521800994873
2024-02-14 10:36:37 | TRACE   | query_time, 0.0003898926079273224
2024-02-14 10:36:37 | TRACE   | query_time, 0.00040533579885959625
2024-02-14 10:36:37 | TRACE   | query_time, 0.00040238164365291595
2024-02-14 10:36:37 | TRACE   | query_time, 0.00040754303336143494
2024-02-14 10:36:37 | TRACE   | query_time, 0.0003951340913772583
2024-02-14 10:36:37 | TRACE   | query_time, 0.00040778331458568573
2024-02-14 10:36:37 | TRACE   | query_time, 0.0004045311361551285
2024-02-14 10:36:37 | TRACE   | query_time, 0.000403624027967453
2024-02-14 10:36:37 | TRACE   | query_time, 0.00040284544229507446
2024-02-14 10:36:37 | TRACE   | query_time, 0.0004069153219461441
2024-02-14 10:36:37 | TRACE   | query_time, 0.0003951173275709152
2024-02-14 10:36:37 | TRACE   | query_time, 0.0003942809998989105
2024-02-14 10:36:37 | TRACE   | query_time, 0.00040167756378650665
2024-02-14 10:36:37 | TRACE   | query_time, 0.00039472058415412903
2024-02-14 10:36:37 | TRACE   | query_time, 0.00039340555667877197
2024-02-14 10:36:37 | TRACE   | query_time, 0.00040986016392707825
2024-02-14 10:36:37 | TRACE   | query_time, 0.0004086960107088089
2024-02-14 10:36:37 | TRACE   | query_time, 0.0003913864493370056
2024-02-14 10:36:37 | TRACE   | query_time, 0.0004024375230073929
2024-02-14 10:36:37 | TRACE   | query_time, 0.00039174407720565796
2024-02-14 10:36:37 | TRACE   | query_time, 0.00039270706474781036
2024-02-14 10:36:37 | TRACE   | query_time, 0.0003918725997209549
2024-02-14 10:36:37 | TRACE   | query_time, 0.00041636452078819275
2024-02-14 10:36:37 | TRACE   | query_time, 0.00040322355926036835
2024-02-14 10:36:37 | TRACE   | query_time, 0.00038887374103069305
2024-02-14 10:36:37 | TRACE   | query_time, 0.0004005841910839081
2024-02-14 10:36:37 | TRACE   | query_time, 0.0003974009305238724
2024-02-14 10:36:37 | TRACE   | query_time, 0.0003903433680534363
2024-02-14 10:36:37 | TRACE   | query_time, 0.00040830112993717194
2024-02-14 10:36:37 | TRACE   | query_time, 0.00040641240775585175
2024-02-14 10:36:37 | TRACE   | query_time, 0.00038842111825942993
2024-02-14 10:36:37 | TRACE   | query_time, 0.0003931783139705658
2024-02-14 10:36:37 | TRACE   | query_time, 0.0004030577838420868
2024-02-14 10:36:37 | TRACE   | query_time, 0.0003938712179660797
2024-02-14 10:36:37 | TRACE   | query_time, 0.0004133414477109909
2024-02-14 10:36:37 | TRACE   | query_time, 0.00040395185351371765
2024-02-14 10:36:37 | TRACE   | query_time, 0.00039247237145900726
2024-02-14 10:36:37 | TRACE   | query_time, 0.00040327757596969604
2024-02-14 10:36:37 | TRACE   | query_time, 0.0003888104110956192
2024-02-14 10:36:37 | TRACE   | query_time, 0.00040154531598091125
2024-02-14 10:36:37 | TRACE   | query_time, 0.0003917701542377472
2024-02-14 10:36:37 | TRACE   | query_time, 0.0003924984484910965
2024-02-14 10:36:37 | TRACE   | query_time, 0.0004174318164587021
2024-02-14 10:36:37 | TRACE   | query_time, 0.0003894791007041931
2024-02-14 10:36:37 | TRACE   | query_time, 0.0003890804946422577
2024-02-14 10:36:37 | TRACE   | query_time, 0.0004026610404253006
2024-02-14 10:36:37 | TRACE   | query_time, 0.00039275921881198883
2024-02-14 10:36:37 | TRACE   | query_time, 0.0004031360149383545
2024-02-14 10:36:37 | TRACE   | query_time, 0.00038881227374076843
2024-02-14 10:36:37 | TRACE   | query_time, 0.00040374696254730225
2024-02-14 10:36:37 | TRACE   | query_time, 0.00041569583117961884
2024-02-14 10:36:37 | TRACE   | query_time, 0.000430133193731308
2024-02-14 10:36:37 | TRACE   | query_time, 0.0004081893712282181
2024-02-14 10:36:37 | TRACE   | query_time, 0.0004246663302183151
2024-02-14 10:36:37 | TRACE   | query_time, 0.0004608985036611557
2024-02-14 10:36:37 | TRACE   | query_time, 0.0004084724932909012
2024-02-14 10:36:37 | TRACE   | query_time, 0.0003902185708284378
2024-02-14 10:36:37 | TRACE   | query_time, 0.00039234571158885956
2024-02-14 10:36:37 | TRACE   | query_time, 0.00041174888610839844
2024-02-14 10:36:37 | TRACE   | query_time, 0.00039345957338809967
2024-02-14 10:36:37 | TRACE   | query_time, 0.000401914119720459
2024-02-14 10:36:37 | TRACE   | query_time, 0.00040345825254917145
2024-02-14 10:36:37 | TRACE   | query_time, 0.00040168873965740204
2024-02-14 10:36:37 | TRACE   | query_time, 0.00038892030715942383
2024-02-14 10:36:37 | TRACE   | query_time, 0.00038984790444374084
2024-02-14 10:36:37 | TRACE   | query_time, 0.00040487758815288544
2024-02-14 10:36:37 | TRACE   | query_time, 0.0003999844193458557
2024-02-14 10:36:37 | TRACE   | query_time, 0.00040110014379024506
2024-02-14 10:36:37 | TRACE   | query_time, 0.0004013199359178543
2024-02-14 10:36:37 | TRACE   | query_time, 0.00038993172347545624
2024-02-14 10:36:37 | TRACE   | query_time, 0.0004113391041755676
2024-02-14 10:36:37 | TRACE   | query_time, 0.00045706145465373993
2024-02-14 10:36:37 | TRACE   | query_time, 0.0004043169319629669
2024-02-14 10:36:37 | TRACE   | query_time, 0.0004055742174386978
2024-02-14 10:36:37 | TRACE   | query_time, 0.00039736926555633545
2024-02-14 10:36:37 | TRACE   | query_time, 0.00040754489600658417
2024-02-14 10:36:37 | TRACE   | query_time, 0.0004017408937215805
2024-02-14 10:36:37 | TRACE   | query_time, 0.0004065074026584625
2024-02-14 10:36:37 | TRACE   | query_time, 0.0003900062292814255
2024-02-14 10:36:37 | TRACE   | query_time, 0.00040131621062755585
2024-02-14 10:36:37 | TRACE   | query_time, 0.0004091411828994751
2024-02-14 10:36:37 | TRACE   | query_time, 0.00040266476571559906
2024-02-14 10:36:37 | TRACE   | query_time, 0.00040544383227825165
2024-02-14 10:36:37 | TRACE   | query_time, 0.0004541222006082535
2024-02-14 10:36:37 | TRACE   | query_time, 0.0004053078591823578
2024-02-14 10:36:37 | TRACE   | query_time, 0.0004509948194026947
2024-02-14 10:36:37 | TRACE   | query_time, 0.0004054531455039978
2024-02-14 10:36:37 | TRACE   | query_time, 0.0003865528851747513
2024-02-14 10:36:37 | TRACE   | query_time, 0.0003912597894668579
2024-02-14 10:36:37 | TRACE   | query_time, 0.00039212778210639954
2024-02-14 10:36:37 | TRACE   | query_time, 0.00038789771497249603
2024-02-14 10:36:37 | TRACE   | query_time, 0.00039008818566799164
2024-02-14 10:36:37 | TRACE   | query_time, 0.0004010424017906189
2024-02-14 10:36:37 | TRACE   | query_time, 0.0003910791128873825
2024-02-14 10:36:37 | TRACE   | query_time, 0.00038847699761390686
2024-02-14 10:36:37 | TRACE   | query_time, 0.00040046311914920807
2024-02-14 10:36:37 | TRACE   | query_time, 0.0004021059721708298
2024-02-14 10:36:37 | TRACE   | query_time, 0.0004016514867544174
2024-02-14 10:36:37 | TRACE   | query_time, 0.00040833838284015656
2024-02-14 10:36:37 | TRACE   | query_time, 0.00039853155612945557
2024-02-14 10:36:37 | TRACE   | query_time, 0.00045510195195674896
2024-02-14 10:36:37 | TRACE   | query_time, 0.000450674444437027
2024-02-14 10:36:37 | TRACE   | query_time, 0.00039469078183174133
2024-02-14 10:36:37 | TRACE   | query_time, 0.0004052650183439255
2024-02-14 10:36:37 | TRACE   | query_time, 0.00040463730692863464
2024-02-14 10:36:37 | TRACE   | query_time, 0.0004027634859085083
2024-02-14 10:36:37 | TRACE   | query_time, 0.0003909040242433548
2024-02-14 10:36:37 | TRACE   | query_time, 0.0003900211304426193
2024-02-14 10:36:37 | TRACE   | query_time, 0.0004030708223581314
2024-02-14 10:36:37 | TRACE   | query_time, 0.00039124488830566406
2024-02-14 10:36:37 | TRACE   | query_time, 0.0004241354763507843
2024-02-14 10:36:37 | TRACE   | query_time, 0.0004008319228887558
2024-02-14 10:36:37 | TRACE   | query_time, 0.0004064701497554779
2024-02-14 10:36:37 | TRACE   | query_time, 0.0003919675946235657
2024-02-14 10:36:37 | TRACE   | query_time, 0.00042873993515968323
2024-02-14 10:36:37 | TRACE   | query_time, 0.00042754970490932465
2024-02-14 10:36:37 | TRACE   | query_time, 0.00042116083204746246
2024-02-14 10:36:37 | TRACE   | query_time, 0.0004192367196083069
2024-02-14 10:36:37 | TRACE   | query_time, 0.0004322268068790436
2024-02-14 10:36:37 | TRACE   | query_time, 0.0004195068031549454
2024-02-14 10:36:37 | TRACE   | query_time, 0.00041590072214603424
2024-02-14 10:36:37 | TRACE   | query_time, 0.0004300195723772049
2024-02-14 10:36:37 | TRACE   | query_time, 0.0004380475729703903
2024-02-14 10:36:37 | TRACE   | query_time, 0.0004622042179107666
2024-02-14 10:36:37 | TRACE   | query_time, 0.0004280209541320801
2024-02-14 10:36:37 | TRACE   | query_time, 0.0004177149385213852
2024-02-14 10:36:37 | TRACE   | query_time, 0.0004328824579715729
2024-02-14 10:36:37 | TRACE   | query_time, 0.00041940994560718536
2024-02-14 10:36:37 | TRACE   | query_time, 0.00043183937668800354
2024-02-14 10:36:37 | TRACE   | query_time, 0.00042849406599998474
2024-02-14 10:36:37 | TRACE   | query_time, 0.00043899938464164734
2024-02-14 10:36:37 | TRACE   | query_time, 0.0004183705896139145
2024-02-14 10:36:37 | TRACE   | query_time, 0.00042777881026268005
2024-02-14 10:36:37 | TRACE   | query_time, 0.00043165870010852814
2024-02-14 10:36:37 | TRACE   | query_time, 0.0004224516451358795
2024-02-14 10:36:37 | TRACE   | query_time, 0.00043284520506858826
2024-02-14 10:36:37 | TRACE   | query_time, 0.00043332576751708984
2024-02-14 10:36:37 | TRACE   | query_time, 0.0004181712865829468
2024-02-14 10:36:37 | TRACE   | query_time, 0.0004518963396549225
2024-02-14 10:36:37 | TRACE   | query_time, 0.0004643835127353668
2024-02-14 10:36:37 | TRACE   | query_time, 0.0004314091056585312
2024-02-14 10:36:37 | TRACE   | query_time, 0.00042112916707992554
2024-02-14 10:36:37 | TRACE   | query_time, 0.0004209280014038086
2024-02-14 10:36:37 | TRACE   | query_time, 0.0004309210926294327
2024-02-14 10:36:37 | TRACE   | query_time, 0.0004191882908344269
2024-02-14 10:36:37 | TRACE   | query_time, 0.00043730810284614563
2024-02-14 10:36:37 | TRACE   | query_time, 0.00043921172618865967
2024-02-14 10:36:37 | TRACE   | query_time, 0.0004269015043973923
2024-02-14 10:36:37 | TRACE   | query_time, 0.00046388618648052216
2024-02-14 10:36:37 | TRACE   | query_time, 0.0004186183214187622
2024-02-14 10:36:37 | TRACE   | query_time, 0.00041877664625644684
2024-02-14 10:36:37 | TRACE   | query_time, 0.00042107515037059784
2024-02-14 10:36:37 | TRACE   | query_time, 0.00043069757521152496
2024-02-14 10:36:37 | TRACE   | query_time, 0.00044117309153079987
2024-02-14 10:36:37 | TRACE   | query_time, 0.0004172995686531067
2024-02-14 10:36:37 | TRACE   | query_time, 0.000415850430727005
2024-02-14 10:36:37 | TRACE   | query_time, 0.0004180055111646652
2024-02-14 10:36:37 | TRACE   | query_time, 0.0004331562668085098
2024-02-14 10:36:37 | TRACE   | query_time, 0.0004637874662876129
2024-02-14 10:36:37 | TRACE   | query_time, 0.0004149787127971649
2024-02-14 10:36:37 | TRACE   | query_time, 0.0004336312413215637
2024-02-14 10:36:37 | TRACE   | query_time, 0.0004286915063858032
2024-02-14 10:36:37 | TRACE   | query_time, 0.0004325881600379944
2024-02-14 10:36:37 | TRACE   | query_time, 0.00042427144944667816
2024-02-14 10:36:37 | TRACE   | query_time, 0.00043229758739471436
2024-02-14 10:36:37 | TRACE   | query_time, 0.0004173293709754944
2024-02-14 10:36:37 | TRACE   | query_time, 0.00043022073805332184
2024-02-14 10:36:37 | TRACE   | query_time, 0.000458352267742157
2024-02-14 10:36:37 | TRACE   | query_time, 0.00043505243957042694
2024-02-14 10:36:37 | TRACE   | query_time, 0.0004302561283111572
2024-02-14 10:36:37 | TRACE   | query_time, 0.00043034739792346954
2024-02-14 10:36:37 | TRACE   | query_time, 0.0004185885190963745
2024-02-14 10:36:37 | TRACE   | query_time, 0.00041738152503967285
2024-02-14 10:36:37 | TRACE   | query_time, 0.0004302710294723511
2024-02-14 10:36:37 | TRACE   | query_time, 0.0004163384437561035
2024-02-14 10:36:37 | TRACE   | query_time, 0.00042567215859889984
2024-02-14 10:36:37 | TRACE   | query_time, 0.00043381936848163605
2024-02-14 10:36:37 | TRACE   | query_time, 0.0004302375018596649
2024-02-14 10:36:37 | TRACE   | query_time, 0.000432431697845459
2024-02-14 10:36:37 | TRACE   | query_time, 0.0004306081682443619
2024-02-14 10:36:37 | TRACE   | query_time, 0.00042222999036312103
2024-02-14 10:36:37 | TRACE   | query_time, 0.0004169140011072159
2024-02-14 10:36:37 | TRACE   | query_time, 0.0004179012030363083
2024-02-14 10:36:37 | TRACE   | query_time, 0.00043254345655441284
2024-02-14 10:36:37 | TRACE   | query_time, 0.00044539570808410645
2024-02-14 10:36:37 | TRACE   | query_time, 0.0004155244678258896
2024-02-14 10:36:37 | TRACE   | query_time, 0.00041358545422554016
2024-02-14 10:36:37 | TRACE   | query_time, 0.0004287082701921463
2024-02-14 10:36:37 | TRACE   | query_time, 0.00042836926877498627
2024-02-14 10:36:37 | TRACE   | query_time, 0.0004405807703733444
2024-02-14 10:36:37 | TRACE   | query_time, 0.0004356633871793747
2024-02-14 10:36:37 | TRACE   | query_time, 0.00042878277599811554
2024-02-14 10:36:37 | TRACE   | query_time, 0.0004292856901884079
2024-02-14 10:36:37 | TRACE   | query_time, 0.00043191947042942047
2024-02-14 10:36:37 | TRACE   | query_time, 0.00043883733451366425
2024-02-14 10:36:37 | TRACE   | query_time, 0.0004146210849285126
2024-02-14 10:36:37 | TRACE   | query_time, 0.0004325713962316513
2024-02-14 10:36:37 | TRACE   | query_time, 0.0004339441657066345
2024-02-14 10:36:37 | TRACE   | query_time, 0.0004658438265323639
2024-02-14 10:36:37 | TRACE   | query_time, 0.0004362352192401886
2024-02-14 10:36:37 | TRACE   | query_time, 0.0004188716411590576
2024-02-14 10:36:37 | TRACE   | query_time, 0.0005359780043363571
2024-02-14 10:36:37 | TRACE   | query_time, 0.00041840411722660065
2024-02-14 10:36:37 | TRACE   | query_time, 0.0004327930510044098
2024-02-14 10:36:37 | TRACE   | query_time, 0.00042722187936306
2024-02-14 10:36:37 | TRACE   | query_time, 0.0004222225397825241
2024-02-14 10:36:37 | TRACE   | query_time, 0.0004332102835178375
2024-02-14 10:36:37 | TRACE   | query_time, 0.0004299487918615341
2024-02-14 10:36:37 | TRACE   | query_time, 0.0004668794572353363
2024-02-14 10:36:37 | TRACE   | query_time, 0.0004335884004831314
2024-02-14 10:36:37 | TRACE   | query_time, 0.000433359295129776
2024-02-14 10:36:37 | TRACE   | query_time, 0.0004192329943180084
2024-02-14 10:36:37 | TRACE   | query_time, 0.00043020397424697876
2024-02-14 10:36:37 | TRACE   | query_time, 0.0004314649850130081
2024-02-14 10:36:37 | TRACE   | query_time, 0.0004499591886997223
2024-02-14 10:36:37 | TRACE   | query_time, 0.00045840442180633545
2024-02-14 10:36:37 | TRACE   | query_time, 0.00041642971336841583
2024-02-14 10:36:37 | TRACE   | query_time, 0.0004281550645828247
2024-02-14 10:36:37 | TRACE   | query_time, 0.00042055919766426086
2024-02-14 10:36:37 | TRACE   | query_time, 0.00043137744069099426
2024-02-14 10:36:37 | TRACE   | query_time, 0.00042141973972320557
2024-02-14 10:36:37 | TRACE   | query_time, 0.00041998177766799927
2024-02-14 10:36:37 | TRACE   | query_time, 0.00043489038944244385
2024-02-14 10:36:37 | TRACE   | query_time, 0.00041467882692813873
2024-02-14 10:36:37 | TRACE   | query_time, 0.0004203096032142639
2024-02-14 10:36:37 | TRACE   | query_time, 0.0004202369600534439
2024-02-14 10:36:37 | TRACE   | query_time, 0.0004321448504924774
2024-02-14 10:36:37 | TRACE   | query_time, 0.0004177764058113098
2024-02-14 10:36:37 | TRACE   | query_time, 0.00043346360325813293
2024-02-14 10:36:37 | TRACE   | query_time, 0.00042884424328804016
2024-02-14 10:36:37 | TRACE   | query_time, 0.00042705610394477844
2024-02-14 10:36:37 | TRACE   | query_time, 0.0004299655556678772
2024-02-14 10:36:37 | TRACE   | query_time, 0.0004197563976049423
2024-02-14 10:36:37 | TRACE   | query_time, 0.00043061934411525726
2024-02-14 10:36:37 | TRACE   | query_time, 0.0004157852381467819
2024-02-14 10:36:37 | TRACE   | query_time, 0.00041498057544231415
2024-02-14 10:36:37 | TRACE   | query_time, 0.00041894055902957916
2024-02-14 10:36:37 | TRACE   | query_time, 0.0004207175225019455
2024-02-14 10:36:37 | TRACE   | query_time, 0.0004324931651353836
2024-02-14 10:36:37 | TRACE   | query_time, 0.0004301276057958603
2024-02-14 10:36:37 | TRACE   | query_time, 0.000434093177318573
2024-02-14 10:36:37 | TRACE   | query_time, 0.000419076532125473
2024-02-14 10:36:37 | TRACE   | query_time, 0.00041883066296577454
2024-02-14 10:36:37 | TRACE   | query_time, 0.00043033063411712646
