2024-02-14 10:44:30 | DEBUG   | {'input': PosixPath('data/open_data_usa/indices/microbenchmarks/rebinning-k700.zst'), 'input_type': 'index', 'queries': PosixPath('data/open_data_usa/queries/microbenchmarks.zst'), 'estimation_mode': None, 'index_mode': 'recall', 'output': None, 'workers': None, 'frequency_hists': False, 'suppress_results': False, 'log_level': 'INFO', 'log_file': PosixPath('logs/microbenchmarks/runtime/open_data_usa-rebinning-k700-single-4.log')}
2024-02-14 10:44:30 | DEBUG   | Loading input data from data/open_data_usa/indices/microbenchmarks/rebinning-k700.zst
2024-02-14 10:44:30 | DEBUG   | Loading queries from data/open_data_usa/queries/microbenchmarks.zst
2024-02-14 10:44:30 | TRACE   | bootstrap_time, 0.13059599325060844
2024-02-14 10:44:30 | DEBUG   | Starting execution
2024-02-14 10:44:30 | TRACE   | query_time, 0.0014471076428890228
2024-02-14 10:44:30 | TRACE   | query_time, 0.0010019242763519287
2024-02-14 10:44:30 | TRACE   | query_time, 0.0009740293025970459
2024-02-14 10:44:30 | TRACE   | query_time, 0.0009392648935317993
2024-02-14 10:44:30 | TRACE   | query_time, 0.0008873101323843002
2024-02-14 10:44:30 | TRACE   | query_time, 0.0009318329393863678
2024-02-14 10:44:30 | TRACE   | query_time, 0.001271141692996025
2024-02-14 10:44:30 | TRACE   | query_time, 0.0009317249059677124
2024-02-14 10:44:30 | TRACE   | query_time, 0.0009001903235912323
2024-02-14 10:44:30 | TRACE   | query_time, 0.0011034011840820312
2024-02-14 10:44:30 | TRACE   | query_time, 0.0009231008589267731
2024-02-14 10:44:30 | TRACE   | query_time, 0.0009339656680822372
2024-02-14 10:44:30 | TRACE   | query_time, 0.0009409114718437195
2024-02-14 10:44:30 | TRACE   | query_time, 0.0010324995964765549
2024-02-14 10:44:30 | TRACE   | query_time, 0.0009164717048406601
2024-02-14 10:44:30 | TRACE   | query_time, 0.0008927676826715469
2024-02-14 10:44:30 | TRACE   | query_time, 0.0009575188159942627
2024-02-14 10:44:30 | TRACE   | query_time, 0.0009268168359994888
2024-02-14 10:44:30 | TRACE   | query_time, 0.0009158086031675339
2024-02-14 10:44:30 | TRACE   | query_time, 0.0009425003081560135
2024-02-14 10:44:30 | TRACE   | query_time, 0.0011684857308864594
2024-02-14 10:44:30 | TRACE   | query_time, 0.0009144861251115799
2024-02-14 10:44:30 | TRACE   | query_time, 0.0009281598031520844
2024-02-14 10:44:30 | TRACE   | query_time, 0.0009192377328872681
2024-02-14 10:44:30 | TRACE   | query_time, 0.0008982028812170029
2024-02-14 10:44:30 | TRACE   | query_time, 0.000920712947845459
2024-02-14 10:44:30 | TRACE   | query_time, 0.0009157918393611908
2024-02-14 10:44:30 | TRACE   | query_time, 0.0010750778019428253
2024-02-14 10:44:30 | TRACE   | query_time, 0.0009250324219465256
2024-02-14 10:44:30 | TRACE   | query_time, 0.000904986634850502
2024-02-14 10:44:30 | TRACE   | query_time, 0.0012812316417694092
2024-02-14 10:44:30 | TRACE   | query_time, 0.0009642131626605988
2024-02-14 10:44:30 | TRACE   | query_time, 0.0009830482304096222
2024-02-14 10:44:30 | TRACE   | query_time, 0.0009350981563329697
2024-02-14 10:44:30 | TRACE   | query_time, 0.0009629819542169571
2024-02-14 10:44:30 | TRACE   | query_time, 0.0009381342679262161
2024-02-14 10:44:30 | TRACE   | query_time, 0.0009000059217214584
2024-02-14 10:44:30 | TRACE   | query_time, 0.0012783817946910858
2024-02-14 10:44:30 | TRACE   | query_time, 0.0009355135262012482
2024-02-14 10:44:30 | TRACE   | query_time, 0.001186540350317955
2024-02-14 10:44:30 | TRACE   | query_time, 0.0009066052734851837
2024-02-14 10:44:30 | TRACE   | query_time, 0.0012138951569795609
2024-02-14 10:44:30 | TRACE   | query_time, 0.0009545516222715378
2024-02-14 10:44:30 | TRACE   | query_time, 0.001170264557003975
2024-02-14 10:44:30 | TRACE   | query_time, 0.0009359344840049744
2024-02-14 10:44:30 | TRACE   | query_time, 0.0009428318589925766
2024-02-14 10:44:30 | TRACE   | query_time, 0.0009948816150426865
2024-02-14 10:44:30 | TRACE   | query_time, 0.0009866245090961456
2024-02-14 10:44:30 | TRACE   | query_time, 0.0009160116314888
2024-02-14 10:44:30 | TRACE   | query_time, 0.0009083263576030731
2024-02-14 10:44:30 | TRACE   | query_time, 0.0012712515890598297
2024-02-14 10:44:30 | TRACE   | query_time, 0.000906478613615036
2024-02-14 10:44:30 | TRACE   | query_time, 0.0012267548590898514
2024-02-14 10:44:30 | TRACE   | query_time, 0.000891469419002533
2024-02-14 10:44:30 | TRACE   | query_time, 0.0009090546518564224
2024-02-14 10:44:30 | TRACE   | query_time, 0.0010561030358076096
2024-02-14 10:44:30 | TRACE   | query_time, 0.0009079258888959885
2024-02-14 10:44:30 | TRACE   | query_time, 0.0008835736662149429
2024-02-14 10:44:30 | TRACE   | query_time, 0.0009221155196428299
2024-02-14 10:44:30 | TRACE   | query_time, 0.0008834302425384521
2024-02-14 10:44:30 | TRACE   | query_time, 0.0009080488234758377
2024-02-14 10:44:30 | TRACE   | query_time, 0.000898534432053566
2024-02-14 10:44:30 | TRACE   | query_time, 0.0012789685279130936
2024-02-14 10:44:30 | TRACE   | query_time, 0.0008941367268562317
2024-02-14 10:44:30 | TRACE   | query_time, 0.0009139999747276306
2024-02-14 10:44:30 | TRACE   | query_time, 0.000896671786904335
2024-02-14 10:44:30 | TRACE   | query_time, 0.0009301658719778061
2024-02-14 10:44:30 | TRACE   | query_time, 0.0008985046297311783
2024-02-14 10:44:30 | TRACE   | query_time, 0.0008868575096130371
2024-02-14 10:44:30 | TRACE   | query_time, 0.0009095016866922379
2024-02-14 10:44:30 | TRACE   | query_time, 0.0009094160050153732
2024-02-14 10:44:30 | TRACE   | query_time, 0.0008659809827804565
2024-02-14 10:44:30 | TRACE   | query_time, 0.0009024161845445633
2024-02-14 10:44:30 | TRACE   | query_time, 0.0009138714522123337
2024-02-14 10:44:30 | TRACE   | query_time, 0.0010459627956151962
2024-02-14 10:44:30 | TRACE   | query_time, 0.0008990690112113953
2024-02-14 10:44:30 | TRACE   | query_time, 0.000895477831363678
2024-02-14 10:44:30 | TRACE   | query_time, 0.0009237192571163177
2024-02-14 10:44:30 | TRACE   | query_time, 0.0009125135838985443
2024-02-14 10:44:30 | TRACE   | query_time, 0.0008936747908592224
2024-02-14 10:44:30 | TRACE   | query_time, 0.0009047873318195343
2024-02-14 10:44:30 | TRACE   | query_time, 0.0009213052690029144
2024-02-14 10:44:30 | TRACE   | query_time, 0.0009057018905878067
2024-02-14 10:44:30 | TRACE   | query_time, 0.0012142732739448547
2024-02-14 10:44:30 | TRACE   | query_time, 0.0008782241493463516
2024-02-14 10:44:30 | TRACE   | query_time, 0.0010065101087093353
2024-02-14 10:44:30 | TRACE   | query_time, 0.0009242333471775055
2024-02-14 10:44:30 | TRACE   | query_time, 0.0009012836962938309
2024-02-14 10:44:30 | TRACE   | query_time, 0.0009340792894363403
2024-02-14 10:44:30 | TRACE   | query_time, 0.0009182970970869064
2024-02-14 10:44:30 | TRACE   | query_time, 0.0012140516191720963
2024-02-14 10:44:30 | TRACE   | query_time, 0.0008905008435249329
2024-02-14 10:44:30 | TRACE   | query_time, 0.0009036026895046234
2024-02-14 10:44:30 | TRACE   | query_time, 0.0009053796529769897
2024-02-14 10:44:30 | TRACE   | query_time, 0.0008942596614360809
2024-02-14 10:44:30 | TRACE   | query_time, 0.0009049903601408005
2024-02-14 10:44:30 | TRACE   | query_time, 0.0008852370083332062
2024-02-14 10:44:30 | TRACE   | query_time, 0.0008722562342882156
2024-02-14 10:44:30 | TRACE   | query_time, 0.0008959397673606873
2024-02-14 10:44:30 | TRACE   | query_time, 0.0008719991892576218
2024-02-14 10:44:30 | TRACE   | query_time, 0.0012505296617746353
2024-02-14 10:44:30 | TRACE   | query_time, 0.0009414684027433395
2024-02-14 10:44:30 | TRACE   | query_time, 0.0009086597710847855
2024-02-14 10:44:30 | TRACE   | query_time, 0.0008994080126285553
2024-02-14 10:44:30 | TRACE   | query_time, 0.0008911918848752975
2024-02-14 10:44:30 | TRACE   | query_time, 0.0008901879191398621
2024-02-14 10:44:30 | TRACE   | query_time, 0.0009014159440994263
2024-02-14 10:44:30 | TRACE   | query_time, 0.0009142011404037476
2024-02-14 10:44:30 | TRACE   | query_time, 0.000883759930729866
2024-02-14 10:44:30 | TRACE   | query_time, 0.0008874721825122833
2024-02-14 10:44:30 | TRACE   | query_time, 0.0008638910949230194
2024-02-14 10:44:30 | TRACE   | query_time, 0.0008925721049308777
2024-02-14 10:44:30 | TRACE   | query_time, 0.0012289732694625854
2024-02-14 10:44:30 | TRACE   | query_time, 0.0008853655308485031
2024-02-14 10:44:30 | TRACE   | query_time, 0.0008950084447860718
2024-02-14 10:44:30 | TRACE   | query_time, 0.0010330285876989365
2024-02-14 10:44:30 | TRACE   | query_time, 0.0012557003647089005
2024-02-14 10:44:30 | TRACE   | query_time, 0.0008674841374158859
2024-02-14 10:44:30 | TRACE   | query_time, 0.0008949041366577148
2024-02-14 10:44:30 | TRACE   | query_time, 0.0012448783963918686
2024-02-14 10:44:30 | TRACE   | query_time, 0.0008855648338794708
2024-02-14 10:44:30 | TRACE   | query_time, 0.000906793400645256
2024-02-14 10:44:30 | TRACE   | query_time, 0.0009485073387622833
2024-02-14 10:44:30 | TRACE   | query_time, 0.0009035244584083557
2024-02-14 10:44:30 | TRACE   | query_time, 0.0009086299687623978
2024-02-14 10:44:30 | TRACE   | query_time, 0.0009125135838985443
2024-02-14 10:44:30 | TRACE   | query_time, 0.0008867308497428894
2024-02-14 10:44:30 | TRACE   | query_time, 0.0008754003793001175
2024-02-14 10:44:30 | TRACE   | query_time, 0.0008616801351308823
2024-02-14 10:44:30 | TRACE   | query_time, 0.0009458772838115692
2024-02-14 10:44:30 | TRACE   | query_time, 0.0009377505630254745
2024-02-14 10:44:30 | TRACE   | query_time, 0.0009043682366609573
2024-02-14 10:44:30 | TRACE   | query_time, 0.0008806958794593811
2024-02-14 10:44:30 | TRACE   | query_time, 0.0008960776031017303
2024-02-14 10:44:30 | TRACE   | query_time, 0.0009221881628036499
2024-02-14 10:44:30 | TRACE   | query_time, 0.0012205466628074646
2024-02-14 10:44:30 | TRACE   | query_time, 0.0008918233215808868
2024-02-14 10:44:30 | TRACE   | query_time, 0.0009141229093074799
2024-02-14 10:44:30 | TRACE   | query_time, 0.0009151585400104523
2024-02-14 10:44:30 | TRACE   | query_time, 0.0010337252169847488
2024-02-14 10:44:30 | TRACE   | query_time, 0.0008873697370290756
2024-02-14 10:44:30 | TRACE   | query_time, 0.0008880980312824249
2024-02-14 10:44:30 | TRACE   | query_time, 0.0009086597710847855
2024-02-14 10:44:30 | TRACE   | query_time, 0.0008889883756637573
2024-02-14 10:44:30 | TRACE   | query_time, 0.0012501589953899384
2024-02-14 10:44:30 | TRACE   | query_time, 0.0008903592824935913
2024-02-14 10:44:30 | TRACE   | query_time, 0.0012600217014551163
2024-02-14 10:44:30 | TRACE   | query_time, 0.0008750446140766144
2024-02-14 10:44:30 | TRACE   | query_time, 0.0008908975869417191
2024-02-14 10:44:30 | TRACE   | query_time, 0.000863322988152504
2024-02-14 10:44:30 | TRACE   | query_time, 0.0011234879493713379
2024-02-14 10:44:30 | TRACE   | query_time, 0.0012601204216480255
2024-02-14 10:44:30 | TRACE   | query_time, 0.0008767843246459961
2024-02-14 10:44:30 | TRACE   | query_time, 0.0009311474859714508
2024-02-14 10:44:30 | TRACE   | query_time, 0.0008858311921358109
2024-02-14 10:44:30 | TRACE   | query_time, 0.0009234882891178131
2024-02-14 10:44:30 | TRACE   | query_time, 0.0009037964046001434
2024-02-14 10:44:30 | TRACE   | query_time, 0.00103740394115448
2024-02-14 10:44:30 | TRACE   | query_time, 0.0009070243686437607
2024-02-14 10:44:30 | TRACE   | query_time, 0.0008873473852872849
2024-02-14 10:44:30 | TRACE   | query_time, 0.0008705910295248032
2024-02-14 10:44:30 | TRACE   | query_time, 0.0012681800872087479
2024-02-14 10:44:30 | TRACE   | query_time, 0.0008932165801525116
2024-02-14 10:44:30 | TRACE   | query_time, 0.0012768339365720749
2024-02-14 10:44:30 | TRACE   | query_time, 0.0008878465741872787
2024-02-14 10:44:30 | TRACE   | query_time, 0.0009522698819637299
2024-02-14 10:44:30 | TRACE   | query_time, 0.0009308494627475739
2024-02-14 10:44:30 | TRACE   | query_time, 0.0008839257061481476
2024-02-14 10:44:30 | TRACE   | query_time, 0.0008922964334487915
2024-02-14 10:44:30 | TRACE   | query_time, 0.0011107157915830612
2024-02-14 10:44:30 | TRACE   | query_time, 0.0009042900055646896
2024-02-14 10:44:30 | TRACE   | query_time, 0.0008956864476203918
2024-02-14 10:44:30 | TRACE   | query_time, 0.0008599758148193359
2024-02-14 10:44:30 | TRACE   | query_time, 0.0009462311863899231
2024-02-14 10:44:30 | TRACE   | query_time, 0.0009199120104312897
2024-02-14 10:44:30 | TRACE   | query_time, 0.0008830167353153229
2024-02-14 10:44:30 | TRACE   | query_time, 0.0009021274745464325
2024-02-14 10:44:30 | TRACE   | query_time, 0.0008828248828649521
2024-02-14 10:44:30 | TRACE   | query_time, 0.0008775182068347931
2024-02-14 10:44:30 | TRACE   | query_time, 0.000896187499165535
2024-02-14 10:44:30 | TRACE   | query_time, 0.0009356234222650528
2024-02-14 10:44:30 | TRACE   | query_time, 0.0008781366050243378
2024-02-14 10:44:30 | TRACE   | query_time, 0.001026967540383339
2024-02-14 10:44:30 | TRACE   | query_time, 0.0008812360465526581
2024-02-14 10:44:30 | TRACE   | query_time, 0.0008860547095537186
2024-02-14 10:44:30 | TRACE   | query_time, 0.0008774623274803162
2024-02-14 10:44:30 | TRACE   | query_time, 0.0012505482882261276
2024-02-14 10:44:30 | TRACE   | query_time, 0.0009594559669494629
2024-02-14 10:44:30 | TRACE   | query_time, 0.0009109918028116226
2024-02-14 10:44:30 | TRACE   | query_time, 0.0009333360940217972
2024-02-14 10:44:30 | TRACE   | query_time, 0.0012608151882886887
2024-02-14 10:44:30 | TRACE   | query_time, 0.0008691791445016861
2024-02-14 10:44:30 | TRACE   | query_time, 0.0008900929242372513
2024-02-14 10:44:30 | TRACE   | query_time, 0.0008540078997612
2024-02-14 10:44:30 | TRACE   | query_time, 0.0008879490196704865
2024-02-14 10:44:30 | TRACE   | query_time, 0.0012588370591402054
2024-02-14 10:44:30 | TRACE   | query_time, 0.0008651930838823318
2024-02-14 10:44:30 | TRACE   | query_time, 0.0009285826236009598
2024-02-14 10:44:30 | TRACE   | query_time, 0.000875251367688179
2024-02-14 10:44:30 | TRACE   | query_time, 0.0008834432810544968
2024-02-14 10:44:30 | TRACE   | query_time, 0.0008929166942834854
2024-02-14 10:44:30 | TRACE   | query_time, 0.0010325442999601364
2024-02-14 10:44:30 | TRACE   | query_time, 0.0009155198931694031
2024-02-14 10:44:30 | TRACE   | query_time, 0.0008995905518531799
2024-02-14 10:44:30 | TRACE   | query_time, 0.0008857510983943939
2024-02-14 10:44:30 | TRACE   | query_time, 0.0010646004229784012
2024-02-14 10:44:30 | TRACE   | query_time, 0.0009256955236196518
2024-02-14 10:44:30 | TRACE   | query_time, 0.0010287873446941376
2024-02-14 10:44:30 | TRACE   | query_time, 0.0008702203631401062
2024-02-14 10:44:30 | TRACE   | query_time, 0.0009098760783672333
2024-02-14 10:44:30 | TRACE   | query_time, 0.0012585893273353577
2024-02-14 10:44:30 | TRACE   | query_time, 0.0009375903755426407
2024-02-14 10:44:30 | TRACE   | query_time, 0.0009040627628564835
2024-02-14 10:44:30 | TRACE   | query_time, 0.0008829329162836075
2024-02-14 10:44:30 | TRACE   | query_time, 0.0008603949099779129
2024-02-14 10:44:30 | TRACE   | query_time, 0.0008853357285261154
2024-02-14 10:44:30 | TRACE   | query_time, 0.0012685563415288925
2024-02-14 10:44:30 | TRACE   | query_time, 0.0008798558264970779
2024-02-14 10:44:30 | TRACE   | query_time, 0.0009395051747560501
2024-02-14 10:44:30 | TRACE   | query_time, 0.0008846726268529892
2024-02-14 10:44:30 | TRACE   | query_time, 0.0008611418306827545
2024-02-14 10:44:30 | TRACE   | query_time, 0.0008926689624786377
2024-02-14 10:44:30 | TRACE   | query_time, 0.0009082034230232239
2024-02-14 10:44:30 | TRACE   | query_time, 0.0008567720651626587
2024-02-14 10:44:30 | TRACE   | query_time, 0.0010952800512313843
2024-02-14 10:44:30 | TRACE   | query_time, 0.0008808542042970657
2024-02-14 10:44:30 | TRACE   | query_time, 0.000918051227927208
2024-02-14 10:44:30 | TRACE   | query_time, 0.0008834321051836014
2024-02-14 10:44:30 | TRACE   | query_time, 0.0009042080491781235
2024-02-14 10:44:30 | TRACE   | query_time, 0.000869259238243103
2024-02-14 10:44:30 | TRACE   | query_time, 0.0010222848504781723
2024-02-14 10:44:30 | TRACE   | query_time, 0.0008852537721395493
2024-02-14 10:44:30 | TRACE   | query_time, 0.0010169129818677902
2024-02-14 10:44:30 | TRACE   | query_time, 0.0008842628449201584
2024-02-14 10:44:30 | TRACE   | query_time, 0.0012521632015705109
2024-02-14 10:44:30 | TRACE   | query_time, 0.0008573569357395172
2024-02-14 10:44:30 | TRACE   | query_time, 0.0008443836122751236
2024-02-14 10:44:30 | TRACE   | query_time, 0.0008692275732755661
2024-02-14 10:44:30 | TRACE   | query_time, 0.0008928291499614716
2024-02-14 10:44:30 | TRACE   | query_time, 0.0008860547095537186
2024-02-14 10:44:30 | TRACE   | query_time, 0.0008763987571001053
2024-02-14 10:44:30 | TRACE   | query_time, 0.0008984822779893875
2024-02-14 10:44:30 | TRACE   | query_time, 0.0008822120726108551
2024-02-14 10:44:30 | TRACE   | query_time, 0.0008748825639486313
2024-02-14 10:44:30 | TRACE   | query_time, 0.001119786873459816
2024-02-14 10:44:30 | TRACE   | query_time, 0.0008816942572593689
2024-02-14 10:44:30 | TRACE   | query_time, 0.0008933134377002716
2024-02-14 10:44:30 | TRACE   | query_time, 0.0008711330592632294
2024-02-14 10:44:30 | TRACE   | query_time, 0.0008654743432998657
2024-02-14 10:44:30 | TRACE   | query_time, 0.000886993482708931
2024-02-14 10:44:30 | TRACE   | query_time, 0.0008723773062229156
2024-02-14 10:44:30 | TRACE   | query_time, 0.0008670929819345474
2024-02-14 10:44:30 | TRACE   | query_time, 0.0008500609546899796
2024-02-14 10:44:30 | TRACE   | query_time, 0.0008700042963027954
2024-02-14 10:44:30 | TRACE   | query_time, 0.0009104292839765549
2024-02-14 10:44:30 | TRACE   | query_time, 0.0012326352298259735
2024-02-14 10:44:30 | TRACE   | query_time, 0.0008516367524862289
2024-02-14 10:44:30 | TRACE   | query_time, 0.0008915811777114868
2024-02-14 10:44:30 | TRACE   | query_time, 0.0008983761072158813
2024-02-14 10:44:30 | TRACE   | query_time, 0.0008679721504449844
2024-02-14 10:44:30 | TRACE   | query_time, 0.001098141074180603
2024-02-14 10:44:30 | TRACE   | query_time, 0.0008948147296905518
2024-02-14 10:44:30 | TRACE   | query_time, 0.0009455736726522446
2024-02-14 10:44:30 | TRACE   | query_time, 0.0008702240884304047
2024-02-14 10:44:30 | TRACE   | query_time, 0.0008712168782949448
2024-02-14 10:44:30 | TRACE   | query_time, 0.0008992645889520645
2024-02-14 10:44:30 | TRACE   | query_time, 0.0010933242738246918
2024-02-14 10:44:30 | TRACE   | query_time, 0.0010305531322956085
2024-02-14 10:44:30 | TRACE   | query_time, 0.0008807424455881119
2024-02-14 10:44:30 | TRACE   | query_time, 0.0008761454373598099
2024-02-14 10:44:30 | TRACE   | query_time, 0.0008674114942550659
2024-02-14 10:44:30 | TRACE   | query_time, 0.0010339505970478058
2024-02-14 10:44:30 | TRACE   | query_time, 0.0009082593023777008
2024-02-14 10:44:30 | TRACE   | query_time, 0.0010146312415599823
2024-02-14 10:44:30 | TRACE   | query_time, 0.0008732825517654419
2024-02-14 10:44:30 | TRACE   | query_time, 0.0012451764196157455
2024-02-14 10:44:30 | TRACE   | query_time, 0.0008645858615636826
2024-02-14 10:44:30 | TRACE   | query_time, 0.001256478950381279
2024-02-14 10:44:30 | TRACE   | query_time, 0.0008582547307014465
2024-02-14 10:44:30 | TRACE   | query_time, 0.0009228754788637161
2024-02-14 10:44:30 | TRACE   | query_time, 0.0008739866316318512
2024-02-14 10:44:30 | TRACE   | query_time, 0.0008673854172229767
2024-02-14 10:44:30 | TRACE   | query_time, 0.0008662305772304535
2024-02-14 10:44:30 | TRACE   | query_time, 0.0008967071771621704
2024-02-14 10:44:30 | TRACE   | query_time, 0.0009355507791042328
2024-02-14 10:44:30 | TRACE   | query_time, 0.000867621973156929
2024-02-14 10:44:30 | TRACE   | query_time, 0.0008864086121320724
2024-02-14 10:44:30 | TRACE   | query_time, 0.0008661951869726181
2024-02-14 10:44:30 | TRACE   | query_time, 0.0008651688694953918
2024-02-14 10:44:30 | TRACE   | query_time, 0.0008650384843349457
2024-02-14 10:44:30 | TRACE   | query_time, 0.0008655674755573273
2024-02-14 10:44:30 | TRACE   | query_time, 0.000865057110786438
2024-02-14 10:44:30 | TRACE   | query_time, 0.0008972939103841782
2024-02-14 10:44:30 | TRACE   | query_time, 0.0008807424455881119
2024-02-14 10:44:30 | TRACE   | query_time, 0.0008799247443675995
2024-02-14 10:44:30 | TRACE   | query_time, 0.0009965784847736359
2024-02-14 10:44:30 | TRACE   | query_time, 0.0010056160390377045
2024-02-14 10:44:30 | TRACE   | query_time, 0.0008484534919261932
2024-02-14 10:44:30 | TRACE   | query_time, 0.0008747763931751251
2024-02-14 10:44:30 | TRACE   | query_time, 0.0009058136492967606
2024-02-14 10:44:30 | TRACE   | query_time, 0.0008680690079927444
2024-02-14 10:44:30 | TRACE   | query_time, 0.0008578132838010788
2024-02-14 10:44:30 | TRACE   | query_time, 0.0008718539029359818
2024-02-14 10:44:30 | TRACE   | query_time, 0.0010896511375904083
2024-02-14 10:44:30 | TRACE   | query_time, 0.0009244009852409363
2024-02-14 10:44:30 | TRACE   | query_time, 0.0008638408035039902
2024-02-14 10:44:30 | TRACE   | query_time, 0.0008256211876869202
2024-02-14 10:44:30 | TRACE   | query_time, 0.000999627634882927
2024-02-14 10:44:30 | TRACE   | query_time, 0.0008815452456474304
2024-02-14 10:44:30 | TRACE   | query_time, 0.0009861532598733902
2024-02-14 10:44:30 | TRACE   | query_time, 0.0008289217948913574
2024-02-14 10:44:30 | TRACE   | query_time, 0.0008360240608453751
2024-02-14 10:44:30 | TRACE   | query_time, 0.0008813571184873581
2024-02-14 10:44:30 | TRACE   | query_time, 0.0010952316224575043
2024-02-14 10:44:30 | TRACE   | query_time, 0.0008102245628833771
2024-02-14 10:44:30 | TRACE   | query_time, 0.0008691120892763138
2024-02-14 10:44:30 | TRACE   | query_time, 0.0011188220232725143
2024-02-14 10:44:30 | TRACE   | query_time, 0.0008246097713708878
2024-02-14 10:44:30 | TRACE   | query_time, 0.0011065136641263962
2024-02-14 10:44:30 | TRACE   | query_time, 0.0008409116417169571
2024-02-14 10:44:30 | TRACE   | query_time, 0.0008666478097438812
2024-02-14 10:44:30 | TRACE   | query_time, 0.0008286070078611374
2024-02-14 10:44:30 | TRACE   | query_time, 0.0008270032703876495
2024-02-14 10:44:30 | TRACE   | query_time, 0.0010828971862792969
2024-02-14 10:44:30 | TRACE   | query_time, 0.0008240956813097
2024-02-14 10:44:30 | TRACE   | query_time, 0.0008145608007907867
2024-02-14 10:44:30 | TRACE   | query_time, 0.0009145382791757584
2024-02-14 10:44:30 | TRACE   | query_time, 0.0008232202380895615
2024-02-14 10:44:30 | TRACE   | query_time, 0.0008438490331172943
2024-02-14 10:44:30 | TRACE   | query_time, 0.0008247047662734985
2024-02-14 10:44:30 | TRACE   | query_time, 0.0009908322244882584
2024-02-14 10:44:30 | TRACE   | query_time, 0.0008736737072467804
2024-02-14 10:44:30 | TRACE   | query_time, 0.0008383449167013168
2024-02-14 10:44:30 | TRACE   | query_time, 0.00912993960082531
2024-02-14 10:44:30 | TRACE   | query_time, 0.009553516283631325
2024-02-14 10:44:30 | TRACE   | query_time, 0.00840759091079235
2024-02-14 10:44:31 | TRACE   | query_time, 0.00816493108868599
2024-02-14 10:44:31 | TRACE   | query_time, 0.008705981075763702
2024-02-14 10:44:31 | TRACE   | query_time, 0.008126644417643547
2024-02-14 10:44:31 | TRACE   | query_time, 0.0080646350979805
2024-02-14 10:44:31 | TRACE   | query_time, 0.008426416665315628
2024-02-14 10:44:31 | TRACE   | query_time, 0.0079488605260849
2024-02-14 10:44:31 | TRACE   | query_time, 0.00801718421280384
2024-02-14 10:44:31 | TRACE   | query_time, 0.008423330262303352
2024-02-14 10:44:31 | TRACE   | query_time, 0.008090643212199211
2024-02-14 10:44:31 | TRACE   | query_time, 0.008411604911088943
2024-02-14 10:44:31 | TRACE   | query_time, 0.008007027208805084
2024-02-14 10:44:31 | TRACE   | query_time, 0.007952956482768059
2024-02-14 10:44:31 | TRACE   | query_time, 0.008158938959240913
2024-02-14 10:44:31 | TRACE   | query_time, 0.008622581139206886
2024-02-14 10:44:31 | TRACE   | query_time, 0.00799885019659996
2024-02-14 10:44:31 | TRACE   | query_time, 0.008016612380743027
2024-02-14 10:44:31 | TRACE   | query_time, 0.007904337719082832
2024-02-14 10:44:31 | TRACE   | query_time, 0.007685324177145958
2024-02-14 10:44:31 | TRACE   | query_time, 0.008309988304972649
2024-02-14 10:44:31 | TRACE   | query_time, 0.007549300789833069
2024-02-14 10:44:31 | TRACE   | query_time, 0.007858926430344582
2024-02-14 10:44:31 | TRACE   | query_time, 0.008286956697702408
2024-02-14 10:44:31 | TRACE   | query_time, 0.0081721730530262
2024-02-14 10:44:31 | TRACE   | query_time, 0.008385958150029182
2024-02-14 10:44:31 | TRACE   | query_time, 0.008374134078621864
2024-02-14 10:44:31 | TRACE   | query_time, 0.008094370365142822
2024-02-14 10:44:31 | TRACE   | query_time, 0.007564721629023552
2024-02-14 10:44:31 | TRACE   | query_time, 0.007495390251278877
2024-02-14 10:44:31 | TRACE   | query_time, 0.008030377328395844
2024-02-14 10:44:31 | TRACE   | query_time, 0.007615448907017708
2024-02-14 10:44:31 | TRACE   | query_time, 0.008409617468714714
2024-02-14 10:44:31 | TRACE   | query_time, 0.007881512865424156
2024-02-14 10:44:31 | TRACE   | query_time, 0.007514439523220062
2024-02-14 10:44:31 | TRACE   | query_time, 0.007828444242477417
2024-02-14 10:44:31 | TRACE   | query_time, 0.008226215839385986
2024-02-14 10:44:31 | TRACE   | query_time, 0.008022230118513107
2024-02-14 10:44:31 | TRACE   | query_time, 0.007691102102398872
2024-02-14 10:44:31 | TRACE   | query_time, 0.007920095697045326
2024-02-14 10:44:31 | TRACE   | query_time, 0.007589010521769524
2024-02-14 10:44:31 | TRACE   | query_time, 0.007944956421852112
2024-02-14 10:44:31 | TRACE   | query_time, 0.007888458669185638
2024-02-14 10:44:31 | TRACE   | query_time, 0.008054394274950027
2024-02-14 10:44:31 | TRACE   | query_time, 0.0078087784349918365
2024-02-14 10:44:31 | TRACE   | query_time, 0.007905969396233559
2024-02-14 10:44:31 | TRACE   | query_time, 0.008025944232940674
2024-02-14 10:44:31 | TRACE   | query_time, 0.007881682366132736
2024-02-14 10:44:31 | TRACE   | query_time, 0.007955161854624748
2024-02-14 10:44:31 | TRACE   | query_time, 0.007870780304074287
2024-02-14 10:44:31 | TRACE   | query_time, 0.008092621341347694
2024-02-14 10:44:31 | TRACE   | query_time, 0.00803270936012268
2024-02-14 10:44:31 | TRACE   | query_time, 0.008360715582966805
2024-02-14 10:44:31 | TRACE   | query_time, 0.008679114282131195
2024-02-14 10:44:31 | TRACE   | query_time, 0.005829868838191032
2024-02-14 10:44:31 | TRACE   | query_time, 0.008254190906882286
2024-02-14 10:44:31 | TRACE   | query_time, 0.008257495239377022
2024-02-14 10:44:31 | TRACE   | query_time, 0.007804997265338898
2024-02-14 10:44:31 | TRACE   | query_time, 0.008249012753367424
2024-02-14 10:44:31 | TRACE   | query_time, 0.007830414921045303
2024-02-14 10:44:31 | TRACE   | query_time, 0.008198907598853111
2024-02-14 10:44:31 | TRACE   | query_time, 0.008961478248238564
2024-02-14 10:44:31 | TRACE   | query_time, 0.008190425112843513
2024-02-14 10:44:31 | TRACE   | query_time, 0.009012646973133087
2024-02-14 10:44:31 | TRACE   | query_time, 0.009035265073180199
2024-02-14 10:44:31 | TRACE   | query_time, 0.008356595411896706
2024-02-14 10:44:31 | TRACE   | query_time, 0.005734257400035858
2024-02-14 10:44:31 | TRACE   | query_time, 0.008349679410457611
2024-02-14 10:44:31 | TRACE   | query_time, 0.007968910038471222
2024-02-14 10:44:31 | TRACE   | query_time, 0.008188599720597267
2024-02-14 10:44:31 | TRACE   | query_time, 0.00777650810778141
2024-02-14 10:44:31 | TRACE   | query_time, 0.007831575348973274
2024-02-14 10:44:31 | TRACE   | query_time, 0.007793895900249481
2024-02-14 10:44:31 | TRACE   | query_time, 0.007911007851362228
2024-02-14 10:44:31 | TRACE   | query_time, 0.00780462846159935
2024-02-14 10:44:31 | TRACE   | query_time, 0.007805738598108292
2024-02-14 10:44:31 | TRACE   | query_time, 0.007824819535017014
2024-02-14 10:44:31 | TRACE   | query_time, 0.0077577028423547745
2024-02-14 10:44:31 | TRACE   | query_time, 0.007725343108177185
2024-02-14 10:44:31 | TRACE   | query_time, 0.00781012699007988
2024-02-14 10:44:31 | TRACE   | query_time, 0.008199593052268028
2024-02-14 10:44:31 | TRACE   | query_time, 0.008977044373750687
2024-02-14 10:44:31 | TRACE   | query_time, 0.00810297578573227
2024-02-14 10:44:31 | TRACE   | query_time, 0.008244043216109276
2024-02-14 10:44:31 | TRACE   | query_time, 0.005718190222978592
2024-02-14 10:44:31 | TRACE   | query_time, 0.006451305001974106
2024-02-14 10:44:31 | TRACE   | query_time, 0.006391463801264763
2024-02-14 10:44:31 | TRACE   | query_time, 0.0061719417572021484
2024-02-14 10:44:31 | TRACE   | query_time, 0.00599505752325058
2024-02-14 10:44:31 | TRACE   | query_time, 0.006348462775349617
2024-02-14 10:44:31 | TRACE   | query_time, 0.008383985608816147
2024-02-14 10:44:31 | TRACE   | query_time, 0.00801212526857853
2024-02-14 10:44:31 | TRACE   | query_time, 0.008131664246320724
2024-02-14 10:44:31 | TRACE   | query_time, 0.00893387384712696
2024-02-14 10:44:31 | TRACE   | query_time, 0.005892742425203323
2024-02-14 10:44:31 | TRACE   | query_time, 0.009241165593266487
2024-02-14 10:44:31 | TRACE   | query_time, 0.008179046213626862
2024-02-14 10:44:31 | TRACE   | query_time, 0.005645692348480225
2024-02-14 10:44:31 | TRACE   | query_time, 0.0059394631534814835
2024-02-14 10:44:31 | TRACE   | query_time, 0.006445160135626793
2024-02-14 10:44:31 | TRACE   | query_time, 0.006042568013072014
2024-02-14 10:44:31 | TRACE   | query_time, 0.005951013416051865
2024-02-14 10:44:31 | TRACE   | query_time, 0.0065141599625349045
2024-02-14 10:44:31 | TRACE   | query_time, 0.008295601233839989
2024-02-14 10:44:31 | TRACE   | query_time, 0.005685759708285332
2024-02-14 10:44:31 | TRACE   | query_time, 0.006330423057079315
2024-02-14 10:44:31 | TRACE   | query_time, 0.006353151053190231
2024-02-14 10:44:31 | TRACE   | query_time, 0.006402801722288132
2024-02-14 10:44:31 | TRACE   | query_time, 0.008339919149875641
2024-02-14 10:44:31 | TRACE   | query_time, 0.00610930472612381
2024-02-14 10:44:31 | TRACE   | query_time, 0.009092304855585098
2024-02-14 10:44:31 | TRACE   | query_time, 0.008758440613746643
2024-02-14 10:44:31 | TRACE   | query_time, 0.007907504215836525
2024-02-14 10:44:31 | TRACE   | query_time, 0.005959510803222656
2024-02-14 10:44:31 | TRACE   | query_time, 0.006193624809384346
2024-02-14 10:44:31 | TRACE   | query_time, 0.00625704787671566
2024-02-14 10:44:31 | TRACE   | query_time, 0.006434984505176544
2024-02-14 10:44:31 | TRACE   | query_time, 0.005896592512726784
2024-02-14 10:44:31 | TRACE   | query_time, 0.0059714484959840775
2024-02-14 10:44:31 | TRACE   | query_time, 0.006456917151808739
2024-02-14 10:44:31 | TRACE   | query_time, 0.008842062205076218
2024-02-14 10:44:31 | TRACE   | query_time, 0.005968283861875534
2024-02-14 10:44:31 | TRACE   | query_time, 0.00661759078502655
2024-02-14 10:44:31 | TRACE   | query_time, 0.006349053233861923
2024-02-14 10:44:31 | TRACE   | query_time, 0.01241714134812355
2024-02-14 10:44:31 | TRACE   | query_time, 0.01203564926981926
2024-02-14 10:44:31 | TRACE   | query_time, 0.01187564991414547
2024-02-14 10:44:32 | TRACE   | query_time, 0.011774804443120956
2024-02-14 10:44:32 | TRACE   | query_time, 0.011893820017576218
2024-02-14 10:44:32 | TRACE   | query_time, 0.011827247217297554
2024-02-14 10:44:32 | TRACE   | query_time, 0.012056572362780571
2024-02-14 10:44:32 | TRACE   | query_time, 0.012102978304028511
2024-02-14 10:44:32 | TRACE   | query_time, 0.01202469877898693
2024-02-14 10:44:32 | TRACE   | query_time, 0.012239854782819748
2024-02-14 10:44:32 | TRACE   | query_time, 0.011993763968348503
2024-02-14 10:44:32 | TRACE   | query_time, 0.011629823595285416
2024-02-14 10:44:32 | TRACE   | query_time, 0.011743487790226936
2024-02-14 10:44:32 | TRACE   | query_time, 0.011569855734705925
2024-02-14 10:44:32 | TRACE   | query_time, 0.011694267392158508
2024-02-14 10:44:32 | TRACE   | query_time, 0.011832555755972862
2024-02-14 10:44:32 | TRACE   | query_time, 0.011653145775198936
2024-02-14 10:44:32 | TRACE   | query_time, 0.011430252343416214
2024-02-14 10:44:32 | TRACE   | query_time, 0.011645970866084099
2024-02-14 10:44:32 | TRACE   | query_time, 0.011545108631253242
2024-02-14 10:44:32 | TRACE   | query_time, 0.011459723114967346
2024-02-14 10:44:32 | TRACE   | query_time, 0.011361461132764816
2024-02-14 10:44:32 | TRACE   | query_time, 0.011683238670229912
2024-02-14 10:44:32 | TRACE   | query_time, 0.011518878862261772
2024-02-14 10:44:32 | TRACE   | query_time, 0.011655239388346672
2024-02-14 10:44:32 | TRACE   | query_time, 0.01144091971218586
2024-02-14 10:44:32 | TRACE   | query_time, 0.01145082525908947
2024-02-14 10:44:32 | TRACE   | query_time, 0.011291764676570892
2024-02-14 10:44:32 | TRACE   | query_time, 0.011532137170433998
2024-02-14 10:44:32 | TRACE   | query_time, 0.011422615498304367
2024-02-14 10:44:32 | TRACE   | query_time, 0.011401593685150146
2024-02-14 10:44:32 | TRACE   | query_time, 0.01146828755736351
2024-02-14 10:44:32 | TRACE   | query_time, 0.011495199054479599
2024-02-14 10:44:32 | TRACE   | query_time, 0.01136711798608303
2024-02-14 10:44:32 | TRACE   | query_time, 0.01126384362578392
2024-02-14 10:44:32 | TRACE   | query_time, 0.011455653235316277
2024-02-14 10:44:32 | TRACE   | query_time, 0.01127580739557743
2024-02-14 10:44:32 | TRACE   | query_time, 0.01126694492995739
2024-02-14 10:44:32 | TRACE   | query_time, 0.011537574231624603
2024-02-14 10:44:32 | TRACE   | query_time, 0.011320913210511208
2024-02-14 10:44:32 | TRACE   | query_time, 0.011238213628530502
2024-02-14 10:44:32 | TRACE   | query_time, 0.011344611644744873
2024-02-14 10:44:32 | TRACE   | query_time, 0.011306311935186386
2024-02-14 10:44:32 | TRACE   | query_time, 0.011261753737926483
2024-02-14 10:44:32 | TRACE   | query_time, 0.011251989752054214
2024-02-14 10:44:32 | TRACE   | query_time, 0.011184854432940483
2024-02-14 10:44:32 | TRACE   | query_time, 0.011406539008021355
2024-02-14 10:44:32 | TRACE   | query_time, 0.011316372081637383
2024-02-14 10:44:32 | TRACE   | query_time, 0.01115056686103344
2024-02-14 10:44:32 | TRACE   | query_time, 0.01126268319785595
2024-02-14 10:44:32 | TRACE   | query_time, 0.011275652796030045
2024-02-14 10:44:32 | TRACE   | query_time, 0.011174853891134262
2024-02-14 10:44:32 | TRACE   | query_time, 0.011202303692698479
2024-02-14 10:44:32 | TRACE   | query_time, 0.011161474511027336
2024-02-14 10:44:32 | TRACE   | query_time, 0.011265823617577553
2024-02-14 10:44:32 | TRACE   | query_time, 0.011087192222476006
2024-02-14 10:44:32 | TRACE   | query_time, 0.011167963966727257
2024-02-14 10:44:32 | TRACE   | query_time, 0.011212218552827835
2024-02-14 10:44:32 | TRACE   | query_time, 0.011100677773356438
2024-02-14 10:44:32 | TRACE   | query_time, 0.011136699467897415
2024-02-14 10:44:32 | TRACE   | query_time, 0.011140931397676468
2024-02-14 10:44:32 | TRACE   | query_time, 0.011339224874973297
2024-02-14 10:44:32 | TRACE   | query_time, 0.011209163814783096
2024-02-14 10:44:32 | TRACE   | query_time, 0.011034198105335236
2024-02-14 10:44:32 | TRACE   | query_time, 0.011021368205547333
2024-02-14 10:44:32 | TRACE   | query_time, 0.010919077321887016
2024-02-14 10:44:32 | TRACE   | query_time, 0.011194616556167603
2024-02-14 10:44:32 | TRACE   | query_time, 0.010973678901791573
2024-02-14 10:44:32 | TRACE   | query_time, 0.011268895119428635
2024-02-14 10:44:32 | TRACE   | query_time, 0.011185919865965843
2024-02-14 10:44:32 | TRACE   | query_time, 0.010988734662532806
2024-02-14 10:44:32 | TRACE   | query_time, 0.011004282161593437
2024-02-14 10:44:32 | TRACE   | query_time, 0.010934337973594666
2024-02-14 10:44:32 | TRACE   | query_time, 0.010984526947140694
2024-02-14 10:44:32 | TRACE   | query_time, 0.010978499427437782
2024-02-14 10:44:32 | TRACE   | query_time, 0.011288624256849289
2024-02-14 10:44:32 | TRACE   | query_time, 0.011063560843467712
2024-02-14 10:44:32 | TRACE   | query_time, 0.011254953220486641
2024-02-14 10:44:32 | TRACE   | query_time, 0.011098923161625862
2024-02-14 10:44:32 | TRACE   | query_time, 0.01108582504093647
2024-02-14 10:44:32 | TRACE   | query_time, 0.01099223643541336
2024-02-14 10:44:32 | TRACE   | query_time, 0.010918179526925087
2024-02-14 10:44:32 | TRACE   | query_time, 0.011098787188529968
2024-02-14 10:44:32 | TRACE   | query_time, 0.011050762608647346
2024-02-14 10:44:32 | TRACE   | query_time, 0.011076455935835838
2024-02-14 10:44:32 | TRACE   | query_time, 0.010876743122935295
2024-02-14 10:44:32 | TRACE   | query_time, 0.01091041974723339
2024-02-14 10:44:32 | TRACE   | query_time, 0.0068824924528598785
2024-02-14 10:44:32 | TRACE   | query_time, 0.011526491492986679
2024-02-14 10:44:32 | TRACE   | query_time, 0.01106877438724041
2024-02-14 10:44:32 | TRACE   | query_time, 0.011207062751054764
2024-02-14 10:44:33 | TRACE   | query_time, 0.011009415611624718
2024-02-14 10:44:33 | TRACE   | query_time, 0.011065633967518806
2024-02-14 10:44:33 | TRACE   | query_time, 0.010847486555576324
2024-02-14 10:44:33 | TRACE   | query_time, 0.010988039895892143
2024-02-14 10:44:33 | TRACE   | query_time, 0.011046195402741432
2024-02-14 10:44:33 | TRACE   | query_time, 0.010915840044617653
2024-02-14 10:44:33 | TRACE   | query_time, 0.011108636856079102
2024-02-14 10:44:33 | TRACE   | query_time, 0.011066079139709473
2024-02-14 10:44:33 | TRACE   | query_time, 0.011038484051823616
2024-02-14 10:44:33 | TRACE   | query_time, 0.010898754000663757
2024-02-14 10:44:33 | TRACE   | query_time, 0.010948063805699348
2024-02-14 10:44:33 | TRACE   | query_time, 0.011053800582885742
2024-02-14 10:44:33 | TRACE   | query_time, 0.010909546166658401
2024-02-14 10:44:33 | TRACE   | query_time, 0.010979939252138138
2024-02-14 10:44:33 | TRACE   | query_time, 0.011179707944393158
2024-02-14 10:44:33 | TRACE   | query_time, 0.010976659134030342
2024-02-14 10:44:33 | TRACE   | query_time, 0.01103103719651699
2024-02-14 10:44:33 | TRACE   | query_time, 0.01094772294163704
2024-02-14 10:44:33 | TRACE   | query_time, 0.010964816436171532
2024-02-14 10:44:33 | TRACE   | query_time, 0.010922351852059364
2024-02-14 10:44:33 | TRACE   | query_time, 0.010956738144159317
2024-02-14 10:44:33 | TRACE   | query_time, 0.010930150747299194
2024-02-14 10:44:33 | TRACE   | query_time, 0.010922687128186226
2024-02-14 10:44:33 | TRACE   | query_time, 0.011066040024161339
2024-02-14 10:44:33 | TRACE   | query_time, 0.010750900954008102
2024-02-14 10:44:33 | TRACE   | query_time, 0.010945061221718788
2024-02-14 10:44:33 | TRACE   | query_time, 0.010999387130141258
2024-02-14 10:44:33 | TRACE   | query_time, 0.010940009728074074
2024-02-14 10:44:33 | TRACE   | query_time, 0.010956183075904846
2024-02-14 10:44:33 | TRACE   | query_time, 0.010980360209941864
2024-02-14 10:44:33 | TRACE   | query_time, 0.010854639112949371
2024-02-14 10:44:33 | TRACE   | query_time, 0.01107543520629406
2024-02-14 10:44:33 | TRACE   | query_time, 0.010711127892136574
2024-02-14 10:44:33 | TRACE   | query_time, 0.010958364233374596
2024-02-14 10:44:33 | TRACE   | query_time, 0.010785723105072975
2024-02-14 10:44:33 | TRACE   | query_time, 0.010827023535966873
2024-02-14 10:44:33 | TRACE   | query_time, 0.0108517836779356
2024-02-14 10:44:33 | TRACE   | query_time, 0.01082083024084568
2024-02-14 10:44:33 | TRACE   | query_time, 0.010291259735822678
2024-02-14 10:44:33 | TRACE   | query_time, 0.008228490129113197
2024-02-14 10:44:33 | TRACE   | query_time, 0.007668185979127884
2024-02-14 10:44:33 | TRACE   | query_time, 0.007639029994606972
2024-02-14 10:44:33 | TRACE   | query_time, 0.007516315206885338
2024-02-14 10:44:33 | TRACE   | query_time, 0.007441375404596329
2024-02-14 10:44:33 | TRACE   | query_time, 0.007242482155561447
2024-02-14 10:44:33 | TRACE   | query_time, 0.007352063432335854
2024-02-14 10:44:33 | TRACE   | query_time, 0.007140137255191803
2024-02-14 10:44:33 | TRACE   | query_time, 0.0070287324488162994
2024-02-14 10:44:33 | TRACE   | query_time, 0.006943114101886749
2024-02-14 10:44:33 | TRACE   | query_time, 0.0069152917712926865
