2024-02-14 10:37:37 | DEBUG   | {'input': PosixPath('data/open_data_usa/indices/microbenchmarks/rebinning-k550.zst'), 'input_type': 'index', 'queries': PosixPath('data/open_data_usa/queries/microbenchmarks.zst'), 'estimation_mode': None, 'index_mode': 'recall', 'output': None, 'workers': None, 'frequency_hists': False, 'suppress_results': True, 'log_level': 'INFO', 'log_file': PosixPath('logs/microbenchmarks/runtime/open_data_usa-rebinning-k550-single_suppressed-4.log')}
2024-02-14 10:37:37 | DEBUG   | Loading input data from data/open_data_usa/indices/microbenchmarks/rebinning-k550.zst
2024-02-14 10:37:37 | DEBUG   | Loading queries from data/open_data_usa/queries/microbenchmarks.zst
2024-02-14 10:37:37 | TRACE   | bootstrap_time, 0.14733842201530933
2024-02-14 10:37:37 | DEBUG   | Starting execution
2024-02-14 10:37:37 | TRACE   | query_time, 0.0011116955429315567
2024-02-14 10:37:37 | TRACE   | query_time, 0.000700702890753746
2024-02-14 10:37:37 | TRACE   | query_time, 0.000719267874956131
2024-02-14 10:37:37 | TRACE   | query_time, 0.0007040891796350479
2024-02-14 10:37:37 | TRACE   | query_time, 0.0006637945771217346
2024-02-14 10:37:37 | TRACE   | query_time, 0.0006749685853719711
2024-02-14 10:37:37 | TRACE   | query_time, 0.0008820910006761551
2024-02-14 10:37:37 | TRACE   | query_time, 0.0006924532353878021
2024-02-14 10:37:37 | TRACE   | query_time, 0.0006660055369138718
2024-02-14 10:37:37 | TRACE   | query_time, 0.0007315296679735184
2024-02-14 10:37:37 | TRACE   | query_time, 0.000687887892127037
2024-02-14 10:37:37 | TRACE   | query_time, 0.0006869211792945862
2024-02-14 10:37:37 | TRACE   | query_time, 0.0006822161376476288
2024-02-14 10:37:37 | TRACE   | query_time, 0.0007306020706892014
2024-02-14 10:37:37 | TRACE   | query_time, 0.0006752684712409973
2024-02-14 10:37:37 | TRACE   | query_time, 0.0006589312106370926
2024-02-14 10:37:37 | TRACE   | query_time, 0.0006698742508888245
2024-02-14 10:37:37 | TRACE   | query_time, 0.0006752200424671173
2024-02-14 10:37:37 | TRACE   | query_time, 0.0006790999323129654
2024-02-14 10:37:37 | TRACE   | query_time, 0.0007121674716472626
2024-02-14 10:37:37 | TRACE   | query_time, 0.00080084428191185
2024-02-14 10:37:37 | TRACE   | query_time, 0.0006868056952953339
2024-02-14 10:37:37 | TRACE   | query_time, 0.000684347003698349
2024-02-14 10:37:37 | TRACE   | query_time, 0.0006950758397579193
2024-02-14 10:37:37 | TRACE   | query_time, 0.0006756633520126343
2024-02-14 10:37:37 | TRACE   | query_time, 0.0006825514137744904
2024-02-14 10:37:37 | TRACE   | query_time, 0.0006825290620326996
2024-02-14 10:37:37 | TRACE   | query_time, 0.0007277429103851318
2024-02-14 10:37:37 | TRACE   | query_time, 0.0006927605718374252
2024-02-14 10:37:37 | TRACE   | query_time, 0.0006544776260852814
2024-02-14 10:37:37 | TRACE   | query_time, 0.0008336696773767471
2024-02-14 10:37:37 | TRACE   | query_time, 0.0006852615624666214
2024-02-14 10:37:37 | TRACE   | query_time, 0.0007093772292137146
2024-02-14 10:37:37 | TRACE   | query_time, 0.0006911568343639374
2024-02-14 10:37:37 | TRACE   | query_time, 0.0007107537239789963
2024-02-14 10:37:37 | TRACE   | query_time, 0.0006688609719276428
2024-02-14 10:37:37 | TRACE   | query_time, 0.0006558764725923538
2024-02-14 10:37:37 | TRACE   | query_time, 0.0008268188685178757
2024-02-14 10:37:37 | TRACE   | query_time, 0.000690629705786705
2024-02-14 10:37:37 | TRACE   | query_time, 0.0007834210991859436
2024-02-14 10:37:37 | TRACE   | query_time, 0.0006713476032018661
2024-02-14 10:37:37 | TRACE   | query_time, 0.0008146539330482483
2024-02-14 10:37:37 | TRACE   | query_time, 0.0007098633795976639
2024-02-14 10:37:37 | TRACE   | query_time, 0.0008204039186239243
2024-02-14 10:37:37 | TRACE   | query_time, 0.0006856583058834076
2024-02-14 10:37:37 | TRACE   | query_time, 0.0006853137165307999
2024-02-14 10:37:37 | TRACE   | query_time, 0.0007155723869800568
2024-02-14 10:37:37 | TRACE   | query_time, 0.0007244814187288284
2024-02-14 10:37:37 | TRACE   | query_time, 0.0006790217012166977
2024-02-14 10:37:37 | TRACE   | query_time, 0.0006722826510667801
2024-02-14 10:37:37 | TRACE   | query_time, 0.0008779149502515793
2024-02-14 10:37:37 | TRACE   | query_time, 0.0006838478147983551
2024-02-14 10:37:37 | TRACE   | query_time, 0.0008275918662548065
2024-02-14 10:37:37 | TRACE   | query_time, 0.0006723105907440186
2024-02-14 10:37:37 | TRACE   | query_time, 0.0006737895309925079
2024-02-14 10:37:37 | TRACE   | query_time, 0.0007904954254627228
2024-02-14 10:37:37 | TRACE   | query_time, 0.0006731413304805756
2024-02-14 10:37:37 | TRACE   | query_time, 0.0006698295474052429
2024-02-14 10:37:37 | TRACE   | query_time, 0.0006836652755737305
2024-02-14 10:37:37 | TRACE   | query_time, 0.0006687995046377182
2024-02-14 10:37:37 | TRACE   | query_time, 0.0006676670163869858
2024-02-14 10:37:37 | TRACE   | query_time, 0.0006658490747213364
2024-02-14 10:37:37 | TRACE   | query_time, 0.000873936340212822
2024-02-14 10:37:37 | TRACE   | query_time, 0.0006834473460912704
2024-02-14 10:37:37 | TRACE   | query_time, 0.0006821528077125549
2024-02-14 10:37:37 | TRACE   | query_time, 0.0006664451211690903
2024-02-14 10:37:37 | TRACE   | query_time, 0.0006834771484136581
2024-02-14 10:37:37 | TRACE   | query_time, 0.0006827879697084427
2024-02-14 10:37:37 | TRACE   | query_time, 0.000677742063999176
2024-02-14 10:37:37 | TRACE   | query_time, 0.0006817914545536041
2024-02-14 10:37:37 | TRACE   | query_time, 0.0006744898855686188
2024-02-14 10:37:37 | TRACE   | query_time, 0.0006538927555084229
2024-02-14 10:37:37 | TRACE   | query_time, 0.0006685908883810043
2024-02-14 10:37:37 | TRACE   | query_time, 0.0006892643868923187
2024-02-14 10:37:37 | TRACE   | query_time, 0.0008010119199752808
2024-02-14 10:37:37 | TRACE   | query_time, 0.0006839334964752197
2024-02-14 10:37:37 | TRACE   | query_time, 0.0006710924208164215
2024-02-14 10:37:37 | TRACE   | query_time, 0.0007131770253181458
2024-02-14 10:37:37 | TRACE   | query_time, 0.0006771683692932129
2024-02-14 10:37:37 | TRACE   | query_time, 0.0006663203239440918
2024-02-14 10:37:37 | TRACE   | query_time, 0.0006824582815170288
2024-02-14 10:37:37 | TRACE   | query_time, 0.0006829779595136642
2024-02-14 10:37:37 | TRACE   | query_time, 0.0006649401038885117
2024-02-14 10:37:37 | TRACE   | query_time, 0.0008389092981815338
2024-02-14 10:37:37 | TRACE   | query_time, 0.0006665810942649841
2024-02-14 10:37:37 | TRACE   | query_time, 0.0007256083190441132
2024-02-14 10:37:37 | TRACE   | query_time, 0.0007112715393304825
2024-02-14 10:37:37 | TRACE   | query_time, 0.000681757926940918
2024-02-14 10:37:37 | TRACE   | query_time, 0.0007181931287050247
2024-02-14 10:37:37 | TRACE   | query_time, 0.0006669573485851288
2024-02-14 10:37:37 | TRACE   | query_time, 0.0008282028138637543
2024-02-14 10:37:37 | TRACE   | query_time, 0.0006719324737787247
2024-02-14 10:37:37 | TRACE   | query_time, 0.0006722379475831985
2024-02-14 10:37:37 | TRACE   | query_time, 0.0006929747760295868
2024-02-14 10:37:37 | TRACE   | query_time, 0.0006720516830682755
2024-02-14 10:37:37 | TRACE   | query_time, 0.0006677322089672089
2024-02-14 10:37:37 | TRACE   | query_time, 0.0006706845015287399
2024-02-14 10:37:37 | TRACE   | query_time, 0.000666886568069458
2024-02-14 10:37:37 | TRACE   | query_time, 0.0006789267063140869
2024-02-14 10:37:37 | TRACE   | query_time, 0.0006665326654911041
2024-02-14 10:37:37 | TRACE   | query_time, 0.000845661386847496
2024-02-14 10:37:37 | TRACE   | query_time, 0.0007252264767885208
2024-02-14 10:37:37 | TRACE   | query_time, 0.0006844662129878998
2024-02-14 10:37:37 | TRACE   | query_time, 0.0006896629929542542
2024-02-14 10:37:37 | TRACE   | query_time, 0.0006659515202045441
2024-02-14 10:37:37 | TRACE   | query_time, 0.0006664879620075226
2024-02-14 10:37:37 | TRACE   | query_time, 0.0006863009184598923
2024-02-14 10:37:37 | TRACE   | query_time, 0.000712662935256958
2024-02-14 10:37:37 | TRACE   | query_time, 0.0006795898079872131
2024-02-14 10:37:37 | TRACE   | query_time, 0.0006713196635246277
2024-02-14 10:37:37 | TRACE   | query_time, 0.0006609894335269928
2024-02-14 10:37:37 | TRACE   | query_time, 0.0006729066371917725
2024-02-14 10:37:37 | TRACE   | query_time, 0.0008343588560819626
2024-02-14 10:37:37 | TRACE   | query_time, 0.0006990116089582443
2024-02-14 10:37:37 | TRACE   | query_time, 0.0006672460585832596
2024-02-14 10:37:37 | TRACE   | query_time, 0.0008045081049203873
2024-02-14 10:37:37 | TRACE   | query_time, 0.0008514393121004105
2024-02-14 10:37:37 | TRACE   | query_time, 0.0006700083613395691
2024-02-14 10:37:37 | TRACE   | query_time, 0.0006934534758329391
2024-02-14 10:37:37 | TRACE   | query_time, 0.0008464250713586807
2024-02-14 10:37:37 | TRACE   | query_time, 0.0006693284958600998
2024-02-14 10:37:37 | TRACE   | query_time, 0.0006847381591796875
2024-02-14 10:37:37 | TRACE   | query_time, 0.0007307175546884537
2024-02-14 10:37:37 | TRACE   | query_time, 0.0006954483687877655
2024-02-14 10:37:37 | TRACE   | query_time, 0.00071755051612854
2024-02-14 10:37:37 | TRACE   | query_time, 0.0006842594593763351
2024-02-14 10:37:37 | TRACE   | query_time, 0.0006711408495903015
2024-02-14 10:37:37 | TRACE   | query_time, 0.0006551388651132584
2024-02-14 10:37:37 | TRACE   | query_time, 0.0006644334644079208
2024-02-14 10:37:37 | TRACE   | query_time, 0.0007278360426425934
2024-02-14 10:37:37 | TRACE   | query_time, 0.0007116924971342087
2024-02-14 10:37:37 | TRACE   | query_time, 0.0006829332560300827
2024-02-14 10:37:37 | TRACE   | query_time, 0.0006663650274276733
2024-02-14 10:37:37 | TRACE   | query_time, 0.0006898175925016403
2024-02-14 10:37:37 | TRACE   | query_time, 0.0007084254175424576
2024-02-14 10:37:37 | TRACE   | query_time, 0.00083177350461483
2024-02-14 10:37:37 | TRACE   | query_time, 0.0006681401282548904
2024-02-14 10:37:37 | TRACE   | query_time, 0.0007119141519069672
2024-02-14 10:37:37 | TRACE   | query_time, 0.0007008817046880722
2024-02-14 10:37:37 | TRACE   | query_time, 0.000781988725066185
2024-02-14 10:37:37 | TRACE   | query_time, 0.0006660036742687225
2024-02-14 10:37:37 | TRACE   | query_time, 0.0006697792559862137
2024-02-14 10:37:37 | TRACE   | query_time, 0.0006797779351472855
2024-02-14 10:37:37 | TRACE   | query_time, 0.0006715022027492523
2024-02-14 10:37:37 | TRACE   | query_time, 0.0008424967527389526
2024-02-14 10:37:37 | TRACE   | query_time, 0.0007108133286237717
2024-02-14 10:37:37 | TRACE   | query_time, 0.0008437484502792358
2024-02-14 10:37:37 | TRACE   | query_time, 0.0006833523511886597
2024-02-14 10:37:37 | TRACE   | query_time, 0.0006745420396327972
2024-02-14 10:37:37 | TRACE   | query_time, 0.0006499681621789932
2024-02-14 10:37:37 | TRACE   | query_time, 0.0008252877742052078
2024-02-14 10:37:37 | TRACE   | query_time, 0.0008741710335016251
2024-02-14 10:37:37 | TRACE   | query_time, 0.0006872508674860001
2024-02-14 10:37:37 | TRACE   | query_time, 0.0007096920162439346
2024-02-14 10:37:37 | TRACE   | query_time, 0.0006646234542131424
2024-02-14 10:37:37 | TRACE   | query_time, 0.0006932634860277176
2024-02-14 10:37:37 | TRACE   | query_time, 0.0006652157753705978
2024-02-14 10:37:37 | TRACE   | query_time, 0.0007919315248727798
2024-02-14 10:37:37 | TRACE   | query_time, 0.0007060691714286804
2024-02-14 10:37:37 | TRACE   | query_time, 0.0006812959909439087
2024-02-14 10:37:37 | TRACE   | query_time, 0.0006645303219556808
2024-02-14 10:37:37 | TRACE   | query_time, 0.0008449777960777283
2024-02-14 10:37:37 | TRACE   | query_time, 0.0007169172167778015
2024-02-14 10:37:37 | TRACE   | query_time, 0.0008774902671575546
2024-02-14 10:37:37 | TRACE   | query_time, 0.0006828922778367996
2024-02-14 10:37:37 | TRACE   | query_time, 0.0007261168211698532
2024-02-14 10:37:37 | TRACE   | query_time, 0.0007075760513544083
2024-02-14 10:37:37 | TRACE   | query_time, 0.0006742347031831741
2024-02-14 10:37:37 | TRACE   | query_time, 0.0006672944873571396
2024-02-14 10:37:37 | TRACE   | query_time, 0.0008242800831794739
2024-02-14 10:37:37 | TRACE   | query_time, 0.0006689485162496567
2024-02-14 10:37:37 | TRACE   | query_time, 0.000683056190609932
2024-02-14 10:37:37 | TRACE   | query_time, 0.0006590206176042557
2024-02-14 10:37:37 | TRACE   | query_time, 0.0007208473980426788
2024-02-14 10:37:37 | TRACE   | query_time, 0.0007089897990226746
2024-02-14 10:37:37 | TRACE   | query_time, 0.0006677266210317612
2024-02-14 10:37:37 | TRACE   | query_time, 0.0006826817989349365
2024-02-14 10:37:37 | TRACE   | query_time, 0.0006864424794912338
2024-02-14 10:37:37 | TRACE   | query_time, 0.0006670262664556503
2024-02-14 10:37:37 | TRACE   | query_time, 0.0006799250841140747
2024-02-14 10:37:37 | TRACE   | query_time, 0.000696871429681778
2024-02-14 10:37:37 | TRACE   | query_time, 0.0006675850600004196
2024-02-14 10:37:37 | TRACE   | query_time, 0.0007916539907455444
2024-02-14 10:37:37 | TRACE   | query_time, 0.000666225329041481
2024-02-14 10:37:37 | TRACE   | query_time, 0.0006727501749992371
2024-02-14 10:37:37 | TRACE   | query_time, 0.0006671175360679626
2024-02-14 10:37:37 | TRACE   | query_time, 0.0008414667099714279
2024-02-14 10:37:37 | TRACE   | query_time, 0.0006739161908626556
2024-02-14 10:37:37 | TRACE   | query_time, 0.0006769057363271713
2024-02-14 10:37:37 | TRACE   | query_time, 0.000704299658536911
2024-02-14 10:37:37 | TRACE   | query_time, 0.0008371807634830475
2024-02-14 10:37:37 | TRACE   | query_time, 0.0006662718951702118
2024-02-14 10:37:37 | TRACE   | query_time, 0.0006710849702358246
2024-02-14 10:37:37 | TRACE   | query_time, 0.0006500538438558578
2024-02-14 10:37:37 | TRACE   | query_time, 0.0006633289158344269
2024-02-14 10:37:37 | TRACE   | query_time, 0.0008734893053770065
2024-02-14 10:37:37 | TRACE   | query_time, 0.0006543025374412537
2024-02-14 10:37:37 | TRACE   | query_time, 0.0007191244512796402
2024-02-14 10:37:37 | TRACE   | query_time, 0.0006683822721242905
2024-02-14 10:37:37 | TRACE   | query_time, 0.0006668493151664734
2024-02-14 10:37:37 | TRACE   | query_time, 0.0006668195128440857
2024-02-14 10:37:37 | TRACE   | query_time, 0.0007920060306787491
2024-02-14 10:37:37 | TRACE   | query_time, 0.0006871912628412247
2024-02-14 10:37:37 | TRACE   | query_time, 0.0006950851529836655
2024-02-14 10:37:37 | TRACE   | query_time, 0.0006661936640739441
2024-02-14 10:37:37 | TRACE   | query_time, 0.0008126161992549896
2024-02-14 10:37:37 | TRACE   | query_time, 0.0007106252014636993
2024-02-14 10:37:37 | TRACE   | query_time, 0.0008001141250133514
2024-02-14 10:37:37 | TRACE   | query_time, 0.000665491446852684
2024-02-14 10:37:37 | TRACE   | query_time, 0.0007093548774719238
2024-02-14 10:37:37 | TRACE   | query_time, 0.000841410830616951
2024-02-14 10:37:37 | TRACE   | query_time, 0.0007243510335683823
2024-02-14 10:37:37 | TRACE   | query_time, 0.0007161237299442291
2024-02-14 10:37:37 | TRACE   | query_time, 0.0006821602582931519
2024-02-14 10:37:37 | TRACE   | query_time, 0.0006494373083114624
2024-02-14 10:37:37 | TRACE   | query_time, 0.0006635785102844238
2024-02-14 10:37:37 | TRACE   | query_time, 0.0008731912821531296
2024-02-14 10:37:37 | TRACE   | query_time, 0.0006879046559333801
2024-02-14 10:37:37 | TRACE   | query_time, 0.000725453719496727
2024-02-14 10:37:37 | TRACE   | query_time, 0.0006826352328062057
2024-02-14 10:37:37 | TRACE   | query_time, 0.0006652437150478363
2024-02-14 10:37:37 | TRACE   | query_time, 0.0006841160356998444
2024-02-14 10:37:37 | TRACE   | query_time, 0.0007179789245128632
2024-02-14 10:37:37 | TRACE   | query_time, 0.0006494428962469101
2024-02-14 10:37:37 | TRACE   | query_time, 0.0008255485445261002
2024-02-14 10:37:37 | TRACE   | query_time, 0.0006678570061922073
2024-02-14 10:37:37 | TRACE   | query_time, 0.0007095374166965485
2024-02-14 10:37:37 | TRACE   | query_time, 0.0006904229521751404
2024-02-14 10:37:37 | TRACE   | query_time, 0.0006952565163373947
2024-02-14 10:37:37 | TRACE   | query_time, 0.0006684400141239166
2024-02-14 10:37:37 | TRACE   | query_time, 0.0007806401699781418
2024-02-14 10:37:37 | TRACE   | query_time, 0.0006654113531112671
2024-02-14 10:37:37 | TRACE   | query_time, 0.00080157071352005
2024-02-14 10:37:37 | TRACE   | query_time, 0.0006813835352659225
2024-02-14 10:37:37 | TRACE   | query_time, 0.0008438173681497574
2024-02-14 10:37:37 | TRACE   | query_time, 0.0006721280515193939
2024-02-14 10:37:37 | TRACE   | query_time, 0.0006569791585206985
2024-02-14 10:37:37 | TRACE   | query_time, 0.000689798966050148
2024-02-14 10:37:37 | TRACE   | query_time, 0.0006798040121793747
2024-02-14 10:37:37 | TRACE   | query_time, 0.0006923936307430267
2024-02-14 10:37:37 | TRACE   | query_time, 0.0006875991821289062
2024-02-14 10:37:37 | TRACE   | query_time, 0.0007173065096139908
2024-02-14 10:37:37 | TRACE   | query_time, 0.0006814748048782349
2024-02-14 10:37:37 | TRACE   | query_time, 0.0006779003888368607
2024-02-14 10:37:37 | TRACE   | query_time, 0.0008356664329767227
2024-02-14 10:37:37 | TRACE   | query_time, 0.0006743781268596649
2024-02-14 10:37:37 | TRACE   | query_time, 0.0006888005882501602
2024-02-14 10:37:37 | TRACE   | query_time, 0.0006799213588237762
2024-02-14 10:37:37 | TRACE   | query_time, 0.000673588365316391
2024-02-14 10:37:37 | TRACE   | query_time, 0.0006897803395986557
2024-02-14 10:37:37 | TRACE   | query_time, 0.0006745383143424988
2024-02-14 10:37:37 | TRACE   | query_time, 0.0006770957261323929
2024-02-14 10:37:37 | TRACE   | query_time, 0.0006820224225521088
2024-02-14 10:37:37 | TRACE   | query_time, 0.0006729830056428909
2024-02-14 10:37:37 | TRACE   | query_time, 0.0006892029196023941
2024-02-14 10:37:37 | TRACE   | query_time, 0.0008560847491025925
2024-02-14 10:37:37 | TRACE   | query_time, 0.0006729215383529663
2024-02-14 10:37:37 | TRACE   | query_time, 0.0006773434579372406
2024-02-14 10:37:37 | TRACE   | query_time, 0.0007213372737169266
2024-02-14 10:37:37 | TRACE   | query_time, 0.0006662141531705856
2024-02-14 10:37:37 | TRACE   | query_time, 0.000833217054605484
2024-02-14 10:37:37 | TRACE   | query_time, 0.0006866008043289185
2024-02-14 10:37:37 | TRACE   | query_time, 0.0007432661950588226
2024-02-14 10:37:37 | TRACE   | query_time, 0.0006808321923017502
2024-02-14 10:37:37 | TRACE   | query_time, 0.0006798896938562393
2024-02-14 10:37:37 | TRACE   | query_time, 0.0007109902799129486
2024-02-14 10:37:37 | TRACE   | query_time, 0.000829523429274559
2024-02-14 10:37:37 | TRACE   | query_time, 0.0008055549114942551
2024-02-14 10:37:37 | TRACE   | query_time, 0.0006818342953920364
2024-02-14 10:37:37 | TRACE   | query_time, 0.0006684586405754089
2024-02-14 10:37:37 | TRACE   | query_time, 0.000667942687869072
2024-02-14 10:37:37 | TRACE   | query_time, 0.0008125528693199158
2024-02-14 10:37:37 | TRACE   | query_time, 0.0007155649363994598
2024-02-14 10:37:37 | TRACE   | query_time, 0.0007975921034812927
2024-02-14 10:37:37 | TRACE   | query_time, 0.0006837975233793259
2024-02-14 10:37:37 | TRACE   | query_time, 0.0008467491716146469
2024-02-14 10:37:37 | TRACE   | query_time, 0.0006784982979297638
2024-02-14 10:37:37 | TRACE   | query_time, 0.0008747037500143051
2024-02-14 10:37:37 | TRACE   | query_time, 0.0006831642240285873
2024-02-14 10:37:37 | TRACE   | query_time, 0.0007252674549818039
2024-02-14 10:37:37 | TRACE   | query_time, 0.0006806515157222748
2024-02-14 10:37:37 | TRACE   | query_time, 0.0006771069020032883
2024-02-14 10:37:37 | TRACE   | query_time, 0.0006673950701951981
2024-02-14 10:37:37 | TRACE   | query_time, 0.0006815232336521149
2024-02-14 10:37:37 | TRACE   | query_time, 0.0007227715104818344
2024-02-14 10:37:37 | TRACE   | query_time, 0.0006823837757110596
2024-02-14 10:37:37 | TRACE   | query_time, 0.000717775896191597
2024-02-14 10:37:37 | TRACE   | query_time, 0.000682806596159935
2024-02-14 10:37:37 | TRACE   | query_time, 0.0006544366478919983
2024-02-14 10:37:37 | TRACE   | query_time, 0.0006710756570100784
2024-02-14 10:37:37 | TRACE   | query_time, 0.0006694290786981583
2024-02-14 10:37:37 | TRACE   | query_time, 0.0006671659648418427
2024-02-14 10:37:37 | TRACE   | query_time, 0.0007108114659786224
2024-02-14 10:37:37 | TRACE   | query_time, 0.0006841924041509628
2024-02-14 10:37:37 | TRACE   | query_time, 0.0006677992641925812
2024-02-14 10:37:37 | TRACE   | query_time, 0.0007837302982807159
2024-02-14 10:37:37 | TRACE   | query_time, 0.000805925577878952
2024-02-14 10:37:37 | TRACE   | query_time, 0.0006678197532892227
2024-02-14 10:37:37 | TRACE   | query_time, 0.000684048980474472
2024-02-14 10:37:37 | TRACE   | query_time, 0.0007136035710573196
2024-02-14 10:37:37 | TRACE   | query_time, 0.0006688237190246582
2024-02-14 10:37:37 | TRACE   | query_time, 0.000675709918141365
2024-02-14 10:37:37 | TRACE   | query_time, 0.0006831418722867966
2024-02-14 10:37:37 | TRACE   | query_time, 0.0008319951593875885
2024-02-14 10:37:37 | TRACE   | query_time, 0.0007135439664125443
2024-02-14 10:37:37 | TRACE   | query_time, 0.000681072473526001
2024-02-14 10:37:37 | TRACE   | query_time, 0.0006634686142206192
2024-02-14 10:37:37 | TRACE   | query_time, 0.0007994044572114944
2024-02-14 10:37:37 | TRACE   | query_time, 0.0006698127835988998
2024-02-14 10:37:37 | TRACE   | query_time, 0.00078597292304039
2024-02-14 10:37:37 | TRACE   | query_time, 0.0006689373403787613
2024-02-14 10:37:37 | TRACE   | query_time, 0.0006917528808116913
2024-02-14 10:37:37 | TRACE   | query_time, 0.0006800573319196701
2024-02-14 10:37:37 | TRACE   | query_time, 0.0008473768830299377
2024-02-14 10:37:37 | TRACE   | query_time, 0.0006695687770843506
2024-02-14 10:37:37 | TRACE   | query_time, 0.0006834026426076889
2024-02-14 10:37:37 | TRACE   | query_time, 0.0008513294160366058
2024-02-14 10:37:37 | TRACE   | query_time, 0.0006703119724988937
2024-02-14 10:37:37 | TRACE   | query_time, 0.0008732397109270096
2024-02-14 10:37:37 | TRACE   | query_time, 0.0006808489561080933
2024-02-14 10:37:37 | TRACE   | query_time, 0.000681878998875618
2024-02-14 10:37:37 | TRACE   | query_time, 0.0006903167814016342
2024-02-14 10:37:37 | TRACE   | query_time, 0.0006685089319944382
2024-02-14 10:37:37 | TRACE   | query_time, 0.0008289497345685959
2024-02-14 10:37:37 | TRACE   | query_time, 0.0006671585142612457
2024-02-14 10:37:37 | TRACE   | query_time, 0.000653587281703949
2024-02-14 10:37:37 | TRACE   | query_time, 0.0007325224578380585
2024-02-14 10:37:37 | TRACE   | query_time, 0.000680120661854744
2024-02-14 10:37:37 | TRACE   | query_time, 0.0006682742387056351
2024-02-14 10:37:37 | TRACE   | query_time, 0.0006664525717496872
2024-02-14 10:37:37 | TRACE   | query_time, 0.0007955431938171387
2024-02-14 10:37:37 | TRACE   | query_time, 0.0007039271295070648
2024-02-14 10:37:37 | TRACE   | query_time, 0.0006712451577186584
2024-02-14 10:37:37 | TRACE   | query_time, 0.0036908108741045
2024-02-14 10:37:37 | TRACE   | query_time, 0.004092708230018616
2024-02-14 10:37:37 | TRACE   | query_time, 0.003567105159163475
2024-02-14 10:37:37 | TRACE   | query_time, 0.003493810072541237
2024-02-14 10:37:37 | TRACE   | query_time, 0.0036687757819890976
2024-02-14 10:37:37 | TRACE   | query_time, 0.003443783149123192
2024-02-14 10:37:37 | TRACE   | query_time, 0.003456592559814453
2024-02-14 10:37:37 | TRACE   | query_time, 0.0035932641476392746
2024-02-14 10:37:37 | TRACE   | query_time, 0.0034018922597169876
2024-02-14 10:37:37 | TRACE   | query_time, 0.003388039767742157
2024-02-14 10:37:37 | TRACE   | query_time, 0.003563361242413521
2024-02-14 10:37:37 | TRACE   | query_time, 0.003442356362938881
2024-02-14 10:37:37 | TRACE   | query_time, 0.0035740789026021957
2024-02-14 10:37:37 | TRACE   | query_time, 0.0034471284598112106
2024-02-14 10:37:37 | TRACE   | query_time, 0.0034365206956863403
2024-02-14 10:37:37 | TRACE   | query_time, 0.0035412367433309555
2024-02-14 10:37:37 | TRACE   | query_time, 0.003651713952422142
2024-02-14 10:37:37 | TRACE   | query_time, 0.003446519374847412
2024-02-14 10:37:37 | TRACE   | query_time, 0.003432067111134529
2024-02-14 10:37:37 | TRACE   | query_time, 0.003428664058446884
2024-02-14 10:37:37 | TRACE   | query_time, 0.0032560843974351883
2024-02-14 10:37:37 | TRACE   | query_time, 0.0035458095371723175
2024-02-14 10:37:37 | TRACE   | query_time, 0.0032340362668037415
2024-02-14 10:37:37 | TRACE   | query_time, 0.003395380452275276
2024-02-14 10:37:37 | TRACE   | query_time, 0.0035536494106054306
2024-02-14 10:37:37 | TRACE   | query_time, 0.003503318876028061
2024-02-14 10:37:37 | TRACE   | query_time, 0.00358426570892334
2024-02-14 10:37:37 | TRACE   | query_time, 0.0035667363554239273
2024-02-14 10:37:37 | TRACE   | query_time, 0.003594936802983284
2024-02-14 10:37:37 | TRACE   | query_time, 0.0032607782632112503
2024-02-14 10:37:37 | TRACE   | query_time, 0.003224622458219528
2024-02-14 10:37:37 | TRACE   | query_time, 0.0034539978951215744
2024-02-14 10:37:37 | TRACE   | query_time, 0.003238184377551079
2024-02-14 10:37:37 | TRACE   | query_time, 0.003587944433093071
2024-02-14 10:37:37 | TRACE   | query_time, 0.003399491310119629
2024-02-14 10:37:37 | TRACE   | query_time, 0.003183748573064804
2024-02-14 10:37:37 | TRACE   | query_time, 0.0033609438687562943
2024-02-14 10:37:37 | TRACE   | query_time, 0.0035382844507694244
2024-02-14 10:37:37 | TRACE   | query_time, 0.0035079363733530045
2024-02-14 10:37:37 | TRACE   | query_time, 0.00331246480345726
2024-02-14 10:37:37 | TRACE   | query_time, 0.003423815593123436
2024-02-14 10:37:37 | TRACE   | query_time, 0.003217015415430069
2024-02-14 10:37:37 | TRACE   | query_time, 0.0034309029579162598
2024-02-14 10:37:37 | TRACE   | query_time, 0.0034140460193157196
2024-02-14 10:37:37 | TRACE   | query_time, 0.0034866631031036377
2024-02-14 10:37:37 | TRACE   | query_time, 0.0034121498465538025
2024-02-14 10:37:37 | TRACE   | query_time, 0.003423413261771202
2024-02-14 10:37:37 | TRACE   | query_time, 0.0034942198544740677
2024-02-14 10:37:37 | TRACE   | query_time, 0.003425346687436104
2024-02-14 10:37:37 | TRACE   | query_time, 0.003423953428864479
2024-02-14 10:37:37 | TRACE   | query_time, 0.0033961981534957886
2024-02-14 10:37:37 | TRACE   | query_time, 0.0035093650221824646
2024-02-14 10:37:37 | TRACE   | query_time, 0.0035076886415481567
2024-02-14 10:37:37 | TRACE   | query_time, 0.003659188747406006
2024-02-14 10:37:37 | TRACE   | query_time, 0.0034199971705675125
2024-02-14 10:37:37 | TRACE   | query_time, 0.003209160640835762
2024-02-14 10:37:37 | TRACE   | query_time, 0.0034315232187509537
2024-02-14 10:37:37 | TRACE   | query_time, 0.0035446658730506897
2024-02-14 10:37:37 | TRACE   | query_time, 0.0034096818417310715
2024-02-14 10:37:37 | TRACE   | query_time, 0.00349254347383976
2024-02-14 10:37:37 | TRACE   | query_time, 0.003424679860472679
2024-02-14 10:37:37 | TRACE   | query_time, 0.0035523120313882828
2024-02-14 10:37:37 | TRACE   | query_time, 0.0038803163915872574
2024-02-14 10:37:37 | TRACE   | query_time, 0.0035381317138671875
2024-02-14 10:37:37 | TRACE   | query_time, 0.0039041005074977875
2024-02-14 10:37:37 | TRACE   | query_time, 0.004006551578640938
2024-02-14 10:37:37 | TRACE   | query_time, 0.0036310777068138123
2024-02-14 10:37:37 | TRACE   | query_time, 0.0032108351588249207
2024-02-14 10:37:37 | TRACE   | query_time, 0.0034438427537679672
2024-02-14 10:37:37 | TRACE   | query_time, 0.003448750823736191
2024-02-14 10:37:37 | TRACE   | query_time, 0.003545427694916725
2024-02-14 10:37:37 | TRACE   | query_time, 0.003388402983546257
2024-02-14 10:37:37 | TRACE   | query_time, 0.003400210291147232
2024-02-14 10:37:37 | TRACE   | query_time, 0.003418104723095894
2024-02-14 10:37:37 | TRACE   | query_time, 0.0035251080989837646
2024-02-14 10:37:37 | TRACE   | query_time, 0.0034159626811742783
2024-02-14 10:37:37 | TRACE   | query_time, 0.0034300927072763443
2024-02-14 10:37:37 | TRACE   | query_time, 0.0035109370946884155
2024-02-14 10:37:37 | TRACE   | query_time, 0.0034381765872240067
2024-02-14 10:37:37 | TRACE   | query_time, 0.0033960100263357162
2024-02-14 10:37:37 | TRACE   | query_time, 0.003397451713681221
2024-02-14 10:37:37 | TRACE   | query_time, 0.0035664699971675873
2024-02-14 10:37:37 | TRACE   | query_time, 0.003960823640227318
2024-02-14 10:37:37 | TRACE   | query_time, 0.003556322306394577
2024-02-14 10:37:37 | TRACE   | query_time, 0.00363755039870739
2024-02-14 10:37:37 | TRACE   | query_time, 0.0032393597066402435
2024-02-14 10:37:37 | TRACE   | query_time, 0.0034249629825353622
2024-02-14 10:37:37 | TRACE   | query_time, 0.003407711163163185
2024-02-14 10:37:37 | TRACE   | query_time, 0.003250483423471451
2024-02-14 10:37:37 | TRACE   | query_time, 0.0032074525952339172
2024-02-14 10:37:37 | TRACE   | query_time, 0.0033712852746248245
2024-02-14 10:37:37 | TRACE   | query_time, 0.0035630781203508377
2024-02-14 10:37:37 | TRACE   | query_time, 0.0035482309758663177
2024-02-14 10:37:38 | TRACE   | query_time, 0.0035910960286855698
2024-02-14 10:37:38 | TRACE   | query_time, 0.004021031782031059
2024-02-14 10:37:38 | TRACE   | query_time, 0.003330165520310402
2024-02-14 10:37:38 | TRACE   | query_time, 0.003996808081865311
2024-02-14 10:37:38 | TRACE   | query_time, 0.0036509018391370773
2024-02-14 10:37:38 | TRACE   | query_time, 0.00321318581700325
2024-02-14 10:37:38 | TRACE   | query_time, 0.003186548128724098
2024-02-14 10:37:38 | TRACE   | query_time, 0.0034208744764328003
2024-02-14 10:37:38 | TRACE   | query_time, 0.0032189395278692245
2024-02-14 10:37:38 | TRACE   | query_time, 0.0031838752329349518
2024-02-14 10:37:38 | TRACE   | query_time, 0.003427315503358841
2024-02-14 10:37:38 | TRACE   | query_time, 0.0035384055227041245
2024-02-14 10:37:38 | TRACE   | query_time, 0.003196150064468384
2024-02-14 10:37:38 | TRACE   | query_time, 0.0033839382231235504
2024-02-14 10:37:38 | TRACE   | query_time, 0.003423621878027916
2024-02-14 10:37:38 | TRACE   | query_time, 0.0034069903194904327
2024-02-14 10:37:38 | TRACE   | query_time, 0.003551734611392021
2024-02-14 10:37:38 | TRACE   | query_time, 0.003436470404267311
2024-02-14 10:37:38 | TRACE   | query_time, 0.0039421990513801575
2024-02-14 10:37:38 | TRACE   | query_time, 0.003974581137299538
2024-02-14 10:37:38 | TRACE   | query_time, 0.0034983474761247635
2024-02-14 10:37:38 | TRACE   | query_time, 0.0034115444868803024
2024-02-14 10:37:38 | TRACE   | query_time, 0.0032963715493679047
2024-02-14 10:37:38 | TRACE   | query_time, 0.0033907201141119003
2024-02-14 10:37:38 | TRACE   | query_time, 0.0034090131521224976
2024-02-14 10:37:38 | TRACE   | query_time, 0.00320429727435112
2024-02-14 10:37:38 | TRACE   | query_time, 0.0032338835299015045
2024-02-14 10:37:38 | TRACE   | query_time, 0.0034796446561813354
2024-02-14 10:37:38 | TRACE   | query_time, 0.003845272585749626
2024-02-14 10:37:38 | TRACE   | query_time, 0.003421282395720482
2024-02-14 10:37:38 | TRACE   | query_time, 0.0035599954426288605
2024-02-14 10:37:38 | TRACE   | query_time, 0.003504723310470581
2024-02-14 10:37:38 | TRACE   | query_time, 0.0035714954137802124
2024-02-14 10:37:38 | TRACE   | query_time, 0.0036090724170207977
2024-02-14 10:37:38 | TRACE   | query_time, 0.0037716683000326157
2024-02-14 10:37:38 | TRACE   | query_time, 0.0035740789026021957
2024-02-14 10:37:38 | TRACE   | query_time, 0.0037595462054014206
2024-02-14 10:37:38 | TRACE   | query_time, 0.0035833660513162613
2024-02-14 10:37:38 | TRACE   | query_time, 0.0038506854325532913
2024-02-14 10:37:38 | TRACE   | query_time, 0.0038530807942152023
2024-02-14 10:37:38 | TRACE   | query_time, 0.0038404706865549088
2024-02-14 10:37:38 | TRACE   | query_time, 0.004225781187415123
2024-02-14 10:37:38 | TRACE   | query_time, 0.003843458369374275
2024-02-14 10:37:38 | TRACE   | query_time, 0.003613382577896118
2024-02-14 10:37:38 | TRACE   | query_time, 0.0037432555109262466
2024-02-14 10:37:38 | TRACE   | query_time, 0.0035711582750082016
2024-02-14 10:37:38 | TRACE   | query_time, 0.003597067669034004
2024-02-14 10:37:38 | TRACE   | query_time, 0.0038313884288072586
2024-02-14 10:37:38 | TRACE   | query_time, 0.0037523265928030014
2024-02-14 10:37:38 | TRACE   | query_time, 0.003788670524954796
2024-02-14 10:37:38 | TRACE   | query_time, 0.003779452294111252
2024-02-14 10:37:38 | TRACE   | query_time, 0.0037249643355607986
2024-02-14 10:37:38 | TRACE   | query_time, 0.003581743687391281
2024-02-14 10:37:38 | TRACE   | query_time, 0.0035983864217996597
2024-02-14 10:37:38 | TRACE   | query_time, 0.003736136481165886
2024-02-14 10:37:38 | TRACE   | query_time, 0.0038107410073280334
2024-02-14 10:37:38 | TRACE   | query_time, 0.004134071990847588
2024-02-14 10:37:38 | TRACE   | query_time, 0.0042257849127054214
2024-02-14 10:37:38 | TRACE   | query_time, 0.003869699314236641
2024-02-14 10:37:38 | TRACE   | query_time, 0.0035920273512601852
2024-02-14 10:37:38 | TRACE   | query_time, 0.003585170954465866
2024-02-14 10:37:38 | TRACE   | query_time, 0.0037490297108888626
2024-02-14 10:37:38 | TRACE   | query_time, 0.0038329102098941803
2024-02-14 10:37:38 | TRACE   | query_time, 0.003861483186483383
2024-02-14 10:37:38 | TRACE   | query_time, 0.004138024523854256
2024-02-14 10:37:38 | TRACE   | query_time, 0.0038649551570415497
2024-02-14 10:37:38 | TRACE   | query_time, 0.004170779138803482
2024-02-14 10:37:38 | TRACE   | query_time, 0.003820018842816353
2024-02-14 10:37:38 | TRACE   | query_time, 0.0038313083350658417
2024-02-14 10:37:38 | TRACE   | query_time, 0.003776371479034424
2024-02-14 10:37:38 | TRACE   | query_time, 0.003750145435333252
2024-02-14 10:37:38 | TRACE   | query_time, 0.0036000609397888184
2024-02-14 10:37:38 | TRACE   | query_time, 0.004577344283461571
2024-02-14 10:37:38 | TRACE   | query_time, 0.0038971565663814545
2024-02-14 10:37:38 | TRACE   | query_time, 0.003838658332824707
2024-02-14 10:37:38 | TRACE   | query_time, 0.003769323229789734
2024-02-14 10:37:38 | TRACE   | query_time, 0.004172634333372116
2024-02-14 10:37:38 | TRACE   | query_time, 0.003793163225054741
2024-02-14 10:37:38 | TRACE   | query_time, 0.0037835631519556046
2024-02-14 10:37:38 | TRACE   | query_time, 0.0036235563457012177
2024-02-14 10:37:38 | TRACE   | query_time, 0.003916114568710327
2024-02-14 10:37:38 | TRACE   | query_time, 0.0036384761333465576
2024-02-14 10:37:38 | TRACE   | query_time, 0.0037774275988340378
2024-02-14 10:37:38 | TRACE   | query_time, 0.0035864897072315216
2024-02-14 10:37:38 | TRACE   | query_time, 0.003720652312040329
2024-02-14 10:37:38 | TRACE   | query_time, 0.004182456061244011
2024-02-14 10:37:38 | TRACE   | query_time, 0.0038978829979896545
2024-02-14 10:37:38 | TRACE   | query_time, 0.003768177703022957
2024-02-14 10:37:38 | TRACE   | query_time, 0.003618495538830757
2024-02-14 10:37:38 | TRACE   | query_time, 0.003818744793534279
2024-02-14 10:37:38 | TRACE   | query_time, 0.003837278112769127
2024-02-14 10:37:38 | TRACE   | query_time, 0.003721008077263832
2024-02-14 10:37:38 | TRACE   | query_time, 0.0038183610886335373
2024-02-14 10:37:38 | TRACE   | query_time, 0.0037555135786533356
2024-02-14 10:37:38 | TRACE   | query_time, 0.0038448721170425415
2024-02-14 10:37:38 | TRACE   | query_time, 0.0038728248327970505
2024-02-14 10:37:38 | TRACE   | query_time, 0.0037580765783786774
2024-02-14 10:37:38 | TRACE   | query_time, 0.003755686804652214
2024-02-14 10:37:38 | TRACE   | query_time, 0.0035805348306894302
2024-02-14 10:37:38 | TRACE   | query_time, 0.0037804637104272842
2024-02-14 10:37:38 | TRACE   | query_time, 0.0035904552787542343
2024-02-14 10:37:38 | TRACE   | query_time, 0.0037382803857326508
2024-02-14 10:37:38 | TRACE   | query_time, 0.0037749558687210083
2024-02-14 10:37:38 | TRACE   | query_time, 0.0038617514073848724
2024-02-14 10:37:38 | TRACE   | query_time, 0.003806808963418007
2024-02-14 10:37:38 | TRACE   | query_time, 0.0037760399281978607
2024-02-14 10:37:38 | TRACE   | query_time, 0.0038444790989160538
2024-02-14 10:37:38 | TRACE   | query_time, 0.004137465730309486
2024-02-14 10:37:38 | TRACE   | query_time, 0.003670116886496544
2024-02-14 10:37:38 | TRACE   | query_time, 0.0038457680493593216
2024-02-14 10:37:38 | TRACE   | query_time, 0.003930129110813141
2024-02-14 10:37:38 | TRACE   | query_time, 0.0036651045083999634
2024-02-14 10:37:38 | TRACE   | query_time, 0.0038243047893047333
2024-02-14 10:37:38 | TRACE   | query_time, 0.003834519535303116
2024-02-14 10:37:38 | TRACE   | query_time, 0.0037609562277793884
2024-02-14 10:37:38 | TRACE   | query_time, 0.0037654172629117966
2024-02-14 10:37:38 | TRACE   | query_time, 0.0042212363332509995
2024-02-14 10:37:38 | TRACE   | query_time, 0.0036830995231866837
2024-02-14 10:37:38 | TRACE   | query_time, 0.0038244370371103287
2024-02-14 10:37:38 | TRACE   | query_time, 0.004600249230861664
2024-02-14 10:37:38 | TRACE   | query_time, 0.003853900358080864
2024-02-14 10:37:38 | TRACE   | query_time, 0.0039259158074855804
2024-02-14 10:37:38 | TRACE   | query_time, 0.003586418926715851
2024-02-14 10:37:38 | TRACE   | query_time, 0.0035831723362207413
2024-02-14 10:37:38 | TRACE   | query_time, 0.003767484799027443
2024-02-14 10:37:38 | TRACE   | query_time, 0.003882830962538719
2024-02-14 10:37:38 | TRACE   | query_time, 0.00417533703148365
2024-02-14 10:37:38 | TRACE   | query_time, 0.003903178498148918
2024-02-14 10:37:38 | TRACE   | query_time, 0.0037641990929841995
2024-02-14 10:37:38 | TRACE   | query_time, 0.003813832998275757
2024-02-14 10:37:38 | TRACE   | query_time, 0.0037786513566970825
2024-02-14 10:37:38 | TRACE   | query_time, 0.0037517789751291275
2024-02-14 10:37:38 | TRACE   | query_time, 0.004095602780580521
2024-02-14 10:37:38 | TRACE   | query_time, 0.004242194816470146
2024-02-14 10:37:38 | TRACE   | query_time, 0.003828899934887886
2024-02-14 10:37:38 | TRACE   | query_time, 0.003906751051545143
2024-02-14 10:37:38 | TRACE   | query_time, 0.0036078058183193207
2024-02-14 10:37:38 | TRACE   | query_time, 0.0037622004747390747
2024-02-14 10:37:38 | TRACE   | query_time, 0.003576098009943962
2024-02-14 10:37:38 | TRACE   | query_time, 0.003740895539522171
2024-02-14 10:37:38 | TRACE   | query_time, 0.0037825945764780045
2024-02-14 10:37:38 | TRACE   | query_time, 0.003843819722533226
2024-02-14 10:37:38 | TRACE   | query_time, 0.0038155801594257355
2024-02-14 10:37:38 | TRACE   | query_time, 0.0035777706652879715
2024-02-14 10:37:38 | TRACE   | query_time, 0.003776034340262413
2024-02-14 10:37:38 | TRACE   | query_time, 0.003825753927230835
2024-02-14 10:37:38 | TRACE   | query_time, 0.003674514591693878
2024-02-14 10:37:38 | TRACE   | query_time, 0.003864079713821411
2024-02-14 10:37:38 | TRACE   | query_time, 0.0038066674023866653
2024-02-14 10:37:38 | TRACE   | query_time, 0.0037666447460651398
2024-02-14 10:37:38 | TRACE   | query_time, 0.0036014635115861893
2024-02-14 10:37:38 | TRACE   | query_time, 0.0037568453699350357
2024-02-14 10:37:38 | TRACE   | query_time, 0.003845352679491043
2024-02-14 10:37:38 | TRACE   | query_time, 0.0038320552557706833
2024-02-14 10:37:38 | TRACE   | query_time, 0.003602009266614914
2024-02-14 10:37:38 | TRACE   | query_time, 0.003827519714832306
2024-02-14 10:37:38 | TRACE   | query_time, 0.0036512278020381927
2024-02-14 10:37:38 | TRACE   | query_time, 0.003772769123315811
2024-02-14 10:37:38 | TRACE   | query_time, 0.0036685559898614883
2024-02-14 10:37:38 | TRACE   | query_time, 0.0038025081157684326
2024-02-14 10:37:38 | TRACE   | query_time, 0.0037840604782104492
2024-02-14 10:37:38 | TRACE   | query_time, 0.0037646666169166565
2024-02-14 10:37:38 | TRACE   | query_time, 0.00360659696161747
2024-02-14 10:37:38 | TRACE   | query_time, 0.003921419382095337
2024-02-14 10:37:38 | TRACE   | query_time, 0.003766927868127823
2024-02-14 10:37:38 | TRACE   | query_time, 0.0036307834088802338
2024-02-14 10:37:38 | TRACE   | query_time, 0.00376087985932827
2024-02-14 10:37:38 | TRACE   | query_time, 0.0038542039692401886
2024-02-14 10:37:38 | TRACE   | query_time, 0.003739370033144951
2024-02-14 10:37:38 | TRACE   | query_time, 0.0038053393363952637
