2024-02-14 10:36:38 | DEBUG   | {'input': PosixPath('data/open_data_usa/indices/microbenchmarks/rebinning-k50.zst'), 'input_type': 'index', 'queries': PosixPath('data/open_data_usa/queries/microbenchmarks.zst'), 'estimation_mode': None, 'index_mode': 'recall', 'output': None, 'workers': None, 'frequency_hists': False, 'suppress_results': False, 'log_level': 'INFO', 'log_file': PosixPath('logs/microbenchmarks/runtime/open_data_usa-rebinning-k50-single-2.log')}
2024-02-14 10:36:38 | DEBUG   | Loading input data from data/open_data_usa/indices/microbenchmarks/rebinning-k50.zst
2024-02-14 10:36:39 | DEBUG   | Loading queries from data/open_data_usa/queries/microbenchmarks.zst
2024-02-14 10:36:39 | TRACE   | bootstrap_time, 0.4500062223523855
2024-02-14 10:36:39 | DEBUG   | Starting execution
2024-02-14 10:36:39 | TRACE   | query_time, 0.0003605801612138748
2024-02-14 10:36:39 | TRACE   | query_time, 0.00023158080875873566
2024-02-14 10:36:39 | TRACE   | query_time, 0.00022374652326107025
2024-02-14 10:36:39 | TRACE   | query_time, 0.00021909549832344055
2024-02-14 10:36:39 | TRACE   | query_time, 0.0002228710800409317
2024-02-14 10:36:39 | TRACE   | query_time, 0.00021964311599731445
2024-02-14 10:36:39 | TRACE   | query_time, 0.0002662837505340576
2024-02-14 10:36:39 | TRACE   | query_time, 0.00021231546998023987
2024-02-14 10:36:39 | TRACE   | query_time, 0.00021246634423732758
2024-02-14 10:36:39 | TRACE   | query_time, 0.0002355240285396576
2024-02-14 10:36:39 | TRACE   | query_time, 0.00021340325474739075
2024-02-14 10:36:39 | TRACE   | query_time, 0.00021228566765785217
2024-02-14 10:36:39 | TRACE   | query_time, 0.0002309810370206833
2024-02-14 10:36:39 | TRACE   | query_time, 0.00023606792092323303
2024-02-14 10:36:39 | TRACE   | query_time, 0.00022841989994049072
2024-02-14 10:36:39 | TRACE   | query_time, 0.00023270957171916962
2024-02-14 10:36:39 | TRACE   | query_time, 0.00023862160742282867
2024-02-14 10:36:39 | TRACE   | query_time, 0.00023395568132400513
2024-02-14 10:36:39 | TRACE   | query_time, 0.00022555142641067505
2024-02-14 10:36:39 | TRACE   | query_time, 0.00023387372493743896
2024-02-14 10:36:39 | TRACE   | query_time, 0.00025449879467487335
2024-02-14 10:36:39 | TRACE   | query_time, 0.0002222266048192978
2024-02-14 10:36:39 | TRACE   | query_time, 0.00024299509823322296
2024-02-14 10:36:39 | TRACE   | query_time, 0.00023257173597812653
2024-02-14 10:36:39 | TRACE   | query_time, 0.00024048052728176117
2024-02-14 10:36:39 | TRACE   | query_time, 0.00022848881781101227
2024-02-14 10:36:39 | TRACE   | query_time, 0.00023324601352214813
2024-02-14 10:36:39 | TRACE   | query_time, 0.0002474021166563034
2024-02-14 10:36:39 | TRACE   | query_time, 0.00023576803505420685
2024-02-14 10:36:39 | TRACE   | query_time, 0.00022712722420692444
2024-02-14 10:36:39 | TRACE   | query_time, 0.0002687200903892517
2024-02-14 10:36:39 | TRACE   | query_time, 0.0002370774745941162
2024-02-14 10:36:39 | TRACE   | query_time, 0.00023922137916088104
2024-02-14 10:36:39 | TRACE   | query_time, 0.00022458471357822418
2024-02-14 10:36:39 | TRACE   | query_time, 0.00023744069039821625
2024-02-14 10:36:39 | TRACE   | query_time, 0.00023199617862701416
2024-02-14 10:36:39 | TRACE   | query_time, 0.0002403203397989273
2024-02-14 10:36:39 | TRACE   | query_time, 0.000254310667514801
2024-02-14 10:36:39 | TRACE   | query_time, 0.0002341102808713913
2024-02-14 10:36:39 | TRACE   | query_time, 0.0002484731376171112
2024-02-14 10:36:39 | TRACE   | query_time, 0.00023670122027397156
2024-02-14 10:36:39 | TRACE   | query_time, 0.00024224072694778442
2024-02-14 10:36:39 | TRACE   | query_time, 0.000237148255109787
2024-02-14 10:36:39 | TRACE   | query_time, 0.00024700723588466644
2024-02-14 10:36:39 | TRACE   | query_time, 0.00023744627833366394
2024-02-14 10:36:39 | TRACE   | query_time, 0.00022360309958457947
2024-02-14 10:36:39 | TRACE   | query_time, 0.0002347305417060852
2024-02-14 10:36:39 | TRACE   | query_time, 0.00024803541600704193
2024-02-14 10:36:39 | TRACE   | query_time, 0.00023530982434749603
2024-02-14 10:36:39 | TRACE   | query_time, 0.00022629089653491974
2024-02-14 10:36:39 | TRACE   | query_time, 0.0002812761813402176
2024-02-14 10:36:39 | TRACE   | query_time, 0.00023039989173412323
2024-02-14 10:36:39 | TRACE   | query_time, 0.00025872141122817993
2024-02-14 10:36:39 | TRACE   | query_time, 0.00022573582828044891
2024-02-14 10:36:39 | TRACE   | query_time, 0.00024065189063549042
2024-02-14 10:36:39 | TRACE   | query_time, 0.00024818815290927887
2024-02-14 10:36:39 | TRACE   | query_time, 0.0002331230789422989
2024-02-14 10:36:39 | TRACE   | query_time, 0.00022458843886852264
2024-02-14 10:36:39 | TRACE   | query_time, 0.0002333708107471466
2024-02-14 10:36:39 | TRACE   | query_time, 0.00023029744625091553
2024-02-14 10:36:39 | TRACE   | query_time, 0.00023685581982135773
2024-02-14 10:36:39 | TRACE   | query_time, 0.00022573955357074738
2024-02-14 10:36:39 | TRACE   | query_time, 0.0002897121012210846
2024-02-14 10:36:39 | TRACE   | query_time, 0.0002409815788269043
2024-02-14 10:36:39 | TRACE   | query_time, 0.0002399887889623642
2024-02-14 10:36:39 | TRACE   | query_time, 0.00022602640092372894
2024-02-14 10:36:39 | TRACE   | query_time, 0.0002353806048631668
2024-02-14 10:36:39 | TRACE   | query_time, 0.0002311021089553833
2024-02-14 10:36:39 | TRACE   | query_time, 0.00023241713643074036
2024-02-14 10:36:39 | TRACE   | query_time, 0.00022247619926929474
2024-02-14 10:36:39 | TRACE   | query_time, 0.000237245112657547
2024-02-14 10:36:39 | TRACE   | query_time, 0.0002361796796321869
2024-02-14 10:36:39 | TRACE   | query_time, 0.00023148395121097565
2024-02-14 10:36:39 | TRACE   | query_time, 0.0002254880964756012
2024-02-14 10:36:39 | TRACE   | query_time, 0.00024887919425964355
2024-02-14 10:36:39 | TRACE   | query_time, 0.0002457518130540848
2024-02-14 10:36:39 | TRACE   | query_time, 0.000226583331823349
2024-02-14 10:36:39 | TRACE   | query_time, 0.00023422017693519592
2024-02-14 10:36:39 | TRACE   | query_time, 0.00023516640067100525
2024-02-14 10:36:39 | TRACE   | query_time, 0.00023403950035572052
2024-02-14 10:36:39 | TRACE   | query_time, 0.00023664720356464386
2024-02-14 10:36:39 | TRACE   | query_time, 0.00023361481726169586
2024-02-14 10:36:39 | TRACE   | query_time, 0.00023691542446613312
2024-02-14 10:36:39 | TRACE   | query_time, 0.00025252439081668854
2024-02-14 10:36:39 | TRACE   | query_time, 0.00022662431001663208
2024-02-14 10:36:39 | TRACE   | query_time, 0.00024113990366458893
2024-02-14 10:36:39 | TRACE   | query_time, 0.00023560784757137299
2024-02-14 10:36:39 | TRACE   | query_time, 0.00023426488041877747
2024-02-14 10:36:39 | TRACE   | query_time, 0.00023620575666427612
2024-02-14 10:36:39 | TRACE   | query_time, 0.00023382529616355896
2024-02-14 10:36:39 | TRACE   | query_time, 0.0002586599439382553
2024-02-14 10:36:39 | TRACE   | query_time, 0.00023200549185276031
2024-02-14 10:36:39 | TRACE   | query_time, 0.00022943690419197083
2024-02-14 10:36:39 | TRACE   | query_time, 0.0002289172261953354
2024-02-14 10:36:39 | TRACE   | query_time, 0.00023216381669044495
2024-02-14 10:36:39 | TRACE   | query_time, 0.00023217499256134033
2024-02-14 10:36:39 | TRACE   | query_time, 0.00022513791918754578
2024-02-14 10:36:39 | TRACE   | query_time, 0.00024016015231609344
2024-02-14 10:36:39 | TRACE   | query_time, 0.00023033283650875092
2024-02-14 10:36:39 | TRACE   | query_time, 0.00022855587303638458
2024-02-14 10:36:39 | TRACE   | query_time, 0.0002708081156015396
2024-02-14 10:36:39 | TRACE   | query_time, 0.00024513155221939087
2024-02-14 10:36:39 | TRACE   | query_time, 0.00023435428738594055
2024-02-14 10:36:39 | TRACE   | query_time, 0.00022721849381923676
2024-02-14 10:36:39 | TRACE   | query_time, 0.00022541359066963196
2024-02-14 10:36:39 | TRACE   | query_time, 0.0002298690378665924
2024-02-14 10:36:39 | TRACE   | query_time, 0.00023233145475387573
2024-02-14 10:36:39 | TRACE   | query_time, 0.00023117288947105408
2024-02-14 10:36:39 | TRACE   | query_time, 0.00022481195628643036
2024-02-14 10:36:39 | TRACE   | query_time, 0.00023051537573337555
2024-02-14 10:36:39 | TRACE   | query_time, 0.00023454800248146057
2024-02-14 10:36:39 | TRACE   | query_time, 0.00022327527403831482
2024-02-14 10:36:39 | TRACE   | query_time, 0.00025537796318531036
2024-02-14 10:36:39 | TRACE   | query_time, 0.00023574382066726685
2024-02-14 10:36:39 | TRACE   | query_time, 0.00023807212710380554
2024-02-14 10:36:39 | TRACE   | query_time, 0.00024074502289295197
2024-02-14 10:36:39 | TRACE   | query_time, 0.0002845432609319687
2024-02-14 10:36:39 | TRACE   | query_time, 0.0002328287810087204
2024-02-14 10:36:39 | TRACE   | query_time, 0.0002331417053937912
2024-02-14 10:36:39 | TRACE   | query_time, 0.0002770945429801941
2024-02-14 10:36:39 | TRACE   | query_time, 0.0002270527184009552
2024-02-14 10:36:39 | TRACE   | query_time, 0.00023096054792404175
2024-02-14 10:36:39 | TRACE   | query_time, 0.00024775974452495575
2024-02-14 10:36:39 | TRACE   | query_time, 0.0002299956977367401
2024-02-14 10:36:39 | TRACE   | query_time, 0.0002260841429233551
2024-02-14 10:36:39 | TRACE   | query_time, 0.0002293158322572708
2024-02-14 10:36:39 | TRACE   | query_time, 0.0002331659197807312
2024-02-14 10:36:39 | TRACE   | query_time, 0.00023053213953971863
2024-02-14 10:36:39 | TRACE   | query_time, 0.00023247301578521729
2024-02-14 10:36:39 | TRACE   | query_time, 0.0002470109611749649
2024-02-14 10:36:39 | TRACE   | query_time, 0.00023693032562732697
2024-02-14 10:36:39 | TRACE   | query_time, 0.00023321248590946198
2024-02-14 10:36:39 | TRACE   | query_time, 0.00023519247770309448
2024-02-14 10:36:39 | TRACE   | query_time, 0.00023157522082328796
2024-02-14 10:36:39 | TRACE   | query_time, 0.0002348925918340683
2024-02-14 10:36:39 | TRACE   | query_time, 0.000251011922955513
2024-02-14 10:36:39 | TRACE   | query_time, 0.00023318268358707428
2024-02-14 10:36:39 | TRACE   | query_time, 0.0002328231930732727
2024-02-14 10:36:39 | TRACE   | query_time, 0.0002336408942937851
2024-02-14 10:36:39 | TRACE   | query_time, 0.00024098530411720276
2024-02-14 10:36:39 | TRACE   | query_time, 0.0002334360033273697
2024-02-14 10:36:39 | TRACE   | query_time, 0.00023016147315502167
2024-02-14 10:36:39 | TRACE   | query_time, 0.0002319980412721634
2024-02-14 10:36:39 | TRACE   | query_time, 0.0002233106642961502
2024-02-14 10:36:39 | TRACE   | query_time, 0.00028443895280361176
2024-02-14 10:36:39 | TRACE   | query_time, 0.00022965483367443085
2024-02-14 10:36:39 | TRACE   | query_time, 0.0002765227109193802
2024-02-14 10:36:39 | TRACE   | query_time, 0.0002362579107284546
2024-02-14 10:36:39 | TRACE   | query_time, 0.0002241767942905426
2024-02-14 10:36:39 | TRACE   | query_time, 0.0002364031970500946
2024-02-14 10:36:39 | TRACE   | query_time, 0.0002663116902112961
2024-02-14 10:36:39 | TRACE   | query_time, 0.0002760663628578186
2024-02-14 10:36:39 | TRACE   | query_time, 0.00022597983479499817
2024-02-14 10:36:39 | TRACE   | query_time, 0.00023299269378185272
2024-02-14 10:36:39 | TRACE   | query_time, 0.00023416802287101746
2024-02-14 10:36:39 | TRACE   | query_time, 0.00023202598094940186
2024-02-14 10:36:39 | TRACE   | query_time, 0.00022440031170845032
2024-02-14 10:36:39 | TRACE   | query_time, 0.0002461615949869156
2024-02-14 10:36:39 | TRACE   | query_time, 0.00023024901747703552
2024-02-14 10:36:39 | TRACE   | query_time, 0.000235043466091156
2024-02-14 10:36:39 | TRACE   | query_time, 0.00023115426301956177
2024-02-14 10:36:39 | TRACE   | query_time, 0.0002753976732492447
2024-02-14 10:36:39 | TRACE   | query_time, 0.0002363249659538269
2024-02-14 10:36:39 | TRACE   | query_time, 0.0002811551094055176
2024-02-14 10:36:39 | TRACE   | query_time, 0.00023067183792591095
2024-02-14 10:36:39 | TRACE   | query_time, 0.0002415049821138382
2024-02-14 10:36:39 | TRACE   | query_time, 0.00023424439132213593
2024-02-14 10:36:39 | TRACE   | query_time, 0.00023297220468521118
2024-02-14 10:36:39 | TRACE   | query_time, 0.00022725388407707214
2024-02-14 10:36:39 | TRACE   | query_time, 0.0002542324364185333
2024-02-14 10:36:39 | TRACE   | query_time, 0.000231986865401268
2024-02-14 10:36:39 | TRACE   | query_time, 0.00022986717522144318
2024-02-14 10:36:39 | TRACE   | query_time, 0.00022712163627147675
2024-02-14 10:36:39 | TRACE   | query_time, 0.0002398993819952011
2024-02-14 10:36:39 | TRACE   | query_time, 0.00023162923753261566
2024-02-14 10:36:39 | TRACE   | query_time, 0.0002309400588274002
2024-02-14 10:36:39 | TRACE   | query_time, 0.00022760219871997833
2024-02-14 10:36:39 | TRACE   | query_time, 0.00023178942501544952
2024-02-14 10:36:39 | TRACE   | query_time, 0.00023230351507663727
2024-02-14 10:36:39 | TRACE   | query_time, 0.00022691674530506134
2024-02-14 10:36:39 | TRACE   | query_time, 0.00023219548165798187
2024-02-14 10:36:39 | TRACE   | query_time, 0.00023195892572402954
2024-02-14 10:36:39 | TRACE   | query_time, 0.00024837441742420197
2024-02-14 10:36:39 | TRACE   | query_time, 0.00022327527403831482
2024-02-14 10:36:39 | TRACE   | query_time, 0.00022889487445354462
2024-02-14 10:36:39 | TRACE   | query_time, 0.0002291947603225708
2024-02-14 10:36:39 | TRACE   | query_time, 0.0002808254212141037
2024-02-14 10:36:39 | TRACE   | query_time, 0.00022216886281967163
2024-02-14 10:36:39 | TRACE   | query_time, 0.00023179687559604645
2024-02-14 10:36:39 | TRACE   | query_time, 0.0002286415547132492
2024-02-14 10:36:39 | TRACE   | query_time, 0.00027542561292648315
2024-02-14 10:36:39 | TRACE   | query_time, 0.0002301093190908432
2024-02-14 10:36:39 | TRACE   | query_time, 0.00022588111460208893
2024-02-14 10:36:39 | TRACE   | query_time, 0.0002409517765045166
2024-02-14 10:36:39 | TRACE   | query_time, 0.000229639932513237
2024-02-14 10:36:39 | TRACE   | query_time, 0.00027180835604667664
2024-02-14 10:36:39 | TRACE   | query_time, 0.0002292785793542862
2024-02-14 10:36:39 | TRACE   | query_time, 0.00023508630692958832
2024-02-14 10:36:39 | TRACE   | query_time, 0.00023123808205127716
2024-02-14 10:36:39 | TRACE   | query_time, 0.0002300497144460678
2024-02-14 10:36:39 | TRACE   | query_time, 0.00022458843886852264
2024-02-14 10:36:39 | TRACE   | query_time, 0.0002475529909133911
2024-02-14 10:36:39 | TRACE   | query_time, 0.00023392215371131897
2024-02-14 10:36:39 | TRACE   | query_time, 0.00022258423268795013
2024-02-14 10:36:39 | TRACE   | query_time, 0.00023598410189151764
2024-02-14 10:36:39 | TRACE   | query_time, 0.0002458598464727402
2024-02-14 10:36:39 | TRACE   | query_time, 0.00023687444627285004
2024-02-14 10:36:39 | TRACE   | query_time, 0.00023655965924263
2024-02-14 10:36:39 | TRACE   | query_time, 0.0002339780330657959
2024-02-14 10:36:39 | TRACE   | query_time, 0.000228002667427063
2024-02-14 10:36:39 | TRACE   | query_time, 0.00028944574296474457
2024-02-14 10:36:39 | TRACE   | query_time, 0.00024453550577163696
2024-02-14 10:36:39 | TRACE   | query_time, 0.00022442638874053955
2024-02-14 10:36:39 | TRACE   | query_time, 0.0002307947725057602
2024-02-14 10:36:39 | TRACE   | query_time, 0.00023578107357025146
2024-02-14 10:36:39 | TRACE   | query_time, 0.00022173486649990082
2024-02-14 10:36:39 | TRACE   | query_time, 0.00027797557413578033
2024-02-14 10:36:39 | TRACE   | query_time, 0.00022986717522144318
2024-02-14 10:36:39 | TRACE   | query_time, 0.0002430155873298645
2024-02-14 10:36:39 | TRACE   | query_time, 0.0002289116382598877
2024-02-14 10:36:39 | TRACE   | query_time, 0.00022599659860134125
2024-02-14 10:36:39 | TRACE   | query_time, 0.0002324376255273819
2024-02-14 10:36:39 | TRACE   | query_time, 0.0002305302768945694
2024-02-14 10:36:39 | TRACE   | query_time, 0.00022006966173648834
2024-02-14 10:36:39 | TRACE   | query_time, 0.00025774724781513214
2024-02-14 10:36:39 | TRACE   | query_time, 0.0002303086221218109
2024-02-14 10:36:39 | TRACE   | query_time, 0.00023250654339790344
2024-02-14 10:36:39 | TRACE   | query_time, 0.00022238492965698242
2024-02-14 10:36:39 | TRACE   | query_time, 0.00022969767451286316
2024-02-14 10:36:39 | TRACE   | query_time, 0.0002318304032087326
2024-02-14 10:36:39 | TRACE   | query_time, 0.00025055184960365295
2024-02-14 10:36:39 | TRACE   | query_time, 0.00022348761558532715
2024-02-14 10:36:39 | TRACE   | query_time, 0.00024803541600704193
2024-02-14 10:36:39 | TRACE   | query_time, 0.0002332013100385666
2024-02-14 10:36:39 | TRACE   | query_time, 0.0002766139805316925
2024-02-14 10:36:39 | TRACE   | query_time, 0.00022368133068084717
2024-02-14 10:36:39 | TRACE   | query_time, 0.00023168139159679413
2024-02-14 10:36:39 | TRACE   | query_time, 0.0002303440123796463
2024-02-14 10:36:39 | TRACE   | query_time, 0.00023389048874378204
2024-02-14 10:36:39 | TRACE   | query_time, 0.00022466294467449188
2024-02-14 10:36:39 | TRACE   | query_time, 0.00023255124688148499
2024-02-14 10:36:39 | TRACE   | query_time, 0.00022984668612480164
2024-02-14 10:36:39 | TRACE   | query_time, 0.00023048557341098785
2024-02-14 10:36:39 | TRACE   | query_time, 0.00022165291011333466
2024-02-14 10:36:39 | TRACE   | query_time, 0.00025395676493644714
2024-02-14 10:36:39 | TRACE   | query_time, 0.00022748485207557678
2024-02-14 10:36:39 | TRACE   | query_time, 0.00023772940039634705
2024-02-14 10:36:39 | TRACE   | query_time, 0.00022664852440357208
2024-02-14 10:36:39 | TRACE   | query_time, 0.00023506022989749908
2024-02-14 10:36:39 | TRACE   | query_time, 0.0002284124493598938
2024-02-14 10:36:39 | TRACE   | query_time, 0.00023311562836170197
2024-02-14 10:36:39 | TRACE   | query_time, 0.00022388063371181488
2024-02-14 10:36:39 | TRACE   | query_time, 0.0002301335334777832
2024-02-14 10:36:39 | TRACE   | query_time, 0.00022994540631771088
2024-02-14 10:36:39 | TRACE   | query_time, 0.00022156909108161926
2024-02-14 10:36:39 | TRACE   | query_time, 0.0002671722322702408
2024-02-14 10:36:39 | TRACE   | query_time, 0.00023493729531764984
2024-02-14 10:36:39 | TRACE   | query_time, 0.00023366883397102356
2024-02-14 10:36:39 | TRACE   | query_time, 0.00023085251450538635
2024-02-14 10:36:39 | TRACE   | query_time, 0.000227341428399086
2024-02-14 10:36:39 | TRACE   | query_time, 0.00025616586208343506
2024-02-14 10:36:39 | TRACE   | query_time, 0.00023182667791843414
2024-02-14 10:36:39 | TRACE   | query_time, 0.00024127960205078125
2024-02-14 10:36:39 | TRACE   | query_time, 0.0002209451049566269
2024-02-14 10:36:39 | TRACE   | query_time, 0.00023787282407283783
2024-02-14 10:36:39 | TRACE   | query_time, 0.0002299770712852478
2024-02-14 10:36:39 | TRACE   | query_time, 0.0002557486295700073
2024-02-14 10:36:39 | TRACE   | query_time, 0.00023827701807022095
2024-02-14 10:36:39 | TRACE   | query_time, 0.0002304408699274063
2024-02-14 10:36:39 | TRACE   | query_time, 0.00022748485207557678
2024-02-14 10:36:39 | TRACE   | query_time, 0.00022587180137634277
2024-02-14 10:36:39 | TRACE   | query_time, 0.0002450235188007355
2024-02-14 10:36:39 | TRACE   | query_time, 0.00023882277309894562
2024-02-14 10:36:39 | TRACE   | query_time, 0.00024656765162944794
2024-02-14 10:36:39 | TRACE   | query_time, 0.00022393837571144104
2024-02-14 10:36:39 | TRACE   | query_time, 0.00027520954608917236
2024-02-14 10:36:39 | TRACE   | query_time, 0.00023428909480571747
2024-02-14 10:36:39 | TRACE   | query_time, 0.00027382560074329376
2024-02-14 10:36:39 | TRACE   | query_time, 0.0002325456589460373
2024-02-14 10:36:39 | TRACE   | query_time, 0.00023374520242214203
2024-02-14 10:36:39 | TRACE   | query_time, 0.00023286603391170502
2024-02-14 10:36:39 | TRACE   | query_time, 0.00023308023810386658
2024-02-14 10:36:39 | TRACE   | query_time, 0.00023865140974521637
2024-02-14 10:36:39 | TRACE   | query_time, 0.00022523663938045502
2024-02-14 10:36:39 | TRACE   | query_time, 0.0002465955913066864
2024-02-14 10:36:39 | TRACE   | query_time, 0.00023568421602249146
2024-02-14 10:36:39 | TRACE   | query_time, 0.0002264808863401413
2024-02-14 10:36:39 | TRACE   | query_time, 0.0002321433275938034
2024-02-14 10:36:39 | TRACE   | query_time, 0.0002289246767759323
2024-02-14 10:36:39 | TRACE   | query_time, 0.00023123808205127716
2024-02-14 10:36:39 | TRACE   | query_time, 0.00022353045642375946
2024-02-14 10:36:39 | TRACE   | query_time, 0.00023064762353897095
2024-02-14 10:36:39 | TRACE   | query_time, 0.000232817605137825
2024-02-14 10:36:39 | TRACE   | query_time, 0.00022828765213489532
2024-02-14 10:36:39 | TRACE   | query_time, 0.00022421404719352722
2024-02-14 10:36:39 | TRACE   | query_time, 0.000247245654463768
2024-02-14 10:36:39 | TRACE   | query_time, 0.0002488084137439728
2024-02-14 10:36:39 | TRACE   | query_time, 0.0002289172261953354
2024-02-14 10:36:39 | TRACE   | query_time, 0.00022946298122406006
2024-02-14 10:36:39 | TRACE   | query_time, 0.00023218058049678802
2024-02-14 10:36:39 | TRACE   | query_time, 0.00023173168301582336
2024-02-14 10:36:39 | TRACE   | query_time, 0.00023224204778671265
2024-02-14 10:36:39 | TRACE   | query_time, 0.00022334791719913483
2024-02-14 10:36:39 | TRACE   | query_time, 0.00025174207985401154
2024-02-14 10:36:39 | TRACE   | query_time, 0.0002357475459575653
2024-02-14 10:36:39 | TRACE   | query_time, 0.0002285391092300415
2024-02-14 10:36:39 | TRACE   | query_time, 0.00022498518228530884
2024-02-14 10:36:39 | TRACE   | query_time, 0.00024556368589401245
2024-02-14 10:36:39 | TRACE   | query_time, 0.0002317093312740326
2024-02-14 10:36:39 | TRACE   | query_time, 0.0002441760152578354
2024-02-14 10:36:39 | TRACE   | query_time, 0.0002263728529214859
2024-02-14 10:36:39 | TRACE   | query_time, 0.00023135915398597717
2024-02-14 10:36:39 | TRACE   | query_time, 0.00023880787193775177
2024-02-14 10:36:39 | TRACE   | query_time, 0.0002715885639190674
2024-02-14 10:36:39 | TRACE   | query_time, 0.00022423267364501953
2024-02-14 10:36:39 | TRACE   | query_time, 0.00023310817778110504
2024-02-14 10:36:39 | TRACE   | query_time, 0.0002780463546514511
2024-02-14 10:36:39 | TRACE   | query_time, 0.00023224204778671265
2024-02-14 10:36:39 | TRACE   | query_time, 0.00026853568851947784
2024-02-14 10:36:39 | TRACE   | query_time, 0.00022954493761062622
2024-02-14 10:36:39 | TRACE   | query_time, 0.0002360306680202484
2024-02-14 10:36:39 | TRACE   | query_time, 0.00022929534316062927
2024-02-14 10:36:39 | TRACE   | query_time, 0.00022830627858638763
2024-02-14 10:36:39 | TRACE   | query_time, 0.00025550834834575653
2024-02-14 10:36:39 | TRACE   | query_time, 0.0002321004867553711
2024-02-14 10:36:39 | TRACE   | query_time, 0.00023297034204006195
2024-02-14 10:36:39 | TRACE   | query_time, 0.00023667514324188232
2024-02-14 10:36:39 | TRACE   | query_time, 0.00023045018315315247
2024-02-14 10:36:39 | TRACE   | query_time, 0.00023050419986248016
2024-02-14 10:36:39 | TRACE   | query_time, 0.00022826902568340302
2024-02-14 10:36:39 | TRACE   | query_time, 0.0002387911081314087
2024-02-14 10:36:39 | TRACE   | query_time, 0.00023379363119602203
2024-02-14 10:36:39 | TRACE   | query_time, 0.0002319198101758957
2024-02-14 10:36:39 | TRACE   | query_time, 0.002960631623864174
2024-02-14 10:36:39 | TRACE   | query_time, 0.002941695973277092
2024-02-14 10:36:39 | TRACE   | query_time, 0.0026169512420892715
2024-02-14 10:36:39 | TRACE   | query_time, 0.0025422517210245132
2024-02-14 10:36:39 | TRACE   | query_time, 0.0026554856449365616
2024-02-14 10:36:39 | TRACE   | query_time, 0.0025224387645721436
2024-02-14 10:36:39 | TRACE   | query_time, 0.0025228355079889297
2024-02-14 10:36:39 | TRACE   | query_time, 0.002588745206594467
2024-02-14 10:36:39 | TRACE   | query_time, 0.0024654529988765717
2024-02-14 10:36:39 | TRACE   | query_time, 0.0025008562952280045
2024-02-14 10:36:39 | TRACE   | query_time, 0.0025856290012598038
2024-02-14 10:36:39 | TRACE   | query_time, 0.0025023240596055984
2024-02-14 10:36:39 | TRACE   | query_time, 0.0025765318423509598
2024-02-14 10:36:39 | TRACE   | query_time, 0.0024989470839500427
2024-02-14 10:36:39 | TRACE   | query_time, 0.00247318297624588
2024-02-14 10:36:39 | TRACE   | query_time, 0.002536468207836151
2024-02-14 10:36:39 | TRACE   | query_time, 0.0026251282542943954
2024-02-14 10:36:39 | TRACE   | query_time, 0.002467494457960129
2024-02-14 10:36:39 | TRACE   | query_time, 0.002469213679432869
2024-02-14 10:36:39 | TRACE   | query_time, 0.0024340786039829254
2024-02-14 10:36:39 | TRACE   | query_time, 0.0024337302893400192
2024-02-14 10:36:39 | TRACE   | query_time, 0.0025228597223758698
2024-02-14 10:36:39 | TRACE   | query_time, 0.0023849718272686005
2024-02-14 10:36:39 | TRACE   | query_time, 0.00243571400642395
2024-02-14 10:36:39 | TRACE   | query_time, 0.002519683912396431
2024-02-14 10:36:39 | TRACE   | query_time, 0.002509908750653267
2024-02-14 10:36:39 | TRACE   | query_time, 0.0025399010628461838
2024-02-14 10:36:39 | TRACE   | query_time, 0.0025587715208530426
2024-02-14 10:36:39 | TRACE   | query_time, 0.0024452414363622665
2024-02-14 10:36:39 | TRACE   | query_time, 0.0023404154926538467
2024-02-14 10:36:39 | TRACE   | query_time, 0.0022878069430589676
2024-02-14 10:36:39 | TRACE   | query_time, 0.0024050958454608917
2024-02-14 10:36:39 | TRACE   | query_time, 0.0022984370589256287
2024-02-14 10:36:39 | TRACE   | query_time, 0.002528708428144455
2024-02-14 10:36:39 | TRACE   | query_time, 0.002366039901971817
2024-02-14 10:36:39 | TRACE   | query_time, 0.002278504893183708
2024-02-14 10:36:39 | TRACE   | query_time, 0.0023781917989253998
2024-02-14 10:36:39 | TRACE   | query_time, 0.002425219863653183
2024-02-14 10:36:39 | TRACE   | query_time, 0.0024101529270410538
2024-02-14 10:36:39 | TRACE   | query_time, 0.002342861145734787
2024-02-14 10:36:39 | TRACE   | query_time, 0.002365555614233017
2024-02-14 10:36:39 | TRACE   | query_time, 0.0022682882845401764
2024-02-14 10:36:39 | TRACE   | query_time, 0.002383824437856674
2024-02-14 10:36:39 | TRACE   | query_time, 0.0023693814873695374
2024-02-14 10:36:39 | TRACE   | query_time, 0.002414228394627571
2024-02-14 10:36:39 | TRACE   | query_time, 0.002361815422773361
2024-02-14 10:36:39 | TRACE   | query_time, 0.002366039901971817
2024-02-14 10:36:39 | TRACE   | query_time, 0.0023996103554964066
2024-02-14 10:36:39 | TRACE   | query_time, 0.0023601073771715164
2024-02-14 10:36:39 | TRACE   | query_time, 0.002359669655561447
2024-02-14 10:36:39 | TRACE   | query_time, 0.002358071506023407
2024-02-14 10:36:39 | TRACE   | query_time, 0.002399330958724022
2024-02-14 10:36:39 | TRACE   | query_time, 0.0023863427340984344
2024-02-14 10:36:39 | TRACE   | query_time, 0.0024464409798383713
2024-02-14 10:36:39 | TRACE   | query_time, 0.002346821129322052
2024-02-14 10:36:39 | TRACE   | query_time, 0.0022476129233837128
2024-02-14 10:36:39 | TRACE   | query_time, 0.0023548509925603867
2024-02-14 10:36:39 | TRACE   | query_time, 0.0024398602545261383
2024-02-14 10:36:39 | TRACE   | query_time, 0.0023074019700288773
2024-02-14 10:36:39 | TRACE   | query_time, 0.0023836232721805573
2024-02-14 10:36:39 | TRACE   | query_time, 0.002327512949705124
2024-02-14 10:36:39 | TRACE   | query_time, 0.0024205315858125687
2024-02-14 10:36:39 | TRACE   | query_time, 0.0025779716670513153
2024-02-14 10:36:39 | TRACE   | query_time, 0.0024167299270629883
2024-02-14 10:36:39 | TRACE   | query_time, 0.0025824159383773804
2024-02-14 10:36:39 | TRACE   | query_time, 0.002648722380399704
2024-02-14 10:36:39 | TRACE   | query_time, 0.0024654529988765717
2024-02-14 10:36:39 | TRACE   | query_time, 0.0012910403311252594
2024-02-14 10:36:39 | TRACE   | query_time, 0.00253298319876194
2024-02-14 10:36:39 | TRACE   | query_time, 0.0023361295461654663
2024-02-14 10:36:39 | TRACE   | query_time, 0.0023793689906597137
2024-02-14 10:36:39 | TRACE   | query_time, 0.0023017171770334244
2024-02-14 10:36:39 | TRACE   | query_time, 0.002328593283891678
2024-02-14 10:36:39 | TRACE   | query_time, 0.002290574833750725
2024-02-14 10:36:39 | TRACE   | query_time, 0.0023434143513441086
2024-02-14 10:36:39 | TRACE   | query_time, 0.0022625047713518143
2024-02-14 10:36:39 | TRACE   | query_time, 0.0022670403122901917
2024-02-14 10:36:39 | TRACE   | query_time, 0.0022971518337726593
2024-02-14 10:36:39 | TRACE   | query_time, 0.002276487648487091
2024-02-14 10:36:39 | TRACE   | query_time, 0.002264132723212242
2024-02-14 10:36:39 | TRACE   | query_time, 0.0022570621222257614
2024-02-14 10:36:39 | TRACE   | query_time, 0.0024105124175548553
2024-02-14 10:36:39 | TRACE   | query_time, 0.002546411007642746
2024-02-14 10:36:39 | TRACE   | query_time, 0.002373103052377701
2024-02-14 10:36:39 | TRACE   | query_time, 0.0023786891251802444
2024-02-14 10:36:39 | TRACE   | query_time, 0.0012433715164661407
2024-02-14 10:36:39 | TRACE   | query_time, 0.001476811245083809
2024-02-14 10:36:39 | TRACE   | query_time, 0.001484595239162445
2024-02-14 10:36:39 | TRACE   | query_time, 0.001437721773982048
2024-02-14 10:36:39 | TRACE   | query_time, 0.0013840310275554657
2024-02-14 10:36:39 | TRACE   | query_time, 0.0014669876545667648
2024-02-14 10:36:39 | TRACE   | query_time, 0.0024981722235679626
2024-02-14 10:36:39 | TRACE   | query_time, 0.0023450199514627457
2024-02-14 10:36:39 | TRACE   | query_time, 0.0023859795182943344
2024-02-14 10:36:39 | TRACE   | query_time, 0.0025447122752666473
2024-02-14 10:36:39 | TRACE   | query_time, 0.0012944359332323074
2024-02-14 10:36:39 | TRACE   | query_time, 0.002689475193619728
2024-02-14 10:36:39 | TRACE   | query_time, 0.0023603886365890503
2024-02-14 10:36:39 | TRACE   | query_time, 0.0012193266302347183
2024-02-14 10:36:39 | TRACE   | query_time, 0.001355532556772232
2024-02-14 10:36:39 | TRACE   | query_time, 0.0014112554490566254
2024-02-14 10:36:39 | TRACE   | query_time, 0.0013634338974952698
2024-02-14 10:36:39 | TRACE   | query_time, 0.0013369861990213394
2024-02-14 10:36:39 | TRACE   | query_time, 0.0014077648520469666
2024-02-14 10:36:39 | TRACE   | query_time, 0.00437530130147934
2024-02-14 10:36:39 | TRACE   | query_time, 0.0011896248906850815
2024-02-14 10:36:39 | TRACE   | query_time, 0.0014083310961723328
2024-02-14 10:36:39 | TRACE   | query_time, 0.0014095623046159744
2024-02-14 10:36:39 | TRACE   | query_time, 0.0014411285519599915
2024-02-14 10:36:39 | TRACE   | query_time, 0.002439906820654869
2024-02-14 10:36:39 | TRACE   | query_time, 0.001261277124285698
2024-02-14 10:36:39 | TRACE   | query_time, 0.0026289205998182297
2024-02-14 10:36:39 | TRACE   | query_time, 0.0024788640439510345
2024-02-14 10:36:39 | TRACE   | query_time, 0.002264324575662613
2024-02-14 10:36:39 | TRACE   | query_time, 0.0011355429887771606
2024-02-14 10:36:39 | TRACE   | query_time, 0.0012860167771577835
2024-02-14 10:36:39 | TRACE   | query_time, 0.0012887809425592422
2024-02-14 10:36:39 | TRACE   | query_time, 0.0012881085276603699
2024-02-14 10:36:39 | TRACE   | query_time, 0.0012651998549699783
2024-02-14 10:36:39 | TRACE   | query_time, 0.001288892701268196
2024-02-14 10:36:39 | TRACE   | query_time, 0.0013053081929683685
2024-02-14 10:36:39 | TRACE   | query_time, 0.002522466704249382
2024-02-14 10:36:39 | TRACE   | query_time, 0.0011451542377471924
2024-02-14 10:36:39 | TRACE   | query_time, 0.0014390535652637482
2024-02-14 10:36:39 | TRACE   | query_time, 0.0013199597597122192
2024-02-14 10:36:39 | TRACE   | query_time, 0.004467561841011047
2024-02-14 10:36:39 | TRACE   | query_time, 0.004233134910464287
2024-02-14 10:36:39 | TRACE   | query_time, 0.004097728058695793
2024-02-14 10:36:39 | TRACE   | query_time, 0.004173506051301956
2024-02-14 10:36:39 | TRACE   | query_time, 0.004241878166794777
2024-02-14 10:36:39 | TRACE   | query_time, 0.004167281091213226
2024-02-14 10:36:39 | TRACE   | query_time, 0.004058908671140671
2024-02-14 10:36:39 | TRACE   | query_time, 0.004020867869257927
2024-02-14 10:36:39 | TRACE   | query_time, 0.004018478095531464
2024-02-14 10:36:39 | TRACE   | query_time, 0.0038927365094423294
2024-02-14 10:36:39 | TRACE   | query_time, 0.004003535956144333
2024-02-14 10:36:39 | TRACE   | query_time, 0.004107415676116943
2024-02-14 10:36:39 | TRACE   | query_time, 0.004088468849658966
2024-02-14 10:36:39 | TRACE   | query_time, 0.0042205918580293655
2024-02-14 10:36:39 | TRACE   | query_time, 0.004151793196797371
2024-02-14 10:36:39 | TRACE   | query_time, 0.003931563347578049
2024-02-14 10:36:39 | TRACE   | query_time, 0.004099732264876366
2024-02-14 10:36:39 | TRACE   | query_time, 0.003911860287189484
2024-02-14 10:36:39 | TRACE   | query_time, 0.003983156755566597
2024-02-14 10:36:39 | TRACE   | query_time, 0.004069369286298752
2024-02-14 10:36:39 | TRACE   | query_time, 0.004049399867653847
2024-02-14 10:36:39 | TRACE   | query_time, 0.004064222797751427
2024-02-14 10:36:39 | TRACE   | query_time, 0.004027888178825378
2024-02-14 10:36:39 | TRACE   | query_time, 0.004050297662615776
2024-02-14 10:36:39 | TRACE   | query_time, 0.003780871629714966
2024-02-14 10:36:39 | TRACE   | query_time, 0.0037308000028133392
2024-02-14 10:36:39 | TRACE   | query_time, 0.0038521233946084976
2024-02-14 10:36:39 | TRACE   | query_time, 0.004004867747426033
2024-02-14 10:36:39 | TRACE   | query_time, 0.004089752212166786
2024-02-14 10:36:39 | TRACE   | query_time, 0.004049118608236313
2024-02-14 10:36:39 | TRACE   | query_time, 0.0038485731929540634
2024-02-14 10:36:39 | TRACE   | query_time, 0.0037859249860048294
2024-02-14 10:36:39 | TRACE   | query_time, 0.003695022314786911
2024-02-14 10:36:39 | TRACE   | query_time, 0.003843149170279503
2024-02-14 10:36:39 | TRACE   | query_time, 0.0036902204155921936
2024-02-14 10:36:39 | TRACE   | query_time, 0.003918563947081566
2024-02-14 10:36:39 | TRACE   | query_time, 0.0038165654987096786
2024-02-14 10:36:39 | TRACE   | query_time, 0.003856619819998741
2024-02-14 10:36:39 | TRACE   | query_time, 0.003957020118832588
2024-02-14 10:36:39 | TRACE   | query_time, 0.003999669104814529
2024-02-14 10:36:39 | TRACE   | query_time, 0.0038677919656038284
2024-02-14 10:36:39 | TRACE   | query_time, 0.0038135871291160583
2024-02-14 10:36:39 | TRACE   | query_time, 0.0037991516292095184
2024-02-14 10:36:39 | TRACE   | query_time, 0.0039971936494112015
2024-02-14 10:36:39 | TRACE   | query_time, 0.003684619441628456
2024-02-14 10:36:39 | TRACE   | query_time, 0.0037744827568531036
2024-02-14 10:36:39 | TRACE   | query_time, 0.0039182137697935104
2024-02-14 10:36:39 | TRACE   | query_time, 0.004009079188108444
2024-02-14 10:36:39 | TRACE   | query_time, 0.0038007311522960663
2024-02-14 10:36:39 | TRACE   | query_time, 0.004040224477648735
2024-02-14 10:36:39 | TRACE   | query_time, 0.003936348482966423
2024-02-14 10:36:39 | TRACE   | query_time, 0.004055419936776161
2024-02-14 10:36:39 | TRACE   | query_time, 0.003972874954342842
2024-02-14 10:36:39 | TRACE   | query_time, 0.0035825204104185104
2024-02-14 10:36:39 | TRACE   | query_time, 0.0037032589316368103
2024-02-14 10:36:39 | TRACE   | query_time, 0.00388239324092865
2024-02-14 10:36:39 | TRACE   | query_time, 0.003912664949893951
2024-02-14 10:36:39 | TRACE   | query_time, 0.0037733670324087143
2024-02-14 10:36:39 | TRACE   | query_time, 0.0037297308444976807
2024-02-14 10:36:39 | TRACE   | query_time, 0.003955867141485214
2024-02-14 10:36:39 | TRACE   | query_time, 0.0037805698812007904
2024-02-14 10:36:39 | TRACE   | query_time, 0.003952298313379288
2024-02-14 10:36:39 | TRACE   | query_time, 0.003737187013030052
2024-02-14 10:36:39 | TRACE   | query_time, 0.003704240545630455
2024-02-14 10:36:39 | TRACE   | query_time, 0.003955569118261337
2024-02-14 10:36:39 | TRACE   | query_time, 0.003907209262251854
2024-02-14 10:36:39 | TRACE   | query_time, 0.003997599706053734
2024-02-14 10:36:39 | TRACE   | query_time, 0.0037950892001390457
2024-02-14 10:36:39 | TRACE   | query_time, 0.0039421264082193375
2024-02-14 10:36:39 | TRACE   | query_time, 0.00391065888106823
2024-02-14 10:36:39 | TRACE   | query_time, 0.003905046731233597
2024-02-14 10:36:39 | TRACE   | query_time, 0.0037977024912834167
2024-02-14 10:36:39 | TRACE   | query_time, 0.0037420187145471573
2024-02-14 10:36:39 | TRACE   | query_time, 0.003940671682357788
2024-02-14 10:36:40 | TRACE   | query_time, 0.003710571676492691
2024-02-14 10:36:40 | TRACE   | query_time, 0.003522699698805809
2024-02-14 10:36:40 | TRACE   | query_time, 0.0039946697652339935
2024-02-14 10:36:40 | TRACE   | query_time, 0.0037175416946411133
2024-02-14 10:36:40 | TRACE   | query_time, 0.0036068614572286606
2024-02-14 10:36:40 | TRACE   | query_time, 0.004001980647444725
2024-02-14 10:36:40 | TRACE   | query_time, 0.0037021860480308533
2024-02-14 10:36:40 | TRACE   | query_time, 0.0036910269409418106
2024-02-14 10:36:40 | TRACE   | query_time, 0.0038715917617082596
2024-02-14 10:36:40 | TRACE   | query_time, 0.00391014851629734
2024-02-14 10:36:40 | TRACE   | query_time, 0.0035155359655618668
2024-02-14 10:36:40 | TRACE   | query_time, 0.0039687249809503555
2024-02-14 10:36:40 | TRACE   | query_time, 0.0037528984248638153
2024-02-14 10:36:40 | TRACE   | query_time, 0.0011843331158161163
2024-02-14 10:36:40 | TRACE   | query_time, 0.003937048837542534
2024-02-14 10:36:40 | TRACE   | query_time, 0.0036760903894901276
2024-02-14 10:36:40 | TRACE   | query_time, 0.003972683101892471
2024-02-14 10:36:40 | TRACE   | query_time, 0.003951316699385643
2024-02-14 10:36:40 | TRACE   | query_time, 0.0038668327033519745
2024-02-14 10:36:40 | TRACE   | query_time, 0.00367186963558197
2024-02-14 10:36:40 | TRACE   | query_time, 0.0035406444221735
2024-02-14 10:36:40 | TRACE   | query_time, 0.003669649362564087
2024-02-14 10:36:40 | TRACE   | query_time, 0.0038366541266441345
2024-02-14 10:36:40 | TRACE   | query_time, 0.0036969855427742004
2024-02-14 10:36:40 | TRACE   | query_time, 0.003807518631219864
2024-02-14 10:36:40 | TRACE   | query_time, 0.0038866810500621796
2024-02-14 10:36:40 | TRACE   | query_time, 0.0035185199230909348
2024-02-14 10:36:40 | TRACE   | query_time, 0.003456270322203636
2024-02-14 10:36:40 | TRACE   | query_time, 0.0036970432847738266
2024-02-14 10:36:40 | TRACE   | query_time, 0.0036490708589553833
2024-02-14 10:36:40 | TRACE   | query_time, 0.003949621692299843
2024-02-14 10:36:40 | TRACE   | query_time, 0.0037985406816005707
2024-02-14 10:36:40 | TRACE   | query_time, 0.00390000082552433
2024-02-14 10:36:40 | TRACE   | query_time, 0.003725362941622734
2024-02-14 10:36:40 | TRACE   | query_time, 0.0038295071572065353
2024-02-14 10:36:40 | TRACE   | query_time, 0.0036521069705486298
2024-02-14 10:36:40 | TRACE   | query_time, 0.00370086170732975
2024-02-14 10:36:40 | TRACE   | query_time, 0.0038884226232767105
2024-02-14 10:36:40 | TRACE   | query_time, 0.0038860663771629333
2024-02-14 10:36:40 | TRACE   | query_time, 0.0036587268114089966
2024-02-14 10:36:40 | TRACE   | query_time, 0.003922240808606148
2024-02-14 10:36:40 | TRACE   | query_time, 0.0036667194217443466
2024-02-14 10:36:40 | TRACE   | query_time, 0.003706112504005432
2024-02-14 10:36:40 | TRACE   | query_time, 0.0038475748151540756
2024-02-14 10:36:40 | TRACE   | query_time, 0.0039035193622112274
2024-02-14 10:36:40 | TRACE   | query_time, 0.003862813115119934
2024-02-14 10:36:40 | TRACE   | query_time, 0.003595178946852684
2024-02-14 10:36:40 | TRACE   | query_time, 0.003643518313765526
2024-02-14 10:36:40 | TRACE   | query_time, 0.003928098827600479
2024-02-14 10:36:40 | TRACE   | query_time, 0.0036533791571855545
2024-02-14 10:36:40 | TRACE   | query_time, 0.0037900079041719437
2024-02-14 10:36:40 | TRACE   | query_time, 0.0038056466728448868
2024-02-14 10:36:40 | TRACE   | query_time, 0.003909522667527199
2024-02-14 10:36:40 | TRACE   | query_time, 0.0036454927176237106
2024-02-14 10:36:40 | TRACE   | query_time, 0.0036728307604789734
2024-02-14 10:36:40 | TRACE   | query_time, 0.0037224888801574707
2024-02-14 10:36:40 | TRACE   | query_time, 0.0038660038262605667
2024-02-14 10:36:40 | TRACE   | query_time, 0.003565305843949318
2024-02-14 10:36:40 | TRACE   | query_time, 0.0036209262907505035
2024-02-14 10:36:40 | TRACE   | query_time, 0.003845280036330223
