2024-02-14 10:45:29 | DEBUG   | {'input': PosixPath('data/open_data_usa/indices/microbenchmarks/rebinning-k250.zst'), 'input_type': 'index', 'queries': PosixPath('data/open_data_usa/queries/microbenchmarks.zst'), 'estimation_mode': None, 'index_mode': 'recall', 'output': None, 'workers': None, 'frequency_hists': False, 'suppress_results': True, 'log_level': 'INFO', 'log_file': PosixPath('logs/microbenchmarks/runtime/open_data_usa-rebinning-k250-single_suppressed-1.log')}
2024-02-14 10:45:29 | DEBUG   | Loading input data from data/open_data_usa/indices/microbenchmarks/rebinning-k250.zst
2024-02-14 10:45:29 | DEBUG   | Loading queries from data/open_data_usa/queries/microbenchmarks.zst
2024-02-14 10:45:29 | TRACE   | bootstrap_time, 0.25303403101861477
2024-02-14 10:45:29 | DEBUG   | Starting execution
2024-02-14 10:45:29 | TRACE   | query_time, 0.0006961431354284286
2024-02-14 10:45:29 | TRACE   | query_time, 0.0004180092364549637
2024-02-14 10:45:29 | TRACE   | query_time, 0.00039662234485149384
2024-02-14 10:45:29 | TRACE   | query_time, 0.0004093106836080551
2024-02-14 10:45:29 | TRACE   | query_time, 0.0003837626427412033
2024-02-14 10:45:29 | TRACE   | query_time, 0.0003829393535852432
2024-02-14 10:45:29 | TRACE   | query_time, 0.00048859603703022
2024-02-14 10:45:29 | TRACE   | query_time, 0.0003971122205257416
2024-02-14 10:45:29 | TRACE   | query_time, 0.00038274750113487244
2024-02-14 10:45:29 | TRACE   | query_time, 0.000424947589635849
2024-02-14 10:45:29 | TRACE   | query_time, 0.00038122572004795074
2024-02-14 10:45:29 | TRACE   | query_time, 0.00039426423609256744
2024-02-14 10:45:29 | TRACE   | query_time, 0.00040135346353054047
2024-02-14 10:45:29 | TRACE   | query_time, 0.0003990437835454941
2024-02-14 10:45:29 | TRACE   | query_time, 0.00038372352719306946
2024-02-14 10:45:29 | TRACE   | query_time, 0.00038922019302845
2024-02-14 10:45:29 | TRACE   | query_time, 0.00038431398570537567
2024-02-14 10:45:29 | TRACE   | query_time, 0.00038937292993068695
2024-02-14 10:45:29 | TRACE   | query_time, 0.0003806799650192261
2024-02-14 10:45:29 | TRACE   | query_time, 0.0004061013460159302
2024-02-14 10:45:29 | TRACE   | query_time, 0.00045005232095718384
2024-02-14 10:45:29 | TRACE   | query_time, 0.00038224831223487854
2024-02-14 10:45:29 | TRACE   | query_time, 0.0003939308226108551
2024-02-14 10:45:29 | TRACE   | query_time, 0.0003816727548837662
2024-02-14 10:45:29 | TRACE   | query_time, 0.0003810916095972061
2024-02-14 10:45:29 | TRACE   | query_time, 0.0003951750695705414
2024-02-14 10:45:29 | TRACE   | query_time, 0.0003814026713371277
2024-02-14 10:45:29 | TRACE   | query_time, 0.00042762234807014465
2024-02-14 10:45:29 | TRACE   | query_time, 0.0003968384116888046
2024-02-14 10:45:29 | TRACE   | query_time, 0.00038037262856960297
2024-02-14 10:45:29 | TRACE   | query_time, 0.00046894699335098267
2024-02-14 10:45:29 | TRACE   | query_time, 0.00039625540375709534
2024-02-14 10:45:29 | TRACE   | query_time, 0.00039766542613506317
2024-02-14 10:45:29 | TRACE   | query_time, 0.00039414502680301666
2024-02-14 10:45:29 | TRACE   | query_time, 0.00039735808968544006
2024-02-14 10:45:29 | TRACE   | query_time, 0.00038314051926136017
2024-02-14 10:45:29 | TRACE   | query_time, 0.00038833916187286377
2024-02-14 10:45:29 | TRACE   | query_time, 0.000470038503408432
2024-02-14 10:45:29 | TRACE   | query_time, 0.000396043062210083
2024-02-14 10:45:29 | TRACE   | query_time, 0.0004507359117269516
2024-02-14 10:45:29 | TRACE   | query_time, 0.00037905946373939514
2024-02-14 10:45:29 | TRACE   | query_time, 0.000467861071228981
2024-02-14 10:45:29 | TRACE   | query_time, 0.00039557740092277527
2024-02-14 10:45:29 | TRACE   | query_time, 0.0004626326262950897
2024-02-14 10:45:29 | TRACE   | query_time, 0.0003979317843914032
2024-02-14 10:45:29 | TRACE   | query_time, 0.00039349310100078583
2024-02-14 10:45:29 | TRACE   | query_time, 0.00039434246718883514
2024-02-14 10:45:29 | TRACE   | query_time, 0.0004194490611553192
2024-02-14 10:45:29 | TRACE   | query_time, 0.00037723593413829803
2024-02-14 10:45:29 | TRACE   | query_time, 0.00038060732185840607
2024-02-14 10:45:29 | TRACE   | query_time, 0.0004811584949493408
2024-02-14 10:45:29 | TRACE   | query_time, 0.00040341727435588837
2024-02-14 10:45:29 | TRACE   | query_time, 0.00046343356370925903
2024-02-14 10:45:29 | TRACE   | query_time, 0.0003806035965681076
2024-02-14 10:45:29 | TRACE   | query_time, 0.00038563087582588196
2024-02-14 10:45:29 | TRACE   | query_time, 0.0004504173994064331
2024-02-14 10:45:29 | TRACE   | query_time, 0.0003786347806453705
2024-02-14 10:45:29 | TRACE   | query_time, 0.00038319826126098633
2024-02-14 10:45:29 | TRACE   | query_time, 0.0003968719393014908
2024-02-14 10:45:29 | TRACE   | query_time, 0.0003897063434123993
2024-02-14 10:45:29 | TRACE   | query_time, 0.00038000382483005524
2024-02-14 10:45:29 | TRACE   | query_time, 0.00038028694689273834
2024-02-14 10:45:29 | TRACE   | query_time, 0.0004806052893400192
2024-02-14 10:45:29 | TRACE   | query_time, 0.00038097985088825226
2024-02-14 10:45:29 | TRACE   | query_time, 0.000392131507396698
2024-02-14 10:45:29 | TRACE   | query_time, 0.00037503428757190704
2024-02-14 10:45:29 | TRACE   | query_time, 0.00037433207035064697
2024-02-14 10:45:29 | TRACE   | query_time, 0.0003964286297559738
2024-02-14 10:45:29 | TRACE   | query_time, 0.0003792550414800644
2024-02-14 10:45:29 | TRACE   | query_time, 0.0003901086747646332
2024-02-14 10:45:29 | TRACE   | query_time, 0.0003774818032979965
2024-02-14 10:45:29 | TRACE   | query_time, 0.0003781840205192566
2024-02-14 10:45:29 | TRACE   | query_time, 0.0003766752779483795
2024-02-14 10:45:29 | TRACE   | query_time, 0.00038937292993068695
2024-02-14 10:45:29 | TRACE   | query_time, 0.0004481784999370575
2024-02-14 10:45:29 | TRACE   | query_time, 0.0003909282386302948
2024-02-14 10:45:29 | TRACE   | query_time, 0.00038793496787548065
2024-02-14 10:45:29 | TRACE   | query_time, 0.0003918427973985672
2024-02-14 10:45:29 | TRACE   | query_time, 0.0003815367817878723
2024-02-14 10:45:29 | TRACE   | query_time, 0.00037898868322372437
2024-02-14 10:45:29 | TRACE   | query_time, 0.0003914684057235718
2024-02-14 10:45:29 | TRACE   | query_time, 0.0003918483853340149
2024-02-14 10:45:29 | TRACE   | query_time, 0.00037658214569091797
2024-02-14 10:45:29 | TRACE   | query_time, 0.0004568565636873245
2024-02-14 10:45:29 | TRACE   | query_time, 0.0003854222595691681
2024-02-14 10:45:29 | TRACE   | query_time, 0.0004194248467683792
2024-02-14 10:45:29 | TRACE   | query_time, 0.0003911200910806656
2024-02-14 10:45:29 | TRACE   | query_time, 0.00038963742554187775
2024-02-14 10:45:29 | TRACE   | query_time, 0.0003898497670888901
2024-02-14 10:45:29 | TRACE   | query_time, 0.0003762543201446533
2024-02-14 10:45:29 | TRACE   | query_time, 0.0004602055996656418
2024-02-14 10:45:29 | TRACE   | query_time, 0.00037612952291965485
2024-02-14 10:45:29 | TRACE   | query_time, 0.0003836043179035187
2024-02-14 10:45:29 | TRACE   | query_time, 0.0003929063677787781
2024-02-14 10:45:29 | TRACE   | query_time, 0.0003777090460062027
2024-02-14 10:45:29 | TRACE   | query_time, 0.0003784447908401489
2024-02-14 10:45:29 | TRACE   | query_time, 0.00037706829607486725
2024-02-14 10:45:29 | TRACE   | query_time, 0.00037720613181591034
2024-02-14 10:45:29 | TRACE   | query_time, 0.0003757644444704056
2024-02-14 10:45:29 | TRACE   | query_time, 0.0003776848316192627
2024-02-14 10:45:29 | TRACE   | query_time, 0.0004812367260456085
2024-02-14 10:45:29 | TRACE   | query_time, 0.0004201773554086685
2024-02-14 10:45:29 | TRACE   | query_time, 0.0003899224102497101
2024-02-14 10:45:29 | TRACE   | query_time, 0.00039014779031276703
2024-02-14 10:45:29 | TRACE   | query_time, 0.0003763120621442795
2024-02-14 10:45:29 | TRACE   | query_time, 0.0003766696900129318
2024-02-14 10:45:29 | TRACE   | query_time, 0.0003801640123128891
2024-02-14 10:45:29 | TRACE   | query_time, 0.00039265118539333344
2024-02-14 10:45:29 | TRACE   | query_time, 0.0003790073096752167
2024-02-14 10:45:29 | TRACE   | query_time, 0.0003889668732881546
2024-02-14 10:45:29 | TRACE   | query_time, 0.00037767738103866577
2024-02-14 10:45:29 | TRACE   | query_time, 0.00037485919892787933
2024-02-14 10:45:29 | TRACE   | query_time, 0.000461651012301445
2024-02-14 10:45:29 | TRACE   | query_time, 0.00039549730718135834
2024-02-14 10:45:29 | TRACE   | query_time, 0.0003771372139453888
2024-02-14 10:45:29 | TRACE   | query_time, 0.0004465244710445404
2024-02-14 10:45:29 | TRACE   | query_time, 0.0004768054932355881
2024-02-14 10:45:29 | TRACE   | query_time, 0.00037998147308826447
2024-02-14 10:45:29 | TRACE   | query_time, 0.00039484910666942596
2024-02-14 10:45:29 | TRACE   | query_time, 0.00047516077756881714
2024-02-14 10:45:29 | TRACE   | query_time, 0.0003791358321905136
2024-02-14 10:45:29 | TRACE   | query_time, 0.00037775374948978424
2024-02-14 10:45:29 | TRACE   | query_time, 0.00042029842734336853
2024-02-14 10:45:29 | TRACE   | query_time, 0.0003917533904314041
2024-02-14 10:45:29 | TRACE   | query_time, 0.00039158761501312256
2024-02-14 10:45:29 | TRACE   | query_time, 0.0003968775272369385
2024-02-14 10:45:29 | TRACE   | query_time, 0.0003766138106584549
2024-02-14 10:45:29 | TRACE   | query_time, 0.0003783833235502243
2024-02-14 10:45:29 | TRACE   | query_time, 0.00038218870759010315
2024-02-14 10:45:29 | TRACE   | query_time, 0.0004243515431880951
2024-02-14 10:45:29 | TRACE   | query_time, 0.0003934483975172043
2024-02-14 10:45:29 | TRACE   | query_time, 0.00037987343966960907
2024-02-14 10:45:29 | TRACE   | query_time, 0.0003800969570875168
2024-02-14 10:45:29 | TRACE   | query_time, 0.0003966502845287323
2024-02-14 10:45:29 | TRACE   | query_time, 0.00039385072886943817
2024-02-14 10:45:29 | TRACE   | query_time, 0.0004647914320230484
2024-02-14 10:45:29 | TRACE   | query_time, 0.0003791041672229767
2024-02-14 10:45:29 | TRACE   | query_time, 0.0003927983343601227
2024-02-14 10:45:29 | TRACE   | query_time, 0.0003933403640985489
2024-02-14 10:45:29 | TRACE   | query_time, 0.0004479195922613144
2024-02-14 10:45:29 | TRACE   | query_time, 0.00037674419581890106
2024-02-14 10:45:29 | TRACE   | query_time, 0.00038355588912963867
2024-02-14 10:45:29 | TRACE   | query_time, 0.0003927107900381088
2024-02-14 10:45:29 | TRACE   | query_time, 0.00037757493555545807
2024-02-14 10:45:29 | TRACE   | query_time, 0.0004742313176393509
2024-02-14 10:45:29 | TRACE   | query_time, 0.00038948096334934235
2024-02-14 10:45:29 | TRACE   | query_time, 0.00047503039240837097
2024-02-14 10:45:29 | TRACE   | query_time, 0.0003784056752920151
2024-02-14 10:45:29 | TRACE   | query_time, 0.00037829577922821045
2024-02-14 10:45:29 | TRACE   | query_time, 0.00038198381662368774
2024-02-14 10:45:29 | TRACE   | query_time, 0.0004596170037984848
2024-02-14 10:45:29 | TRACE   | query_time, 0.00047436729073524475
2024-02-14 10:45:29 | TRACE   | query_time, 0.00039020925760269165
2024-02-14 10:45:29 | TRACE   | query_time, 0.0003913678228855133
2024-02-14 10:45:29 | TRACE   | query_time, 0.00038060545921325684
2024-02-14 10:45:29 | TRACE   | query_time, 0.0003909636288881302
2024-02-14 10:45:29 | TRACE   | query_time, 0.0003795996308326721
2024-02-14 10:45:29 | TRACE   | query_time, 0.0004551354795694351
2024-02-14 10:45:29 | TRACE   | query_time, 0.00039077363908290863
2024-02-14 10:45:29 | TRACE   | query_time, 0.00037913769483566284
2024-02-14 10:45:29 | TRACE   | query_time, 0.000379977747797966
2024-02-14 10:45:29 | TRACE   | query_time, 0.00047730281949043274
2024-02-14 10:45:29 | TRACE   | query_time, 0.00039409659802913666
2024-02-14 10:45:29 | TRACE   | query_time, 0.000475812703371048
2024-02-14 10:45:29 | TRACE   | query_time, 0.0003780871629714966
2024-02-14 10:45:29 | TRACE   | query_time, 0.0004258565604686737
2024-02-14 10:45:29 | TRACE   | query_time, 0.00039381906390190125
2024-02-14 10:45:29 | TRACE   | query_time, 0.0003772750496864319
2024-02-14 10:45:29 | TRACE   | query_time, 0.0003790035843849182
2024-02-14 10:45:29 | TRACE   | query_time, 0.00046149827539920807
2024-02-14 10:45:29 | TRACE   | query_time, 0.0003764200955629349
2024-02-14 10:45:29 | TRACE   | query_time, 0.0003914386034011841
2024-02-14 10:45:29 | TRACE   | query_time, 0.00037895888090133667
2024-02-14 10:45:29 | TRACE   | query_time, 0.000423189252614975
2024-02-14 10:45:29 | TRACE   | query_time, 0.00039555691182613373
2024-02-14 10:45:29 | TRACE   | query_time, 0.00037814490497112274
2024-02-14 10:45:29 | TRACE   | query_time, 0.0003901589661836624
2024-02-14 10:45:29 | TRACE   | query_time, 0.00039253197610378265
2024-02-14 10:45:29 | TRACE   | query_time, 0.0003805924206972122
2024-02-14 10:45:29 | TRACE   | query_time, 0.00039155781269073486
2024-02-14 10:45:29 | TRACE   | query_time, 0.00039153359830379486
2024-02-14 10:45:29 | TRACE   | query_time, 0.0003757309168577194
2024-02-14 10:45:29 | TRACE   | query_time, 0.00044996850192546844
2024-02-14 10:45:29 | TRACE   | query_time, 0.0003791041672229767
2024-02-14 10:45:29 | TRACE   | query_time, 0.00038014352321624756
2024-02-14 10:45:29 | TRACE   | query_time, 0.00038252025842666626
2024-02-14 10:45:29 | TRACE   | query_time, 0.00047863274812698364
2024-02-14 10:45:29 | TRACE   | query_time, 0.00037826038897037506
2024-02-14 10:45:29 | TRACE   | query_time, 0.0003930032253265381
2024-02-14 10:45:29 | TRACE   | query_time, 0.0003900919109582901
2024-02-14 10:45:29 | TRACE   | query_time, 0.00048504024744033813
2024-02-14 10:45:29 | TRACE   | query_time, 0.0003783516585826874
2024-02-14 10:45:29 | TRACE   | query_time, 0.0003829486668109894
2024-02-14 10:45:29 | TRACE   | query_time, 0.00038121268153190613
2024-02-14 10:45:29 | TRACE   | query_time, 0.00038057751953601837
2024-02-14 10:45:29 | TRACE   | query_time, 0.00047801434993743896
2024-02-14 10:45:29 | TRACE   | query_time, 0.00037823431193828583
2024-02-14 10:45:29 | TRACE   | query_time, 0.0003925468772649765
2024-02-14 10:45:29 | TRACE   | query_time, 0.0003839898854494095
2024-02-14 10:45:29 | TRACE   | query_time, 0.00038049742579460144
2024-02-14 10:45:29 | TRACE   | query_time, 0.00037904269993305206
2024-02-14 10:45:29 | TRACE   | query_time, 0.0004493109881877899
2024-02-14 10:45:29 | TRACE   | query_time, 0.00039440207183361053
2024-02-14 10:45:29 | TRACE   | query_time, 0.00039191730320453644
2024-02-14 10:45:29 | TRACE   | query_time, 0.0003790929913520813
2024-02-14 10:45:29 | TRACE   | query_time, 0.0004582572728395462
2024-02-14 10:45:29 | TRACE   | query_time, 0.0003976970911026001
2024-02-14 10:45:29 | TRACE   | query_time, 0.00044546090066432953
2024-02-14 10:45:29 | TRACE   | query_time, 0.0003774445503950119
2024-02-14 10:45:29 | TRACE   | query_time, 0.00039131008088588715
2024-02-14 10:45:29 | TRACE   | query_time, 0.00047669000923633575
2024-02-14 10:45:29 | TRACE   | query_time, 0.0004187989979982376
2024-02-14 10:45:29 | TRACE   | query_time, 0.0003938600420951843
2024-02-14 10:45:29 | TRACE   | query_time, 0.0003900006413459778
2024-02-14 10:45:29 | TRACE   | query_time, 0.00038463249802589417
2024-02-14 10:45:29 | TRACE   | query_time, 0.00037765130400657654
2024-02-14 10:45:29 | TRACE   | query_time, 0.00047625042498111725
2024-02-14 10:45:29 | TRACE   | query_time, 0.0003904122859239578
2024-02-14 10:45:29 | TRACE   | query_time, 0.00042168237268924713
2024-02-14 10:45:29 | TRACE   | query_time, 0.0003812815994024277
2024-02-14 10:45:29 | TRACE   | query_time, 0.0003795679658651352
2024-02-14 10:45:29 | TRACE   | query_time, 0.0003929678350687027
2024-02-14 10:45:29 | TRACE   | query_time, 0.0004002600908279419
2024-02-14 10:45:29 | TRACE   | query_time, 0.0003795139491558075
2024-02-14 10:45:29 | TRACE   | query_time, 0.0004594791680574417
2024-02-14 10:45:29 | TRACE   | query_time, 0.00037723779678344727
2024-02-14 10:45:29 | TRACE   | query_time, 0.0003904122859239578
2024-02-14 10:45:29 | TRACE   | query_time, 0.0003919340670108795
2024-02-14 10:45:29 | TRACE   | query_time, 0.00039677880704402924
2024-02-14 10:45:29 | TRACE   | query_time, 0.0003780033439397812
2024-02-14 10:45:29 | TRACE   | query_time, 0.00045682117342948914
2024-02-14 10:45:29 | TRACE   | query_time, 0.00037740543484687805
2024-02-14 10:45:29 | TRACE   | query_time, 0.0004541594535112381
2024-02-14 10:45:29 | TRACE   | query_time, 0.00037828460335731506
2024-02-14 10:45:29 | TRACE   | query_time, 0.0004816874861717224
2024-02-14 10:45:29 | TRACE   | query_time, 0.0003801528364419937
2024-02-14 10:45:29 | TRACE   | query_time, 0.00038549117743968964
2024-02-14 10:45:29 | TRACE   | query_time, 0.00038011930882930756
2024-02-14 10:45:29 | TRACE   | query_time, 0.00039020925760269165
2024-02-14 10:45:29 | TRACE   | query_time, 0.00039939582347869873
2024-02-14 10:45:29 | TRACE   | query_time, 0.00039848312735557556
2024-02-14 10:45:29 | TRACE   | query_time, 0.0003966968506574631
2024-02-14 10:45:29 | TRACE   | query_time, 0.0003861263394355774
2024-02-14 10:45:29 | TRACE   | query_time, 0.0003787074238061905
2024-02-14 10:45:29 | TRACE   | query_time, 0.0004623066633939743
2024-02-14 10:45:29 | TRACE   | query_time, 0.00037966296076774597
2024-02-14 10:45:29 | TRACE   | query_time, 0.0003996901214122772
2024-02-14 10:45:29 | TRACE   | query_time, 0.00038064830005168915
2024-02-14 10:45:29 | TRACE   | query_time, 0.00037885457277297974
2024-02-14 10:45:29 | TRACE   | query_time, 0.0003803819417953491
2024-02-14 10:45:29 | TRACE   | query_time, 0.00037666037678718567
2024-02-14 10:45:29 | TRACE   | query_time, 0.0003777258098125458
2024-02-14 10:45:29 | TRACE   | query_time, 0.00037772394716739655
2024-02-14 10:45:29 | TRACE   | query_time, 0.0003781318664550781
2024-02-14 10:45:29 | TRACE   | query_time, 0.0003900546580553055
2024-02-14 10:45:29 | TRACE   | query_time, 0.000479232519865036
2024-02-14 10:45:29 | TRACE   | query_time, 0.00037903524935245514
2024-02-14 10:45:29 | TRACE   | query_time, 0.00037952885031700134
2024-02-14 10:45:29 | TRACE   | query_time, 0.00039137527346611023
2024-02-14 10:45:29 | TRACE   | query_time, 0.0003774091601371765
2024-02-14 10:45:29 | TRACE   | query_time, 0.0004603639245033264
2024-02-14 10:45:29 | TRACE   | query_time, 0.0003920234739780426
2024-02-14 10:45:29 | TRACE   | query_time, 0.0004183724522590637
2024-02-14 10:45:29 | TRACE   | query_time, 0.0003791358321905136
2024-02-14 10:45:29 | TRACE   | query_time, 0.00039225444197654724
2024-02-14 10:45:29 | TRACE   | query_time, 0.00039005279541015625
2024-02-14 10:45:29 | TRACE   | query_time, 0.0004621688276529312
2024-02-14 10:45:29 | TRACE   | query_time, 0.00044979527592658997
2024-02-14 10:45:29 | TRACE   | query_time, 0.0003923475742340088
2024-02-14 10:45:29 | TRACE   | query_time, 0.000379292294383049
2024-02-14 10:45:29 | TRACE   | query_time, 0.00037933140993118286
2024-02-14 10:45:29 | TRACE   | query_time, 0.00046747922897338867
2024-02-14 10:45:29 | TRACE   | query_time, 0.0003949776291847229
2024-02-14 10:45:29 | TRACE   | query_time, 0.0004463735967874527
2024-02-14 10:45:29 | TRACE   | query_time, 0.00039156898856163025
2024-02-14 10:45:29 | TRACE   | query_time, 0.0004792679101228714
2024-02-14 10:45:29 | TRACE   | query_time, 0.00037911534309387207
2024-02-14 10:45:29 | TRACE   | query_time, 0.0004775654524564743
2024-02-14 10:45:29 | TRACE   | query_time, 0.00038774125277996063
2024-02-14 10:45:29 | TRACE   | query_time, 0.00042275339365005493
2024-02-14 10:45:29 | TRACE   | query_time, 0.00039592571556568146
2024-02-14 10:45:29 | TRACE   | query_time, 0.0003804601728916168
2024-02-14 10:45:29 | TRACE   | query_time, 0.00038127973675727844
2024-02-14 10:45:29 | TRACE   | query_time, 0.0003938470035791397
2024-02-14 10:45:29 | TRACE   | query_time, 0.0004190094769001007
2024-02-14 10:45:29 | TRACE   | query_time, 0.00038264691829681396
2024-02-14 10:45:29 | TRACE   | query_time, 0.0003911387175321579
2024-02-14 10:45:29 | TRACE   | query_time, 0.00037859566509723663
2024-02-14 10:45:29 | TRACE   | query_time, 0.00037882477045059204
2024-02-14 10:45:29 | TRACE   | query_time, 0.00037981942296028137
2024-02-14 10:45:29 | TRACE   | query_time, 0.0003760121762752533
2024-02-14 10:45:29 | TRACE   | query_time, 0.0003774520009756088
2024-02-14 10:45:29 | TRACE   | query_time, 0.00039421580731868744
2024-02-14 10:45:29 | TRACE   | query_time, 0.00039297156035900116
2024-02-14 10:45:29 | TRACE   | query_time, 0.00037933140993118286
2024-02-14 10:45:29 | TRACE   | query_time, 0.0004566032439470291
2024-02-14 10:45:29 | TRACE   | query_time, 0.00045078620314598083
2024-02-14 10:45:29 | TRACE   | query_time, 0.0003807730972766876
2024-02-14 10:45:29 | TRACE   | query_time, 0.00039244629442691803
2024-02-14 10:45:29 | TRACE   | query_time, 0.0003903210163116455
2024-02-14 10:45:29 | TRACE   | query_time, 0.00037815608084201813
2024-02-14 10:45:29 | TRACE   | query_time, 0.00037734396755695343
2024-02-14 10:45:29 | TRACE   | query_time, 0.0003937818109989166
2024-02-14 10:45:29 | TRACE   | query_time, 0.0004740692675113678
2024-02-14 10:45:29 | TRACE   | query_time, 0.0003911517560482025
2024-02-14 10:45:29 | TRACE   | query_time, 0.00037939101457595825
2024-02-14 10:45:29 | TRACE   | query_time, 0.00037829577922821045
2024-02-14 10:45:29 | TRACE   | query_time, 0.00045146793127059937
2024-02-14 10:45:29 | TRACE   | query_time, 0.00037906132638454437
2024-02-14 10:45:29 | TRACE   | query_time, 0.00044872798025608063
2024-02-14 10:45:29 | TRACE   | query_time, 0.0003787633031606674
2024-02-14 10:45:29 | TRACE   | query_time, 0.00038631074130535126
2024-02-14 10:45:29 | TRACE   | query_time, 0.00039157457649707794
2024-02-14 10:45:29 | TRACE   | query_time, 0.0004777573049068451
2024-02-14 10:45:29 | TRACE   | query_time, 0.00037608668208122253
2024-02-14 10:45:29 | TRACE   | query_time, 0.00039348378777503967
2024-02-14 10:45:29 | TRACE   | query_time, 0.00047626160085201263
2024-02-14 10:45:29 | TRACE   | query_time, 0.00037892721593379974
2024-02-14 10:45:29 | TRACE   | query_time, 0.00048090144991874695
2024-02-14 10:45:29 | TRACE   | query_time, 0.0003839973360300064
2024-02-14 10:45:29 | TRACE   | query_time, 0.000393526628613472
2024-02-14 10:45:29 | TRACE   | query_time, 0.00039184093475341797
2024-02-14 10:45:29 | TRACE   | query_time, 0.00037788785994052887
2024-02-14 10:45:29 | TRACE   | query_time, 0.00046041980385780334
2024-02-14 10:45:29 | TRACE   | query_time, 0.0003769099712371826
2024-02-14 10:45:29 | TRACE   | query_time, 0.00037911348044872284
2024-02-14 10:45:29 | TRACE   | query_time, 0.0004193205386400223
2024-02-14 10:45:29 | TRACE   | query_time, 0.0003995075821876526
2024-02-14 10:45:29 | TRACE   | query_time, 0.0003786832094192505
2024-02-14 10:45:29 | TRACE   | query_time, 0.0003800913691520691
2024-02-14 10:45:29 | TRACE   | query_time, 0.00044794753193855286
2024-02-14 10:45:29 | TRACE   | query_time, 0.0003934558480978012
2024-02-14 10:45:29 | TRACE   | query_time, 0.0003764871507883072
2024-02-14 10:45:29 | TRACE   | query_time, 0.0016679223626852036
2024-02-14 10:45:29 | TRACE   | query_time, 0.0018450208008289337
2024-02-14 10:45:29 | TRACE   | query_time, 0.0015939604490995407
2024-02-14 10:45:29 | TRACE   | query_time, 0.001552000641822815
2024-02-14 10:45:29 | TRACE   | query_time, 0.0016364064067602158
2024-02-14 10:45:29 | TRACE   | query_time, 0.00152486190199852
2024-02-14 10:45:29 | TRACE   | query_time, 0.0015381742268800735
2024-02-14 10:45:29 | TRACE   | query_time, 0.0016162395477294922
2024-02-14 10:45:29 | TRACE   | query_time, 0.001515071839094162
2024-02-14 10:45:29 | TRACE   | query_time, 0.0015376079827547073
2024-02-14 10:45:29 | TRACE   | query_time, 0.0016195457428693771
2024-02-14 10:45:29 | TRACE   | query_time, 0.0015464965254068375
2024-02-14 10:45:29 | TRACE   | query_time, 0.0016165710985660553
2024-02-14 10:45:29 | TRACE   | query_time, 0.001537039875984192
2024-02-14 10:45:29 | TRACE   | query_time, 0.001530056819319725
2024-02-14 10:45:29 | TRACE   | query_time, 0.001569928601384163
2024-02-14 10:45:29 | TRACE   | query_time, 0.0016444884240627289
2024-02-14 10:45:29 | TRACE   | query_time, 0.0015522390604019165
2024-02-14 10:45:29 | TRACE   | query_time, 0.0015442296862602234
2024-02-14 10:45:29 | TRACE   | query_time, 0.0015715919435024261
2024-02-14 10:45:29 | TRACE   | query_time, 0.0014939811080694199
2024-02-14 10:45:29 | TRACE   | query_time, 0.0015984084457159042
2024-02-14 10:45:29 | TRACE   | query_time, 0.0014896802604198456
2024-02-14 10:45:29 | TRACE   | query_time, 0.001507192850112915
2024-02-14 10:45:29 | TRACE   | query_time, 0.0016059372574090958
2024-02-14 10:45:29 | TRACE   | query_time, 0.0015805810689926147
2024-02-14 10:45:29 | TRACE   | query_time, 0.0016141775995492935
2024-02-14 10:45:29 | TRACE   | query_time, 0.0016093924641609192
2024-02-14 10:45:29 | TRACE   | query_time, 0.0015651211142539978
2024-02-14 10:45:29 | TRACE   | query_time, 0.0014909394085407257
2024-02-14 10:45:29 | TRACE   | query_time, 0.001475488767027855
2024-02-14 10:45:29 | TRACE   | query_time, 0.0015459489077329636
2024-02-14 10:45:29 | TRACE   | query_time, 0.0014850199222564697
2024-02-14 10:45:29 | TRACE   | query_time, 0.0016244202852249146
2024-02-14 10:45:29 | TRACE   | query_time, 0.0015088878571987152
2024-02-14 10:45:29 | TRACE   | query_time, 0.0014724340289831161
2024-02-14 10:45:29 | TRACE   | query_time, 0.0015094000846147537
2024-02-14 10:45:29 | TRACE   | query_time, 0.0015857536345720291
2024-02-14 10:45:29 | TRACE   | query_time, 0.0015686769038438797
2024-02-14 10:45:29 | TRACE   | query_time, 0.0015559922903776169
2024-02-14 10:45:29 | TRACE   | query_time, 0.001550864428281784
2024-02-14 10:45:29 | TRACE   | query_time, 0.0014909766614437103
2024-02-14 10:45:29 | TRACE   | query_time, 0.00151885487139225
2024-02-14 10:45:29 | TRACE   | query_time, 0.0015375372022390366
2024-02-14 10:45:29 | TRACE   | query_time, 0.0015913229435682297
2024-02-14 10:45:29 | TRACE   | query_time, 0.0015319455415010452
2024-02-14 10:45:29 | TRACE   | query_time, 0.0015450455248355865
2024-02-14 10:45:29 | TRACE   | query_time, 0.0015832222998142242
2024-02-14 10:45:29 | TRACE   | query_time, 0.001539146527647972
2024-02-14 10:45:29 | TRACE   | query_time, 0.0015495624393224716
2024-02-14 10:45:29 | TRACE   | query_time, 0.0015298854559659958
2024-02-14 10:45:29 | TRACE   | query_time, 0.0015828926116228104
2024-02-14 10:45:29 | TRACE   | query_time, 0.001573396846652031
2024-02-14 10:45:29 | TRACE   | query_time, 0.001641932874917984
2024-02-14 10:45:29 | TRACE   | query_time, 0.001516604796051979
2024-02-14 10:45:29 | TRACE   | query_time, 0.001476336270570755
2024-02-14 10:45:29 | TRACE   | query_time, 0.0015468131750822067
2024-02-14 10:45:29 | TRACE   | query_time, 0.001606762409210205
2024-02-14 10:45:29 | TRACE   | query_time, 0.0015154071152210236
2024-02-14 10:45:29 | TRACE   | query_time, 0.0015753358602523804
2024-02-14 10:45:29 | TRACE   | query_time, 0.0015266872942447662
2024-02-14 10:45:29 | TRACE   | query_time, 0.0016061440110206604
2024-02-14 10:45:29 | TRACE   | query_time, 0.0017922986298799515
2024-02-14 10:45:29 | TRACE   | query_time, 0.001598156988620758
2024-02-14 10:45:29 | TRACE   | query_time, 0.0017994977533817291
2024-02-14 10:45:29 | TRACE   | query_time, 0.0018744748085737228
2024-02-14 10:45:29 | TRACE   | query_time, 0.0016171149909496307
2024-02-14 10:45:29 | TRACE   | query_time, 0.0014806631952524185
2024-02-14 10:45:29 | TRACE   | query_time, 0.001516442745923996
2024-02-14 10:45:29 | TRACE   | query_time, 0.0015377160161733627
2024-02-14 10:45:29 | TRACE   | query_time, 0.0015961434692144394
2024-02-14 10:45:29 | TRACE   | query_time, 0.0014929790049791336
2024-02-14 10:45:29 | TRACE   | query_time, 0.0015340913087129593
2024-02-14 10:45:29 | TRACE   | query_time, 0.0015158820897340775
2024-02-14 10:45:29 | TRACE   | query_time, 0.0015552155673503876
2024-02-14 10:45:29 | TRACE   | query_time, 0.0015383493155241013
2024-02-14 10:45:29 | TRACE   | query_time, 0.001544443890452385
2024-02-14 10:45:29 | TRACE   | query_time, 0.0015375465154647827
2024-02-14 10:45:29 | TRACE   | query_time, 0.0015309564769268036
2024-02-14 10:45:29 | TRACE   | query_time, 0.0015325471758842468
2024-02-14 10:45:29 | TRACE   | query_time, 0.0015399884432554245
2024-02-14 10:45:29 | TRACE   | query_time, 0.0016175024211406708
2024-02-14 10:45:29 | TRACE   | query_time, 0.001808328554034233
2024-02-14 10:45:29 | TRACE   | query_time, 0.0015963204205036163
2024-02-14 10:45:29 | TRACE   | query_time, 0.0016312897205352783
2024-02-14 10:45:29 | TRACE   | query_time, 0.0014862753450870514
2024-02-14 10:45:29 | TRACE   | query_time, 0.0015435032546520233
2024-02-14 10:45:29 | TRACE   | query_time, 0.0015034228563308716
2024-02-14 10:45:29 | TRACE   | query_time, 0.0014729462563991547
2024-02-14 10:45:29 | TRACE   | query_time, 0.0014851167798042297
2024-02-14 10:45:29 | TRACE   | query_time, 0.0014931317418813705
2024-02-14 10:45:29 | TRACE   | query_time, 0.0016064252704381943
2024-02-14 10:45:29 | TRACE   | query_time, 0.00160207599401474
2024-02-14 10:45:29 | TRACE   | query_time, 0.0016193613409996033
2024-02-14 10:45:29 | TRACE   | query_time, 0.0018861480057239532
2024-02-14 10:45:29 | TRACE   | query_time, 0.0014944877475500107
2024-02-14 10:45:29 | TRACE   | query_time, 0.0018280483782291412
2024-02-14 10:45:29 | TRACE   | query_time, 0.0016314461827278137
2024-02-14 10:45:29 | TRACE   | query_time, 0.001500200480222702
2024-02-14 10:45:29 | TRACE   | query_time, 0.0014649033546447754
2024-02-14 10:45:29 | TRACE   | query_time, 0.0015256963670253754
2024-02-14 10:45:29 | TRACE   | query_time, 0.0014807898551225662
2024-02-14 10:45:29 | TRACE   | query_time, 0.0014626383781433105
2024-02-14 10:45:29 | TRACE   | query_time, 0.0015200693160295486
2024-02-14 10:45:29 | TRACE   | query_time, 0.001583067700266838
2024-02-14 10:45:29 | TRACE   | query_time, 0.001455593854188919
2024-02-14 10:45:29 | TRACE   | query_time, 0.0014992840588092804
2024-02-14 10:45:29 | TRACE   | query_time, 0.0015297774225473404
2024-02-14 10:45:29 | TRACE   | query_time, 0.0015370585024356842
2024-02-14 10:45:29 | TRACE   | query_time, 0.0016034692525863647
2024-02-14 10:45:29 | TRACE   | query_time, 0.0015399698168039322
2024-02-14 10:45:29 | TRACE   | query_time, 0.0018185395747423172
2024-02-14 10:45:29 | TRACE   | query_time, 0.0018340237438678741
2024-02-14 10:45:29 | TRACE   | query_time, 0.001581300050020218
2024-02-14 10:45:29 | TRACE   | query_time, 0.0015469063073396683
2024-02-14 10:45:29 | TRACE   | query_time, 0.0015031509101390839
2024-02-14 10:45:29 | TRACE   | query_time, 0.0014971010386943817
2024-02-14 10:45:29 | TRACE   | query_time, 0.0015102215111255646
2024-02-14 10:45:29 | TRACE   | query_time, 0.001469094306230545
2024-02-14 10:45:29 | TRACE   | query_time, 0.0014582574367523193
2024-02-14 10:45:29 | TRACE   | query_time, 0.0015610437840223312
2024-02-14 10:45:29 | TRACE   | query_time, 0.00177672877907753
2024-02-14 10:45:29 | TRACE   | query_time, 0.0015230309218168259
2024-02-14 10:45:29 | TRACE   | query_time, 0.0016050562262535095
2024-02-14 10:45:29 | TRACE   | query_time, 0.0015524961054325104
2024-02-14 10:45:29 | TRACE   | query_time, 0.0016506742686033249
2024-02-14 10:45:29 | TRACE   | query_time, 0.0016382038593292236
2024-02-14 10:45:29 | TRACE   | query_time, 0.0016652867197990417
2024-02-14 10:45:29 | TRACE   | query_time, 0.0016411114484071732
2024-02-14 10:45:29 | TRACE   | query_time, 0.0016855411231517792
2024-02-14 10:45:29 | TRACE   | query_time, 0.0016388185322284698
2024-02-14 10:45:29 | TRACE   | query_time, 0.0017244145274162292
2024-02-14 10:45:29 | TRACE   | query_time, 0.0017392300069332123
2024-02-14 10:45:29 | TRACE   | query_time, 0.0017369110137224197
2024-02-14 10:45:29 | TRACE   | query_time, 0.0019720513373613358
2024-02-14 10:45:29 | TRACE   | query_time, 0.0017290487885475159
2024-02-14 10:45:29 | TRACE   | query_time, 0.0016606450080871582
2024-02-14 10:45:29 | TRACE   | query_time, 0.0016566161066293716
2024-02-14 10:45:29 | TRACE   | query_time, 0.0016375649720430374
2024-02-14 10:45:29 | TRACE   | query_time, 0.001636764034628868
2024-02-14 10:45:29 | TRACE   | query_time, 0.0017401259392499924
2024-02-14 10:45:29 | TRACE   | query_time, 0.0017039217054843903
2024-02-14 10:45:29 | TRACE   | query_time, 0.0017159674316644669
2024-02-14 10:45:29 | TRACE   | query_time, 0.001689879223704338
2024-02-14 10:45:29 | TRACE   | query_time, 0.001663997769355774
2024-02-14 10:45:29 | TRACE   | query_time, 0.0016454048454761505
2024-02-14 10:45:29 | TRACE   | query_time, 0.0016447864472866058
2024-02-14 10:45:29 | TRACE   | query_time, 0.0016614831984043121
2024-02-14 10:45:29 | TRACE   | query_time, 0.001713097095489502
2024-02-14 10:45:29 | TRACE   | query_time, 0.001906631514430046
2024-02-14 10:45:29 | TRACE   | query_time, 0.0019703637808561325
2024-02-14 10:45:29 | TRACE   | query_time, 0.0017489399760961533
2024-02-14 10:45:29 | TRACE   | query_time, 0.00165557861328125
2024-02-14 10:45:29 | TRACE   | query_time, 0.0016463492065668106
2024-02-14 10:45:29 | TRACE   | query_time, 0.0016685910522937775
2024-02-14 10:45:29 | TRACE   | query_time, 0.0017364546656608582
2024-02-14 10:45:29 | TRACE   | query_time, 0.0017474647611379623
2024-02-14 10:45:29 | TRACE   | query_time, 0.0019152909517288208
2024-02-14 10:45:30 | TRACE   | query_time, 0.001745937392115593
2024-02-14 10:45:30 | TRACE   | query_time, 0.001920800656080246
2024-02-14 10:45:30 | TRACE   | query_time, 0.0017010997980833054
2024-02-14 10:45:30 | TRACE   | query_time, 0.0017025358974933624
2024-02-14 10:45:30 | TRACE   | query_time, 0.0016842484474182129
2024-02-14 10:45:30 | TRACE   | query_time, 0.0016615185886621475
2024-02-14 10:45:30 | TRACE   | query_time, 0.0016312431544065475
2024-02-14 10:45:30 | TRACE   | query_time, 0.001669757068157196
2024-02-14 10:45:30 | TRACE   | query_time, 0.00173225998878479
2024-02-14 10:45:30 | TRACE   | query_time, 0.001725960522890091
2024-02-14 10:45:30 | TRACE   | query_time, 0.0016776137053966522
2024-02-14 10:45:30 | TRACE   | query_time, 0.001926816999912262
2024-02-14 10:45:30 | TRACE   | query_time, 0.0016765054315328598
2024-02-14 10:45:30 | TRACE   | query_time, 0.001696726307272911
2024-02-14 10:45:30 | TRACE   | query_time, 0.001646287739276886
2024-02-14 10:45:30 | TRACE   | query_time, 0.0017538033425807953
2024-02-14 10:45:30 | TRACE   | query_time, 0.0016460809856653214
2024-02-14 10:45:30 | TRACE   | query_time, 0.0016989726573228836
2024-02-14 10:45:30 | TRACE   | query_time, 0.0016437619924545288
2024-02-14 10:45:30 | TRACE   | query_time, 0.0016596447676420212
2024-02-14 10:45:30 | TRACE   | query_time, 0.00193745456635952
2024-02-14 10:45:30 | TRACE   | query_time, 0.0017594825476408005
2024-02-14 10:45:30 | TRACE   | query_time, 0.0017014052718877792
2024-02-14 10:45:30 | TRACE   | query_time, 0.0016350820660591125
2024-02-14 10:45:30 | TRACE   | query_time, 0.0016609486192464828
2024-02-14 10:45:30 | TRACE   | query_time, 0.001733405515551567
2024-02-14 10:45:30 | TRACE   | query_time, 0.0016537420451641083
2024-02-14 10:45:30 | TRACE   | query_time, 0.0017061550170183182
2024-02-14 10:45:30 | TRACE   | query_time, 0.001642795279622078
2024-02-14 10:45:30 | TRACE   | query_time, 0.0017315801233053207
2024-02-14 10:45:30 | TRACE   | query_time, 0.0017297565937042236
2024-02-14 10:45:30 | TRACE   | query_time, 0.0016824863851070404
2024-02-14 10:45:30 | TRACE   | query_time, 0.001678410917520523
2024-02-14 10:45:30 | TRACE   | query_time, 0.0016461573541164398
2024-02-14 10:45:30 | TRACE   | query_time, 0.001674950122833252
2024-02-14 10:45:30 | TRACE   | query_time, 0.0016422085464000702
2024-02-14 10:45:30 | TRACE   | query_time, 0.0016644950956106186
2024-02-14 10:45:30 | TRACE   | query_time, 0.0016813334077596664
2024-02-14 10:45:30 | TRACE   | query_time, 0.0017356760799884796
2024-02-14 10:45:30 | TRACE   | query_time, 0.0016978029161691666
2024-02-14 10:45:30 | TRACE   | query_time, 0.0016777776181697845
2024-02-14 10:45:30 | TRACE   | query_time, 0.001725994050502777
2024-02-14 10:45:30 | TRACE   | query_time, 0.001901533454656601
2024-02-14 10:45:30 | TRACE   | query_time, 0.0016439631581306458
2024-02-14 10:45:30 | TRACE   | query_time, 0.001726403832435608
2024-02-14 10:45:30 | TRACE   | query_time, 0.0017406363040208817
2024-02-14 10:45:30 | TRACE   | query_time, 0.0016384534537792206
2024-02-14 10:45:30 | TRACE   | query_time, 0.0017218757420778275
2024-02-14 10:45:30 | TRACE   | query_time, 0.0017266813665628433
2024-02-14 10:45:30 | TRACE   | query_time, 0.0016919765621423721
2024-02-14 10:45:30 | TRACE   | query_time, 0.0016640499234199524
2024-02-14 10:45:30 | TRACE   | query_time, 0.0019455458968877792
2024-02-14 10:45:30 | TRACE   | query_time, 0.0016345903277397156
2024-02-14 10:45:30 | TRACE   | query_time, 0.0016901791095733643
2024-02-14 10:45:30 | TRACE   | query_time, 0.0022265110164880753
2024-02-14 10:45:30 | TRACE   | query_time, 0.0017212443053722382
2024-02-14 10:45:30 | TRACE   | query_time, 0.0017664358019828796
2024-02-14 10:45:30 | TRACE   | query_time, 0.0016609113663434982
2024-02-14 10:45:30 | TRACE   | query_time, 0.001628948375582695
2024-02-14 10:45:30 | TRACE   | query_time, 0.00167929008603096
2024-02-14 10:45:30 | TRACE   | query_time, 0.0017623398452997208
2024-02-14 10:45:30 | TRACE   | query_time, 0.00192355178296566
2024-02-14 10:45:30 | TRACE   | query_time, 0.00176938995718956
2024-02-14 10:45:30 | TRACE   | query_time, 0.0016954243183135986
2024-02-14 10:45:30 | TRACE   | query_time, 0.0017611514776945114
2024-02-14 10:45:30 | TRACE   | query_time, 0.0016896240413188934
2024-02-14 10:45:30 | TRACE   | query_time, 0.0016746539622545242
2024-02-14 10:45:30 | TRACE   | query_time, 0.001887388527393341
2024-02-14 10:45:30 | TRACE   | query_time, 0.0019682254642248154
2024-02-14 10:45:30 | TRACE   | query_time, 0.001706387847661972
2024-02-14 10:45:30 | TRACE   | query_time, 0.0017605144530534744
2024-02-14 10:45:30 | TRACE   | query_time, 0.001649715006351471
2024-02-14 10:45:30 | TRACE   | query_time, 0.0016839969903230667
2024-02-14 10:45:30 | TRACE   | query_time, 0.001653231680393219
2024-02-14 10:45:30 | TRACE   | query_time, 0.001665433868765831
2024-02-14 10:45:30 | TRACE   | query_time, 0.00168653205037117
2024-02-14 10:45:30 | TRACE   | query_time, 0.0017144028097391129
2024-02-14 10:45:30 | TRACE   | query_time, 0.0016699042171239853
2024-02-14 10:45:30 | TRACE   | query_time, 0.001631980761885643
2024-02-14 10:45:30 | TRACE   | query_time, 0.0016890279948711395
2024-02-14 10:45:30 | TRACE   | query_time, 0.0016973800957202911
2024-02-14 10:45:30 | TRACE   | query_time, 0.0016460549086332321
2024-02-14 10:45:30 | TRACE   | query_time, 0.0017355699092149734
2024-02-14 10:45:30 | TRACE   | query_time, 0.001692410558462143
2024-02-14 10:45:30 | TRACE   | query_time, 0.0016909558326005936
2024-02-14 10:45:30 | TRACE   | query_time, 0.001630198210477829
2024-02-14 10:45:30 | TRACE   | query_time, 0.001691766083240509
2024-02-14 10:45:30 | TRACE   | query_time, 0.0017167404294013977
2024-02-14 10:45:30 | TRACE   | query_time, 0.0016668010503053665
2024-02-14 10:45:30 | TRACE   | query_time, 0.0016397740691900253
2024-02-14 10:45:30 | TRACE   | query_time, 0.0017048045992851257
2024-02-14 10:45:30 | TRACE   | query_time, 0.001654360443353653
2024-02-14 10:45:30 | TRACE   | query_time, 0.0016926154494285583
2024-02-14 10:45:30 | TRACE   | query_time, 0.0016430225223302841
2024-02-14 10:45:30 | TRACE   | query_time, 0.0017032213509082794
2024-02-14 10:45:30 | TRACE   | query_time, 0.0016724634915590286
2024-02-14 10:45:30 | TRACE   | query_time, 0.001688031479716301
2024-02-14 10:45:30 | TRACE   | query_time, 0.0016617421060800552
2024-02-14 10:45:30 | TRACE   | query_time, 0.001752648502588272
2024-02-14 10:45:30 | TRACE   | query_time, 0.0016622468829154968
2024-02-14 10:45:30 | TRACE   | query_time, 0.001646488904953003
