2024-02-14 10:43:33 | DEBUG   | {'input': PosixPath('data/open_data_usa/indices/microbenchmarks/rebinning-k450.zst'), 'input_type': 'index', 'queries': PosixPath('data/open_data_usa/queries/microbenchmarks.zst'), 'estimation_mode': None, 'index_mode': 'recall', 'output': None, 'workers': None, 'frequency_hists': False, 'suppress_results': True, 'log_level': 'INFO', 'log_file': PosixPath('logs/microbenchmarks/runtime/open_data_usa-rebinning-k450-single_suppressed-2.log')}
2024-02-14 10:43:33 | DEBUG   | Loading input data from data/open_data_usa/indices/microbenchmarks/rebinning-k450.zst
2024-02-14 10:43:33 | DEBUG   | Loading queries from data/open_data_usa/queries/microbenchmarks.zst
2024-02-14 10:43:33 | TRACE   | bootstrap_time, 0.1045443695038557
2024-02-14 10:43:33 | DEBUG   | Starting execution
2024-02-14 10:43:33 | TRACE   | query_time, 0.0005745217204093933
2024-02-14 10:43:33 | TRACE   | query_time, 0.00037829577922821045
2024-02-14 10:43:33 | TRACE   | query_time, 0.0003793202340602875
2024-02-14 10:43:33 | TRACE   | query_time, 0.000359266996383667
2024-02-14 10:43:33 | TRACE   | query_time, 0.0003513507544994354
2024-02-14 10:43:33 | TRACE   | query_time, 0.0003661792725324631
2024-02-14 10:43:33 | TRACE   | query_time, 0.0004747379571199417
2024-02-14 10:43:33 | TRACE   | query_time, 0.00036793388426303864
2024-02-14 10:43:33 | TRACE   | query_time, 0.0003510471433401108
2024-02-14 10:43:33 | TRACE   | query_time, 0.00039374083280563354
2024-02-14 10:43:33 | TRACE   | query_time, 0.0003597140312194824
2024-02-14 10:43:33 | TRACE   | query_time, 0.00036042556166648865
2024-02-14 10:43:33 | TRACE   | query_time, 0.00035795196890830994
2024-02-14 10:43:33 | TRACE   | query_time, 0.0003782026469707489
2024-02-14 10:43:33 | TRACE   | query_time, 0.00036344677209854126
2024-02-14 10:43:33 | TRACE   | query_time, 0.00034791789948940277
2024-02-14 10:43:33 | TRACE   | query_time, 0.00035433657467365265
2024-02-14 10:43:33 | TRACE   | query_time, 0.0003567282110452652
2024-02-14 10:43:33 | TRACE   | query_time, 0.0003567114472389221
2024-02-14 10:43:33 | TRACE   | query_time, 0.00037663429975509644
2024-02-14 10:43:33 | TRACE   | query_time, 0.0004309527575969696
2024-02-14 10:43:33 | TRACE   | query_time, 0.00036134012043476105
2024-02-14 10:43:33 | TRACE   | query_time, 0.0003685876727104187
2024-02-14 10:43:33 | TRACE   | query_time, 0.0003630109131336212
2024-02-14 10:43:33 | TRACE   | query_time, 0.0003586113452911377
2024-02-14 10:43:33 | TRACE   | query_time, 0.00037036091089248657
2024-02-14 10:43:33 | TRACE   | query_time, 0.00035786814987659454
2024-02-14 10:43:33 | TRACE   | query_time, 0.00039263442158699036
2024-02-14 10:43:33 | TRACE   | query_time, 0.00035748444497585297
2024-02-14 10:43:33 | TRACE   | query_time, 0.00034798868000507355
2024-02-14 10:43:33 | TRACE   | query_time, 0.00044888444244861603
2024-02-14 10:43:33 | TRACE   | query_time, 0.00036577507853507996
2024-02-14 10:43:33 | TRACE   | query_time, 0.0003753732889890671
2024-02-14 10:43:33 | TRACE   | query_time, 0.0003599710762500763
2024-02-14 10:43:33 | TRACE   | query_time, 0.00037417560815811157
2024-02-14 10:43:33 | TRACE   | query_time, 0.00035745836794376373
2024-02-14 10:43:33 | TRACE   | query_time, 0.0003467649221420288
2024-02-14 10:43:33 | TRACE   | query_time, 0.0004488900303840637
2024-02-14 10:43:33 | TRACE   | query_time, 0.00036592036485671997
2024-02-14 10:43:33 | TRACE   | query_time, 0.0004296358674764633
2024-02-14 10:43:33 | TRACE   | query_time, 0.00035784952342510223
2024-02-14 10:43:33 | TRACE   | query_time, 0.00043804384768009186
2024-02-14 10:43:33 | TRACE   | query_time, 0.0003819037228822708
2024-02-14 10:43:33 | TRACE   | query_time, 0.0004307236522436142
2024-02-14 10:43:33 | TRACE   | query_time, 0.0003665424883365631
2024-02-14 10:43:33 | TRACE   | query_time, 0.00036753155291080475
2024-02-14 10:43:33 | TRACE   | query_time, 0.00037498772144317627
2024-02-14 10:43:33 | TRACE   | query_time, 0.00039391592144966125
2024-02-14 10:43:33 | TRACE   | query_time, 0.00035742297768592834
2024-02-14 10:43:33 | TRACE   | query_time, 0.0003561321645975113
2024-02-14 10:43:33 | TRACE   | query_time, 0.00048239342868328094
2024-02-14 10:43:33 | TRACE   | query_time, 0.0003667175769805908
2024-02-14 10:43:33 | TRACE   | query_time, 0.00044744275510311127
2024-02-14 10:43:33 | TRACE   | query_time, 0.0003546997904777527
2024-02-14 10:43:33 | TRACE   | query_time, 0.00035525672137737274
2024-02-14 10:43:33 | TRACE   | query_time, 0.00042707659304142
2024-02-14 10:43:33 | TRACE   | query_time, 0.00035557523369789124
2024-02-14 10:43:33 | TRACE   | query_time, 0.00035783834755420685
2024-02-14 10:43:33 | TRACE   | query_time, 0.0003662575036287308
2024-02-14 10:43:33 | TRACE   | query_time, 0.0003557112067937851
2024-02-14 10:43:33 | TRACE   | query_time, 0.00035797059535980225
2024-02-14 10:43:33 | TRACE   | query_time, 0.00035531260073184967
2024-02-14 10:43:33 | TRACE   | query_time, 0.0004649963229894638
2024-02-14 10:43:33 | TRACE   | query_time, 0.0003550387918949127
2024-02-14 10:43:33 | TRACE   | query_time, 0.0003563910722732544
2024-02-14 10:43:33 | TRACE   | query_time, 0.0003543030470609665
2024-02-14 10:43:33 | TRACE   | query_time, 0.0003555621951818466
2024-02-14 10:43:33 | TRACE   | query_time, 0.000354669988155365
2024-02-14 10:43:33 | TRACE   | query_time, 0.000355791300535202
2024-02-14 10:43:33 | TRACE   | query_time, 0.0003700908273458481
2024-02-14 10:43:33 | TRACE   | query_time, 0.00035604648292064667
2024-02-14 10:43:33 | TRACE   | query_time, 0.0003459751605987549
2024-02-14 10:43:33 | TRACE   | query_time, 0.0003544185310602188
2024-02-14 10:43:33 | TRACE   | query_time, 0.0003653634339570999
2024-02-14 10:43:33 | TRACE   | query_time, 0.0004288572818040848
2024-02-14 10:43:33 | TRACE   | query_time, 0.0003647599369287491
2024-02-14 10:43:33 | TRACE   | query_time, 0.0003560185432434082
2024-02-14 10:43:33 | TRACE   | query_time, 0.0003745928406715393
2024-02-14 10:43:33 | TRACE   | query_time, 0.0003596767783164978
2024-02-14 10:43:33 | TRACE   | query_time, 0.00035677477717399597
2024-02-14 10:43:33 | TRACE   | query_time, 0.0003658868372440338
2024-02-14 10:43:33 | TRACE   | query_time, 0.00035631656646728516
2024-02-14 10:43:33 | TRACE   | query_time, 0.0003552250564098358
2024-02-14 10:43:33 | TRACE   | query_time, 0.0004507899284362793
2024-02-14 10:43:33 | TRACE   | query_time, 0.00035600364208221436
2024-02-14 10:43:33 | TRACE   | query_time, 0.00039191916584968567
2024-02-14 10:43:33 | TRACE   | query_time, 0.00037256814539432526
2024-02-14 10:43:33 | TRACE   | query_time, 0.00035554543137550354
2024-02-14 10:43:33 | TRACE   | query_time, 0.0003766082227230072
2024-02-14 10:43:33 | TRACE   | query_time, 0.0003571324050426483
2024-02-14 10:43:33 | TRACE   | query_time, 0.00044655613601207733
2024-02-14 10:43:33 | TRACE   | query_time, 0.0003568436950445175
2024-02-14 10:43:33 | TRACE   | query_time, 0.0003575645387172699
2024-02-14 10:43:33 | TRACE   | query_time, 0.00036576762795448303
2024-02-14 10:43:33 | TRACE   | query_time, 0.00035558268427848816
2024-02-14 10:43:33 | TRACE   | query_time, 0.000355549156665802
2024-02-14 10:43:33 | TRACE   | query_time, 0.0003555193543434143
2024-02-14 10:43:33 | TRACE   | query_time, 0.00036079809069633484
2024-02-14 10:43:33 | TRACE   | query_time, 0.00035508163273334503
2024-02-14 10:43:33 | TRACE   | query_time, 0.0003561805933713913
2024-02-14 10:43:33 | TRACE   | query_time, 0.0004681423306465149
2024-02-14 10:43:33 | TRACE   | query_time, 0.00039221160113811493
2024-02-14 10:43:33 | TRACE   | query_time, 0.000363105908036232
2024-02-14 10:43:33 | TRACE   | query_time, 0.00035420991480350494
2024-02-14 10:43:33 | TRACE   | query_time, 0.0003556162118911743
2024-02-14 10:43:33 | TRACE   | query_time, 0.0003555603325366974
2024-02-14 10:43:33 | TRACE   | query_time, 0.0003611072897911072
2024-02-14 10:43:33 | TRACE   | query_time, 0.0003749039024114609
2024-02-14 10:43:33 | TRACE   | query_time, 0.0003594905138015747
2024-02-14 10:43:33 | TRACE   | query_time, 0.00035630911588668823
2024-02-14 10:43:33 | TRACE   | query_time, 0.00034650973975658417
2024-02-14 10:43:33 | TRACE   | query_time, 0.00035716965794563293
2024-02-14 10:43:33 | TRACE   | query_time, 0.00044545531272888184
2024-02-14 10:43:33 | TRACE   | query_time, 0.0003641471266746521
2024-02-14 10:43:33 | TRACE   | query_time, 0.00035679712891578674
2024-02-14 10:43:33 | TRACE   | query_time, 0.000432722270488739
2024-02-14 10:43:33 | TRACE   | query_time, 0.00045951642096042633
2024-02-14 10:43:33 | TRACE   | query_time, 0.00035622715950012207
2024-02-14 10:43:33 | TRACE   | query_time, 0.00036643631756305695
2024-02-14 10:43:33 | TRACE   | query_time, 0.00046510808169841766
2024-02-14 10:43:33 | TRACE   | query_time, 0.0003563612699508667
2024-02-14 10:43:33 | TRACE   | query_time, 0.00035732053220272064
2024-02-14 10:43:33 | TRACE   | query_time, 0.0003936775028705597
2024-02-14 10:43:33 | TRACE   | query_time, 0.000364033505320549
2024-02-14 10:43:33 | TRACE   | query_time, 0.00037761591374874115
2024-02-14 10:43:33 | TRACE   | query_time, 0.0003565121442079544
2024-02-14 10:43:33 | TRACE   | query_time, 0.00035575591027736664
2024-02-14 10:43:33 | TRACE   | query_time, 0.0003456082195043564
2024-02-14 10:43:33 | TRACE   | query_time, 0.0003454778343439102
2024-02-14 10:43:33 | TRACE   | query_time, 0.0003917161375284195
2024-02-14 10:43:33 | TRACE   | query_time, 0.00037496909499168396
2024-02-14 10:43:33 | TRACE   | query_time, 0.00035895220935344696
2024-02-14 10:43:33 | TRACE   | query_time, 0.00035455450415611267
2024-02-14 10:43:33 | TRACE   | query_time, 0.00036448240280151367
2024-02-14 10:43:33 | TRACE   | query_time, 0.0003753267228603363
2024-02-14 10:43:33 | TRACE   | query_time, 0.0004447381943464279
2024-02-14 10:43:33 | TRACE   | query_time, 0.0003548581153154373
2024-02-14 10:43:33 | TRACE   | query_time, 0.0003720056265592575
2024-02-14 10:43:33 | TRACE   | query_time, 0.00037419795989990234
2024-02-14 10:43:33 | TRACE   | query_time, 0.00042824074625968933
2024-02-14 10:43:33 | TRACE   | query_time, 0.00035471096634864807
2024-02-14 10:43:33 | TRACE   | query_time, 0.0003561154007911682
2024-02-14 10:43:33 | TRACE   | query_time, 0.0003658384084701538
2024-02-14 10:43:33 | TRACE   | query_time, 0.0003573223948478699
2024-02-14 10:43:33 | TRACE   | query_time, 0.0004578419029712677
2024-02-14 10:43:33 | TRACE   | query_time, 0.0003750361502170563
2024-02-14 10:43:33 | TRACE   | query_time, 0.00046650320291519165
2024-02-14 10:43:33 | TRACE   | query_time, 0.0003559868782758713
2024-02-14 10:43:33 | TRACE   | query_time, 0.00035683438181877136
2024-02-14 10:43:33 | TRACE   | query_time, 0.00034765154123306274
2024-02-14 10:43:33 | TRACE   | query_time, 0.00044535472989082336
2024-02-14 10:43:33 | TRACE   | query_time, 0.0004735216498374939
2024-02-14 10:43:33 | TRACE   | query_time, 0.00035476312041282654
2024-02-14 10:43:33 | TRACE   | query_time, 0.00037334486842155457
2024-02-14 10:43:33 | TRACE   | query_time, 0.0003557708114385605
2024-02-14 10:43:33 | TRACE   | query_time, 0.00037543103098869324
2024-02-14 10:43:33 | TRACE   | query_time, 0.0003544967621564865
2024-02-14 10:43:33 | TRACE   | query_time, 0.0004269983619451523
2024-02-14 10:43:33 | TRACE   | query_time, 0.00037141144275665283
2024-02-14 10:43:33 | TRACE   | query_time, 0.0003551580011844635
2024-02-14 10:43:33 | TRACE   | query_time, 0.0003547500818967819
2024-02-14 10:43:33 | TRACE   | query_time, 0.00045848265290260315
2024-02-14 10:43:33 | TRACE   | query_time, 0.00037277117371559143
2024-02-14 10:43:33 | TRACE   | query_time, 0.0004659779369831085
2024-02-14 10:43:33 | TRACE   | query_time, 0.00035470910370349884
2024-02-14 10:43:33 | TRACE   | query_time, 0.000392204150557518
2024-02-14 10:43:33 | TRACE   | query_time, 0.0003744829446077347
2024-02-14 10:43:33 | TRACE   | query_time, 0.00035669468343257904
2024-02-14 10:43:33 | TRACE   | query_time, 0.00035560131072998047
2024-02-14 10:43:33 | TRACE   | query_time, 0.0004469044506549835
2024-02-14 10:43:33 | TRACE   | query_time, 0.0003565847873687744
2024-02-14 10:43:33 | TRACE   | query_time, 0.00036587566137313843
2024-02-14 10:43:33 | TRACE   | query_time, 0.00034587085247039795
2024-02-14 10:43:33 | TRACE   | query_time, 0.0003916248679161072
2024-02-14 10:43:33 | TRACE   | query_time, 0.00037507712841033936
2024-02-14 10:43:33 | TRACE   | query_time, 0.0003544725477695465
2024-02-14 10:43:33 | TRACE   | query_time, 0.00035559386014938354
2024-02-14 10:43:33 | TRACE   | query_time, 0.000364501029253006
2024-02-14 10:43:33 | TRACE   | query_time, 0.0003558434545993805
2024-02-14 10:43:33 | TRACE   | query_time, 0.0003667455166578293
2024-02-14 10:43:33 | TRACE   | query_time, 0.0003719646483659744
2024-02-14 10:43:33 | TRACE   | query_time, 0.0003554355353116989
2024-02-14 10:43:33 | TRACE   | query_time, 0.0004324913024902344
2024-02-14 10:43:33 | TRACE   | query_time, 0.0003562476485967636
2024-02-14 10:43:33 | TRACE   | query_time, 0.00035675615072250366
2024-02-14 10:43:33 | TRACE   | query_time, 0.0003550201654434204
2024-02-14 10:43:33 | TRACE   | query_time, 0.0004578959196805954
2024-02-14 10:43:33 | TRACE   | query_time, 0.0003554392606019974
2024-02-14 10:43:33 | TRACE   | query_time, 0.00036816857755184174
2024-02-14 10:43:33 | TRACE   | query_time, 0.000374840572476387
2024-02-14 10:43:33 | TRACE   | query_time, 0.00046532973647117615
2024-02-14 10:43:33 | TRACE   | query_time, 0.000354524701833725
2024-02-14 10:43:33 | TRACE   | query_time, 0.0003548339009284973
2024-02-14 10:43:33 | TRACE   | query_time, 0.00034593045711517334
2024-02-14 10:43:33 | TRACE   | query_time, 0.0003548804670572281
2024-02-14 10:43:33 | TRACE   | query_time, 0.00046638958156108856
2024-02-14 10:43:33 | TRACE   | query_time, 0.00034716539084911346
2024-02-14 10:43:33 | TRACE   | query_time, 0.00037522241473197937
2024-02-14 10:43:33 | TRACE   | query_time, 0.0003542322665452957
2024-02-14 10:43:33 | TRACE   | query_time, 0.00035547278821468353
2024-02-14 10:43:33 | TRACE   | query_time, 0.0003558546304702759
2024-02-14 10:43:33 | TRACE   | query_time, 0.00042460858821868896
2024-02-14 10:43:33 | TRACE   | query_time, 0.0003648754209280014
2024-02-14 10:43:33 | TRACE   | query_time, 0.0003739316016435623
2024-02-14 10:43:33 | TRACE   | query_time, 0.000354178249835968
2024-02-14 10:43:33 | TRACE   | query_time, 0.00043752044439315796
2024-02-14 10:43:33 | TRACE   | query_time, 0.00037410296499729156
2024-02-14 10:43:33 | TRACE   | query_time, 0.000428222119808197
2024-02-14 10:43:33 | TRACE   | query_time, 0.0003554336726665497
2024-02-14 10:43:33 | TRACE   | query_time, 0.0003722645342350006
2024-02-14 10:43:33 | TRACE   | query_time, 0.0004641488194465637
2024-02-14 10:43:33 | TRACE   | query_time, 0.0003924369812011719
2024-02-14 10:43:33 | TRACE   | query_time, 0.00037124380469322205
2024-02-14 10:43:33 | TRACE   | query_time, 0.0003550313413143158
2024-02-14 10:43:33 | TRACE   | query_time, 0.0003477465361356735
2024-02-14 10:43:33 | TRACE   | query_time, 0.0003541186451911926
2024-02-14 10:43:33 | TRACE   | query_time, 0.00046566687524318695
2024-02-14 10:43:33 | TRACE   | query_time, 0.0003634486347436905
2024-02-14 10:43:33 | TRACE   | query_time, 0.00038989633321762085
2024-02-14 10:43:33 | TRACE   | query_time, 0.000355791300535202
2024-02-14 10:43:33 | TRACE   | query_time, 0.00035434961318969727
2024-02-14 10:43:33 | TRACE   | query_time, 0.0003546103835105896
2024-02-14 10:43:33 | TRACE   | query_time, 0.00037120282649993896
2024-02-14 10:43:33 | TRACE   | query_time, 0.0003454405814409256
2024-02-14 10:43:33 | TRACE   | query_time, 0.0004441458731889725
2024-02-14 10:43:33 | TRACE   | query_time, 0.00035321153700351715
2024-02-14 10:43:33 | TRACE   | query_time, 0.0003760308027267456
2024-02-14 10:43:33 | TRACE   | query_time, 0.0003631468862295151
2024-02-14 10:43:33 | TRACE   | query_time, 0.000372299924492836
2024-02-14 10:43:33 | TRACE   | query_time, 0.00035570748150348663
2024-02-14 10:43:33 | TRACE   | query_time, 0.0004267524927854538
2024-02-14 10:43:33 | TRACE   | query_time, 0.00035309605300426483
2024-02-14 10:43:33 | TRACE   | query_time, 0.00042630359530448914
2024-02-14 10:43:33 | TRACE   | query_time, 0.0003538206219673157
2024-02-14 10:43:33 | TRACE   | query_time, 0.0004692859947681427
2024-02-14 10:43:33 | TRACE   | query_time, 0.00035922229290008545
2024-02-14 10:43:33 | TRACE   | query_time, 0.00035003386437892914
2024-02-14 10:43:33 | TRACE   | query_time, 0.0003631077706813812
2024-02-14 10:43:33 | TRACE   | query_time, 0.0003636553883552551
2024-02-14 10:43:33 | TRACE   | query_time, 0.000369412824511528
2024-02-14 10:43:33 | TRACE   | query_time, 0.0003600064665079117
2024-02-14 10:43:33 | TRACE   | query_time, 0.000376969575881958
2024-02-14 10:43:33 | TRACE   | query_time, 0.00035879574716091156
2024-02-14 10:43:33 | TRACE   | query_time, 0.00036235153675079346
2024-02-14 10:43:33 | TRACE   | query_time, 0.0004490744322538376
2024-02-14 10:43:33 | TRACE   | query_time, 0.0003605317324399948
2024-02-14 10:43:33 | TRACE   | query_time, 0.00036746449768543243
2024-02-14 10:43:33 | TRACE   | query_time, 0.0003586728125810623
2024-02-14 10:43:33 | TRACE   | query_time, 0.000359291210770607
2024-02-14 10:43:33 | TRACE   | query_time, 0.0003601163625717163
2024-02-14 10:43:33 | TRACE   | query_time, 0.0003589913249015808
2024-02-14 10:43:33 | TRACE   | query_time, 0.0003610067069530487
2024-02-14 10:43:33 | TRACE   | query_time, 0.000364009290933609
2024-02-14 10:43:33 | TRACE   | query_time, 0.0003598164767026901
2024-02-14 10:43:33 | TRACE   | query_time, 0.00036737509071826935
2024-02-14 10:43:33 | TRACE   | query_time, 0.0004723798483610153
2024-02-14 10:43:33 | TRACE   | query_time, 0.00035890936851501465
2024-02-14 10:43:33 | TRACE   | query_time, 0.00035418756306171417
2024-02-14 10:43:33 | TRACE   | query_time, 0.00037688761949539185
2024-02-14 10:43:33 | TRACE   | query_time, 0.00036027468740940094
2024-02-14 10:43:33 | TRACE   | query_time, 0.0004470702260732651
2024-02-14 10:43:33 | TRACE   | query_time, 0.0003730766475200653
2024-02-14 10:43:33 | TRACE   | query_time, 0.00039335526525974274
2024-02-14 10:43:33 | TRACE   | query_time, 0.00035740435123443604
2024-02-14 10:43:33 | TRACE   | query_time, 0.000363815575838089
2024-02-14 10:43:33 | TRACE   | query_time, 0.00037706270813941956
2024-02-14 10:43:33 | TRACE   | query_time, 0.0004489235579967499
2024-02-14 10:43:33 | TRACE   | query_time, 0.0004319678992033005
2024-02-14 10:43:33 | TRACE   | query_time, 0.00036858394742012024
2024-02-14 10:43:33 | TRACE   | query_time, 0.000360880047082901
2024-02-14 10:43:33 | TRACE   | query_time, 0.0003590919077396393
2024-02-14 10:43:33 | TRACE   | query_time, 0.00044100359082221985
2024-02-14 10:43:33 | TRACE   | query_time, 0.00037378817796707153
2024-02-14 10:43:33 | TRACE   | query_time, 0.0004298090934753418
2024-02-14 10:43:33 | TRACE   | query_time, 0.00036418065428733826
2024-02-14 10:43:33 | TRACE   | query_time, 0.000456102192401886
2024-02-14 10:43:33 | TRACE   | query_time, 0.00035493820905685425
2024-02-14 10:43:33 | TRACE   | query_time, 0.00046784430742263794
2024-02-14 10:43:33 | TRACE   | query_time, 0.0003569554537534714
2024-02-14 10:43:33 | TRACE   | query_time, 0.0003943759948015213
2024-02-14 10:43:33 | TRACE   | query_time, 0.00035565905272960663
2024-02-14 10:43:33 | TRACE   | query_time, 0.00035498104989528656
2024-02-14 10:43:33 | TRACE   | query_time, 0.0003543645143508911
2024-02-14 10:43:33 | TRACE   | query_time, 0.00036599114537239075
2024-02-14 10:43:33 | TRACE   | query_time, 0.0003900304436683655
2024-02-14 10:43:33 | TRACE   | query_time, 0.00035442784428596497
2024-02-14 10:43:33 | TRACE   | query_time, 0.0003727264702320099
2024-02-14 10:43:33 | TRACE   | query_time, 0.00035523250699043274
2024-02-14 10:43:33 | TRACE   | query_time, 0.00034593231976032257
2024-02-14 10:43:33 | TRACE   | query_time, 0.0003562700003385544
2024-02-14 10:43:33 | TRACE   | query_time, 0.00035413168370723724
2024-02-14 10:43:33 | TRACE   | query_time, 0.0003558509051799774
2024-02-14 10:43:33 | TRACE   | query_time, 0.00037419237196445465
2024-02-14 10:43:33 | TRACE   | query_time, 0.00036472082138061523
2024-02-14 10:43:33 | TRACE   | query_time, 0.00035487301647663116
2024-02-14 10:43:33 | TRACE   | query_time, 0.0004265476018190384
2024-02-14 10:43:33 | TRACE   | query_time, 0.00042884983122348785
2024-02-14 10:43:33 | TRACE   | query_time, 0.00035672448575496674
2024-02-14 10:43:33 | TRACE   | query_time, 0.0003716275095939636
2024-02-14 10:43:33 | TRACE   | query_time, 0.00037282705307006836
2024-02-14 10:43:33 | TRACE   | query_time, 0.00035632215440273285
2024-02-14 10:43:33 | TRACE   | query_time, 0.0003563724458217621
2024-02-14 10:43:33 | TRACE   | query_time, 0.0003653019666671753
2024-02-14 10:43:33 | TRACE   | query_time, 0.00044595450162887573
2024-02-14 10:43:33 | TRACE   | query_time, 0.00037404894828796387
2024-02-14 10:43:33 | TRACE   | query_time, 0.0003548748791217804
2024-02-14 10:43:33 | TRACE   | query_time, 0.0003459285944700241
2024-02-14 10:43:33 | TRACE   | query_time, 0.000432012602686882
2024-02-14 10:43:33 | TRACE   | query_time, 0.0003553982824087143
2024-02-14 10:43:33 | TRACE   | query_time, 0.00042591243982315063
2024-02-14 10:43:33 | TRACE   | query_time, 0.0003570113331079483
2024-02-14 10:43:33 | TRACE   | query_time, 0.00035794638097286224
2024-02-14 10:43:33 | TRACE   | query_time, 0.00036626681685447693
2024-02-14 10:43:33 | TRACE   | query_time, 0.0004553943872451782
2024-02-14 10:43:33 | TRACE   | query_time, 0.0003563668578863144
2024-02-14 10:43:33 | TRACE   | query_time, 0.0003639552742242813
2024-02-14 10:43:33 | TRACE   | query_time, 0.00046751275658607483
2024-02-14 10:43:33 | TRACE   | query_time, 0.00035661831498146057
2024-02-14 10:43:33 | TRACE   | query_time, 0.0004640799015760422
2024-02-14 10:43:33 | TRACE   | query_time, 0.00035476312041282654
2024-02-14 10:43:33 | TRACE   | query_time, 0.00036495551466941833
2024-02-14 10:43:33 | TRACE   | query_time, 0.00035427138209342957
2024-02-14 10:43:33 | TRACE   | query_time, 0.0003544427454471588
2024-02-14 10:43:33 | TRACE   | query_time, 0.0004464574158191681
2024-02-14 10:43:33 | TRACE   | query_time, 0.0003555621951818466
2024-02-14 10:43:33 | TRACE   | query_time, 0.00034884363412857056
2024-02-14 10:43:33 | TRACE   | query_time, 0.00039193034172058105
2024-02-14 10:43:33 | TRACE   | query_time, 0.00035632774233818054
2024-02-14 10:43:33 | TRACE   | query_time, 0.0003555845469236374
2024-02-14 10:43:33 | TRACE   | query_time, 0.0003571845591068268
2024-02-14 10:43:33 | TRACE   | query_time, 0.00042905472218990326
2024-02-14 10:43:33 | TRACE   | query_time, 0.0003745611757040024
2024-02-14 10:43:33 | TRACE   | query_time, 0.00035606324672698975
2024-02-14 10:43:33 | TRACE   | query_time, 0.0018727649003267288
2024-02-14 10:43:33 | TRACE   | query_time, 0.0020302776247262955
2024-02-14 10:43:33 | TRACE   | query_time, 0.0018085036426782608
2024-02-14 10:43:33 | TRACE   | query_time, 0.0017669722437858582
2024-02-14 10:43:33 | TRACE   | query_time, 0.0018518753349781036
2024-02-14 10:43:33 | TRACE   | query_time, 0.0017756447196006775
2024-02-14 10:43:33 | TRACE   | query_time, 0.0017602182924747467
2024-02-14 10:43:33 | TRACE   | query_time, 0.0018309764564037323
2024-02-14 10:43:33 | TRACE   | query_time, 0.0017338600009679794
2024-02-14 10:43:33 | TRACE   | query_time, 0.001755446195602417
2024-02-14 10:43:33 | TRACE   | query_time, 0.0018150713294744492
2024-02-14 10:43:33 | TRACE   | query_time, 0.001758027821779251
2024-02-14 10:43:33 | TRACE   | query_time, 0.0018184836953878403
2024-02-14 10:43:33 | TRACE   | query_time, 0.0017397161573171616
2024-02-14 10:43:33 | TRACE   | query_time, 0.001727646216750145
2024-02-14 10:43:33 | TRACE   | query_time, 0.0018026381731033325
2024-02-14 10:43:33 | TRACE   | query_time, 0.00184544175863266
2024-02-14 10:43:33 | TRACE   | query_time, 0.0017505809664726257
2024-02-14 10:43:33 | TRACE   | query_time, 0.0017461609095335007
2024-02-14 10:43:33 | TRACE   | query_time, 0.0017206482589244843
2024-02-14 10:43:33 | TRACE   | query_time, 0.0016612894833087921
2024-02-14 10:43:33 | TRACE   | query_time, 0.0017852764576673508
2024-02-14 10:43:33 | TRACE   | query_time, 0.001614786684513092
2024-02-14 10:43:33 | TRACE   | query_time, 0.0017160680145025253
2024-02-14 10:43:33 | TRACE   | query_time, 0.0018090177327394485
2024-02-14 10:43:33 | TRACE   | query_time, 0.001788044348359108
2024-02-14 10:43:33 | TRACE   | query_time, 0.0018243622034788132
2024-02-14 10:43:33 | TRACE   | query_time, 0.001825651153922081
2024-02-14 10:43:33 | TRACE   | query_time, 0.0017958953976631165
2024-02-14 10:43:33 | TRACE   | query_time, 0.0016164630651474
2024-02-14 10:43:33 | TRACE   | query_time, 0.001599704846739769
2024-02-14 10:43:33 | TRACE   | query_time, 0.001759914681315422
2024-02-14 10:43:33 | TRACE   | query_time, 0.0016335267573595047
2024-02-14 10:43:33 | TRACE   | query_time, 0.0018450245261192322
2024-02-14 10:43:33 | TRACE   | query_time, 0.0017178114503622055
2024-02-14 10:43:33 | TRACE   | query_time, 0.001602165400981903
2024-02-14 10:43:33 | TRACE   | query_time, 0.0017177276313304901
2024-02-14 10:43:33 | TRACE   | query_time, 0.0018059182912111282
2024-02-14 10:43:33 | TRACE   | query_time, 0.0017933305352926254
2024-02-14 10:43:33 | TRACE   | query_time, 0.0016976799815893173
2024-02-14 10:43:33 | TRACE   | query_time, 0.0017540454864501953
2024-02-14 10:43:33 | TRACE   | query_time, 0.001635279506444931
2024-02-14 10:43:33 | TRACE   | query_time, 0.0017646364867687225
2024-02-14 10:43:33 | TRACE   | query_time, 0.0017505567520856857
2024-02-14 10:43:33 | TRACE   | query_time, 0.001782890409231186
2024-02-14 10:43:33 | TRACE   | query_time, 0.0017428640276193619
2024-02-14 10:43:33 | TRACE   | query_time, 0.0017448719590902328
2024-02-14 10:43:33 | TRACE   | query_time, 0.0017807967960834503
2024-02-14 10:43:33 | TRACE   | query_time, 0.0017602760344743729
2024-02-14 10:43:33 | TRACE   | query_time, 0.001759592443704605
2024-02-14 10:43:33 | TRACE   | query_time, 0.0017390735447406769
2024-02-14 10:43:33 | TRACE   | query_time, 0.001783343032002449
2024-02-14 10:43:33 | TRACE   | query_time, 0.00176333449780941
2024-02-14 10:43:33 | TRACE   | query_time, 0.0018474515527486801
2024-02-14 10:43:33 | TRACE   | query_time, 0.0017599556595087051
2024-02-14 10:43:33 | TRACE   | query_time, 0.0016079079359769821
2024-02-14 10:43:33 | TRACE   | query_time, 0.0017494671046733856
2024-02-14 10:43:33 | TRACE   | query_time, 0.0018194261938333511
2024-02-14 10:43:33 | TRACE   | query_time, 0.0017147082835435867
2024-02-14 10:43:33 | TRACE   | query_time, 0.001784246414899826
2024-02-14 10:43:33 | TRACE   | query_time, 0.0017325244843959808
2024-02-14 10:43:33 | TRACE   | query_time, 0.001814546063542366
2024-02-14 10:43:33 | TRACE   | query_time, 0.0019335802644491196
2024-02-14 10:43:33 | TRACE   | query_time, 0.0018165521323680878
2024-02-14 10:43:33 | TRACE   | query_time, 0.0019654538482427597
2024-02-14 10:43:33 | TRACE   | query_time, 0.002055179327726364
2024-02-14 10:43:33 | TRACE   | query_time, 0.0018297284841537476
2024-02-14 10:43:33 | TRACE   | query_time, 0.0015993453562259674
2024-02-14 10:43:33 | TRACE   | query_time, 0.0017537325620651245
2024-02-14 10:43:33 | TRACE   | query_time, 0.0017556920647621155
2024-02-14 10:43:33 | TRACE   | query_time, 0.0017916429787874222
2024-02-14 10:43:33 | TRACE   | query_time, 0.0017087683081626892
2024-02-14 10:43:33 | TRACE   | query_time, 0.0017513073980808258
2024-02-14 10:43:33 | TRACE   | query_time, 0.0017315372824668884
2024-02-14 10:43:33 | TRACE   | query_time, 0.001802828162908554
2024-02-14 10:43:33 | TRACE   | query_time, 0.0017615687102079391
2024-02-14 10:43:33 | TRACE   | query_time, 0.0017486903816461563
2024-02-14 10:43:33 | TRACE   | query_time, 0.0017913449555635452
2024-02-14 10:43:33 | TRACE   | query_time, 0.00173991359770298
2024-02-14 10:43:33 | TRACE   | query_time, 0.001751122996211052
2024-02-14 10:43:33 | TRACE   | query_time, 0.0017626993358135223
2024-02-14 10:43:33 | TRACE   | query_time, 0.0018483232706785202
2024-02-14 10:43:33 | TRACE   | query_time, 0.0019956324249505997
2024-02-14 10:43:33 | TRACE   | query_time, 0.001818135380744934
2024-02-14 10:43:33 | TRACE   | query_time, 0.001839958131313324
2024-02-14 10:43:33 | TRACE   | query_time, 0.0016201082617044449
2024-02-14 10:43:33 | TRACE   | query_time, 0.0017618481069803238
2024-02-14 10:43:33 | TRACE   | query_time, 0.0017301272600889206
2024-02-14 10:43:33 | TRACE   | query_time, 0.001666015014052391
2024-02-14 10:43:33 | TRACE   | query_time, 0.0016037244349718094
2024-02-14 10:43:33 | TRACE   | query_time, 0.0017109327018260956
2024-02-14 10:43:33 | TRACE   | query_time, 0.0018180925399065018
2024-02-14 10:43:33 | TRACE   | query_time, 0.0018234848976135254
2024-02-14 10:43:33 | TRACE   | query_time, 0.0018320325762033463
2024-02-14 10:43:33 | TRACE   | query_time, 0.002033829689025879
2024-02-14 10:43:33 | TRACE   | query_time, 0.0016836151480674744
2024-02-14 10:43:33 | TRACE   | query_time, 0.0020118989050388336
2024-02-14 10:43:33 | TRACE   | query_time, 0.001844143494963646
2024-02-14 10:43:33 | TRACE   | query_time, 0.0016147959977388382
2024-02-14 10:43:33 | TRACE   | query_time, 0.0016052592545747757
2024-02-14 10:43:33 | TRACE   | query_time, 0.0017654504626989365
2024-02-14 10:43:33 | TRACE   | query_time, 0.0016192831099033356
2024-02-14 10:43:33 | TRACE   | query_time, 0.0015956368297338486
2024-02-14 10:43:33 | TRACE   | query_time, 0.001743735745549202
2024-02-14 10:43:33 | TRACE   | query_time, 0.001789432018995285
2024-02-14 10:43:33 | TRACE   | query_time, 0.0016037411987781525
2024-02-14 10:43:33 | TRACE   | query_time, 0.0017129667103290558
2024-02-14 10:43:33 | TRACE   | query_time, 0.0017489176243543625
2024-02-14 10:43:33 | TRACE   | query_time, 0.0017369519919157028
2024-02-14 10:43:33 | TRACE   | query_time, 0.0018154289573431015
2024-02-14 10:43:33 | TRACE   | query_time, 0.0017442833632230759
2024-02-14 10:43:33 | TRACE   | query_time, 0.0020033642649650574
2024-02-14 10:43:33 | TRACE   | query_time, 0.0020025167614221573
2024-02-14 10:43:33 | TRACE   | query_time, 0.0017854664474725723
2024-02-14 10:43:33 | TRACE   | query_time, 0.0017451532185077667
2024-02-14 10:43:33 | TRACE   | query_time, 0.0016766563057899475
2024-02-14 10:43:33 | TRACE   | query_time, 0.0017221979796886444
2024-02-14 10:43:33 | TRACE   | query_time, 0.0017368625849485397
2024-02-14 10:43:33 | TRACE   | query_time, 0.0016050171107053757
2024-02-14 10:43:33 | TRACE   | query_time, 0.0016534291207790375
2024-02-14 10:43:33 | TRACE   | query_time, 0.0017863009124994278
2024-02-14 10:43:33 | TRACE   | query_time, 0.0019219275563955307
2024-02-14 10:43:33 | TRACE   | query_time, 0.0017345473170280457
2024-02-14 10:43:33 | TRACE   | query_time, 0.001822168007493019
2024-02-14 10:43:33 | TRACE   | query_time, 0.0017880145460367203
2024-02-14 10:43:33 | TRACE   | query_time, 0.0018052905797958374
2024-02-14 10:43:33 | TRACE   | query_time, 0.001828489825129509
2024-02-14 10:43:33 | TRACE   | query_time, 0.0019343513995409012
2024-02-14 10:43:33 | TRACE   | query_time, 0.001805230975151062
2024-02-14 10:43:33 | TRACE   | query_time, 0.0019310247153043747
2024-02-14 10:43:33 | TRACE   | query_time, 0.0018140897154808044
2024-02-14 10:43:33 | TRACE   | query_time, 0.0019642915576696396
2024-02-14 10:43:33 | TRACE   | query_time, 0.001982705667614937
2024-02-14 10:43:33 | TRACE   | query_time, 0.0019883085042238235
2024-02-14 10:43:33 | TRACE   | query_time, 0.0021601486951112747
2024-02-14 10:43:33 | TRACE   | query_time, 0.0019829683005809784
2024-02-14 10:43:33 | TRACE   | query_time, 0.0018314626067876816
2024-02-14 10:43:33 | TRACE   | query_time, 0.0019090957939624786
2024-02-14 10:43:33 | TRACE   | query_time, 0.001805189996957779
2024-02-14 10:43:33 | TRACE   | query_time, 0.001856733113527298
2024-02-14 10:43:33 | TRACE   | query_time, 0.001970861107110977
2024-02-14 10:43:33 | TRACE   | query_time, 0.0019356869161128998
2024-02-14 10:43:33 | TRACE   | query_time, 0.0019525755196809769
2024-02-14 10:43:33 | TRACE   | query_time, 0.0019326582551002502
2024-02-14 10:43:33 | TRACE   | query_time, 0.0019029006361961365
2024-02-14 10:43:33 | TRACE   | query_time, 0.0018053464591503143
2024-02-14 10:43:33 | TRACE   | query_time, 0.0018464922904968262
2024-02-14 10:43:33 | TRACE   | query_time, 0.0019000228494405746
2024-02-14 10:43:33 | TRACE   | query_time, 0.0019464623183012009
2024-02-14 10:43:33 | TRACE   | query_time, 0.0020834878087043762
2024-02-14 10:43:33 | TRACE   | query_time, 0.002159576863050461
2024-02-14 10:43:33 | TRACE   | query_time, 0.001993367448449135
2024-02-14 10:43:33 | TRACE   | query_time, 0.0017985999584197998
2024-02-14 10:43:33 | TRACE   | query_time, 0.0018045585602521896
2024-02-14 10:43:33 | TRACE   | query_time, 0.001904396340250969
2024-02-14 10:43:33 | TRACE   | query_time, 0.001969488337635994
2024-02-14 10:43:33 | TRACE   | query_time, 0.0019741524010896683
2024-02-14 10:43:33 | TRACE   | query_time, 0.002090299502015114
2024-02-14 10:43:33 | TRACE   | query_time, 0.0019769184291362762
2024-02-14 10:43:33 | TRACE   | query_time, 0.0021202005445957184
2024-02-14 10:43:33 | TRACE   | query_time, 0.001967022195458412
2024-02-14 10:43:33 | TRACE   | query_time, 0.0019615404307842255
2024-02-14 10:43:33 | TRACE   | query_time, 0.0019342191517353058
2024-02-14 10:43:33 | TRACE   | query_time, 0.001915590837597847
2024-02-14 10:43:33 | TRACE   | query_time, 0.001851651817560196
2024-02-14 10:43:33 | TRACE   | query_time, 0.00197707861661911
2024-02-14 10:43:33 | TRACE   | query_time, 0.001964537426829338
2024-02-14 10:43:33 | TRACE   | query_time, 0.0019476115703582764
2024-02-14 10:43:33 | TRACE   | query_time, 0.0019300226122140884
2024-02-14 10:43:33 | TRACE   | query_time, 0.0021198820322752
2024-02-14 10:43:33 | TRACE   | query_time, 0.0019429884850978851
2024-02-14 10:43:33 | TRACE   | query_time, 0.0019222032278776169
2024-02-14 10:43:33 | TRACE   | query_time, 0.0018310360610485077
2024-02-14 10:43:33 | TRACE   | query_time, 0.0019873734563589096
2024-02-14 10:43:33 | TRACE   | query_time, 0.0018115807324647903
2024-02-14 10:43:33 | TRACE   | query_time, 0.0019292887300252914
2024-02-14 10:43:33 | TRACE   | query_time, 0.0017991568893194199
2024-02-14 10:43:33 | TRACE   | query_time, 0.0019053351134061813
2024-02-14 10:43:33 | TRACE   | query_time, 0.0021185018122196198
2024-02-14 10:43:33 | TRACE   | query_time, 0.0019870754331350327
2024-02-14 10:43:33 | TRACE   | query_time, 0.0019318275153636932
2024-02-14 10:43:33 | TRACE   | query_time, 0.0018573533743619919
2024-02-14 10:43:33 | TRACE   | query_time, 0.0019510053098201752
2024-02-14 10:43:33 | TRACE   | query_time, 0.0019771624356508255
2024-02-14 10:43:33 | TRACE   | query_time, 0.0018982738256454468
2024-02-14 10:43:33 | TRACE   | query_time, 0.0019446797668933868
2024-02-14 10:43:33 | TRACE   | query_time, 0.0018963776528835297
2024-02-14 10:43:33 | TRACE   | query_time, 0.0019755568355321884
2024-02-14 10:43:33 | TRACE   | query_time, 0.0019844304770231247
2024-02-14 10:43:33 | TRACE   | query_time, 0.001920405775308609
2024-02-14 10:43:33 | TRACE   | query_time, 0.0019270200282335281
2024-02-14 10:43:33 | TRACE   | query_time, 0.0017994586378335953
2024-02-14 10:43:33 | TRACE   | query_time, 0.0019309129565954208
2024-02-14 10:43:33 | TRACE   | query_time, 0.0018330197781324387
2024-02-14 10:43:33 | TRACE   | query_time, 0.0019045397639274597
2024-02-14 10:43:33 | TRACE   | query_time, 0.0019381865859031677
2024-02-14 10:43:34 | TRACE   | query_time, 0.001965269446372986
2024-02-14 10:43:34 | TRACE   | query_time, 0.001961827278137207
2024-02-14 10:43:34 | TRACE   | query_time, 0.001933656632900238
2024-02-14 10:43:34 | TRACE   | query_time, 0.001995811238884926
2024-02-14 10:43:34 | TRACE   | query_time, 0.002093648537993431
2024-02-14 10:43:34 | TRACE   | query_time, 0.0018869396299123764
2024-02-14 10:43:34 | TRACE   | query_time, 0.0019745510071516037
2024-02-14 10:43:34 | TRACE   | query_time, 0.0019940268248319626
2024-02-14 10:43:34 | TRACE   | query_time, 0.0018890835344791412
2024-02-14 10:43:34 | TRACE   | query_time, 0.0019581522792577744
2024-02-14 10:43:34 | TRACE   | query_time, 0.0019794218242168427
2024-02-14 10:43:34 | TRACE   | query_time, 0.0019330400973558426
2024-02-14 10:43:34 | TRACE   | query_time, 0.001936737447977066
2024-02-14 10:43:34 | TRACE   | query_time, 0.002159031108021736
2024-02-14 10:43:34 | TRACE   | query_time, 0.0018783695995807648
2024-02-14 10:43:34 | TRACE   | query_time, 0.001973658800125122
2024-02-14 10:43:34 | TRACE   | query_time, 0.002404574304819107
2024-02-14 10:43:34 | TRACE   | query_time, 0.001957925036549568
2024-02-14 10:43:34 | TRACE   | query_time, 0.0019960571080446243
2024-02-14 10:43:34 | TRACE   | query_time, 0.0018230937421321869
2024-02-14 10:43:34 | TRACE   | query_time, 0.0018087010830640793
2024-02-14 10:43:34 | TRACE   | query_time, 0.0019338596612215042
2024-02-14 10:43:34 | TRACE   | query_time, 0.0019930750131607056
2024-02-14 10:43:34 | TRACE   | query_time, 0.0021435804665088654
2024-02-14 10:43:34 | TRACE   | query_time, 0.002005916088819504
2024-02-14 10:43:34 | TRACE   | query_time, 0.0019343364983797073
2024-02-14 10:43:34 | TRACE   | query_time, 0.0019467193633317947
2024-02-14 10:43:34 | TRACE   | query_time, 0.0019311830401420593
2024-02-14 10:43:34 | TRACE   | query_time, 0.001931566745042801
2024-02-14 10:43:34 | TRACE   | query_time, 0.0020677540451288223
2024-02-14 10:43:34 | TRACE   | query_time, 0.0021542031317949295
2024-02-14 10:43:34 | TRACE   | query_time, 0.0019569359719753265
2024-02-14 10:43:34 | TRACE   | query_time, 0.0020001959055662155
2024-02-14 10:43:34 | TRACE   | query_time, 0.0018144436180591583
2024-02-14 10:43:34 | TRACE   | query_time, 0.001940431073307991
2024-02-14 10:43:34 | TRACE   | query_time, 0.001834394410252571
2024-02-14 10:43:34 | TRACE   | query_time, 0.0019430071115493774
2024-02-14 10:43:34 | TRACE   | query_time, 0.0019261911511421204
2024-02-14 10:43:34 | TRACE   | query_time, 0.0019598007202148438
2024-02-14 10:43:34 | TRACE   | query_time, 0.0019584763795137405
2024-02-14 10:43:34 | TRACE   | query_time, 0.0018109679222106934
2024-02-14 10:43:34 | TRACE   | query_time, 0.0019317008554935455
2024-02-14 10:43:34 | TRACE   | query_time, 0.0019717924296855927
2024-02-14 10:43:34 | TRACE   | query_time, 0.0018807966262102127
2024-02-14 10:43:34 | TRACE   | query_time, 0.001988578587770462
2024-02-14 10:43:34 | TRACE   | query_time, 0.0019651856273412704
2024-02-14 10:43:34 | TRACE   | query_time, 0.0019458252936601639
2024-02-14 10:43:34 | TRACE   | query_time, 0.0018149912357330322
2024-02-14 10:43:34 | TRACE   | query_time, 0.0019529517740011215
2024-02-14 10:43:34 | TRACE   | query_time, 0.001957859843969345
2024-02-14 10:43:34 | TRACE   | query_time, 0.0019675716757774353
2024-02-14 10:43:34 | TRACE   | query_time, 0.0018084291368722916
2024-02-14 10:43:34 | TRACE   | query_time, 0.0019679851830005646
2024-02-14 10:43:34 | TRACE   | query_time, 0.0018790774047374725
2024-02-14 10:43:34 | TRACE   | query_time, 0.001934358850121498
2024-02-14 10:43:34 | TRACE   | query_time, 0.0018727239221334457
2024-02-14 10:43:34 | TRACE   | query_time, 0.001940712332725525
2024-02-14 10:43:34 | TRACE   | query_time, 0.0019361656159162521
2024-02-14 10:43:34 | TRACE   | query_time, 0.001940511167049408
2024-02-14 10:43:34 | TRACE   | query_time, 0.001826191321015358
2024-02-14 10:43:34 | TRACE   | query_time, 0.0019882284104824066
2024-02-14 10:43:34 | TRACE   | query_time, 0.0019445288926362991
2024-02-14 10:43:34 | TRACE   | query_time, 0.0018622875213623047
2024-02-14 10:43:34 | TRACE   | query_time, 0.0019262507557868958
