2024-02-14 10:38:36 | DEBUG   | {'input': PosixPath('data/open_data_usa/indices/microbenchmarks/rebinning-b10000.zst'), 'input_type': 'index', 'queries': PosixPath('data/open_data_usa/queries/microbenchmarks.zst'), 'estimation_mode': None, 'index_mode': 'recall', 'output': None, 'workers': None, 'frequency_hists': False, 'suppress_results': False, 'log_level': 'INFO', 'log_file': PosixPath('logs/microbenchmarks/runtime/open_data_usa-rebinning-b10000-single-4.log')}
2024-02-14 10:38:36 | DEBUG   | Loading input data from data/open_data_usa/indices/microbenchmarks/rebinning-b10000.zst
2024-02-14 10:38:36 | DEBUG   | Loading queries from data/open_data_usa/queries/microbenchmarks.zst
2024-02-14 10:38:36 | TRACE   | bootstrap_time, 0.11649149097502232
2024-02-14 10:38:36 | DEBUG   | Starting execution
2024-02-14 10:38:36 | TRACE   | query_time, 0.0006535854190587997
2024-02-14 10:38:36 | TRACE   | query_time, 0.00044224783778190613
2024-02-14 10:38:36 | TRACE   | query_time, 0.00041221268475055695
2024-02-14 10:38:36 | TRACE   | query_time, 0.00041217729449272156
2024-02-14 10:38:36 | TRACE   | query_time, 0.0004123542457818985
2024-02-14 10:38:36 | TRACE   | query_time, 0.00040298886597156525
2024-02-14 10:38:36 | TRACE   | query_time, 0.0005063209682703018
2024-02-14 10:38:36 | TRACE   | query_time, 0.0004076957702636719
2024-02-14 10:38:36 | TRACE   | query_time, 0.0003885515034198761
2024-02-14 10:38:36 | TRACE   | query_time, 0.0004485230892896652
2024-02-14 10:38:36 | TRACE   | query_time, 0.0004123654216527939
2024-02-14 10:38:36 | TRACE   | query_time, 0.00041699595749378204
2024-02-14 10:38:36 | TRACE   | query_time, 0.00040552765130996704
2024-02-14 10:38:36 | TRACE   | query_time, 0.00042754970490932465
2024-02-14 10:38:36 | TRACE   | query_time, 0.0004342366009950638
2024-02-14 10:38:36 | TRACE   | query_time, 0.00041366182267665863
2024-02-14 10:38:36 | TRACE   | query_time, 0.00043580494821071625
2024-02-14 10:38:36 | TRACE   | query_time, 0.0004234910011291504
2024-02-14 10:38:36 | TRACE   | query_time, 0.0004368070513010025
2024-02-14 10:38:36 | TRACE   | query_time, 0.00045211613178253174
2024-02-14 10:38:36 | TRACE   | query_time, 0.0004800334572792053
2024-02-14 10:38:36 | TRACE   | query_time, 0.00043357349932193756
2024-02-14 10:38:36 | TRACE   | query_time, 0.0004352312535047531
2024-02-14 10:38:36 | TRACE   | query_time, 0.0004438571631908417
2024-02-14 10:38:36 | TRACE   | query_time, 0.000403502956032753
2024-02-14 10:38:36 | TRACE   | query_time, 0.0004392974078655243
2024-02-14 10:38:36 | TRACE   | query_time, 0.0004502590745687485
2024-02-14 10:38:36 | TRACE   | query_time, 0.0004765074700117111
2024-02-14 10:38:36 | TRACE   | query_time, 0.0005352608859539032
2024-02-14 10:38:36 | TRACE   | query_time, 0.00045196153223514557
2024-02-14 10:38:36 | TRACE   | query_time, 0.0005111806094646454
2024-02-14 10:38:36 | TRACE   | query_time, 0.0004590284079313278
2024-02-14 10:38:36 | TRACE   | query_time, 0.00043543800711631775
2024-02-14 10:38:36 | TRACE   | query_time, 0.00044619105756282806
2024-02-14 10:38:36 | TRACE   | query_time, 0.0004360731691122055
2024-02-14 10:38:36 | TRACE   | query_time, 0.0004264507442712784
2024-02-14 10:38:36 | TRACE   | query_time, 0.0004199407994747162
2024-02-14 10:38:36 | TRACE   | query_time, 0.0005380604416131973
2024-02-14 10:38:36 | TRACE   | query_time, 0.0004402436316013336
2024-02-14 10:38:36 | TRACE   | query_time, 0.00048135221004486084
2024-02-14 10:38:36 | TRACE   | query_time, 0.0004352722316980362
2024-02-14 10:38:36 | TRACE   | query_time, 0.00048579275608062744
2024-02-14 10:38:36 | TRACE   | query_time, 0.0004402119666337967
2024-02-14 10:38:36 | TRACE   | query_time, 0.00046496838331222534
2024-02-14 10:38:36 | TRACE   | query_time, 0.0004411153495311737
2024-02-14 10:38:36 | TRACE   | query_time, 0.0004398040473461151
2024-02-14 10:38:36 | TRACE   | query_time, 0.00045027583837509155
2024-02-14 10:38:36 | TRACE   | query_time, 0.0004628952592611313
2024-02-14 10:38:36 | TRACE   | query_time, 0.00043678469955921173
2024-02-14 10:38:36 | TRACE   | query_time, 0.0004356522113084793
2024-02-14 10:38:36 | TRACE   | query_time, 0.0005508046597242355
2024-02-14 10:38:36 | TRACE   | query_time, 0.00043205171823501587
2024-02-14 10:38:36 | TRACE   | query_time, 0.0004992280155420303
2024-02-14 10:38:36 | TRACE   | query_time, 0.0004526562988758087
2024-02-14 10:38:36 | TRACE   | query_time, 0.0004346519708633423
2024-02-14 10:38:36 | TRACE   | query_time, 0.0004697423428297043
2024-02-14 10:38:36 | TRACE   | query_time, 0.0004422403872013092
2024-02-14 10:38:36 | TRACE   | query_time, 0.0004282314330339432
2024-02-14 10:38:36 | TRACE   | query_time, 0.0004370119422674179
2024-02-14 10:38:36 | TRACE   | query_time, 0.0004245918244123459
2024-02-14 10:38:36 | TRACE   | query_time, 0.0004312824457883835
2024-02-14 10:38:36 | TRACE   | query_time, 0.00044230371713638306
2024-02-14 10:38:36 | TRACE   | query_time, 0.0005371049046516418
2024-02-14 10:38:36 | TRACE   | query_time, 0.0004489738494157791
2024-02-14 10:38:36 | TRACE   | query_time, 0.0004367399960756302
2024-02-14 10:38:36 | TRACE   | query_time, 0.000472409650683403
2024-02-14 10:38:36 | TRACE   | query_time, 0.000423947349190712
2024-02-14 10:38:36 | TRACE   | query_time, 0.0004324391484260559
2024-02-14 10:38:36 | TRACE   | query_time, 0.000418834388256073
2024-02-14 10:38:36 | TRACE   | query_time, 0.000435560941696167
2024-02-14 10:38:36 | TRACE   | query_time, 0.0004158150404691696
2024-02-14 10:38:36 | TRACE   | query_time, 0.0004211198538541794
2024-02-14 10:38:36 | TRACE   | query_time, 0.0004454348236322403
2024-02-14 10:38:36 | TRACE   | query_time, 0.00042559951543807983
2024-02-14 10:38:36 | TRACE   | query_time, 0.00047253258526325226
2024-02-14 10:38:36 | TRACE   | query_time, 0.00044260546565055847
2024-02-14 10:38:36 | TRACE   | query_time, 0.00043528899550437927
2024-02-14 10:38:36 | TRACE   | query_time, 0.0004262775182723999
2024-02-14 10:38:36 | TRACE   | query_time, 0.0004347562789916992
2024-02-14 10:38:36 | TRACE   | query_time, 0.00043148547410964966
2024-02-14 10:38:36 | TRACE   | query_time, 0.00042190030217170715
2024-02-14 10:38:36 | TRACE   | query_time, 0.00043967925012111664
2024-02-14 10:38:36 | TRACE   | query_time, 0.0004411693662405014
2024-02-14 10:38:36 | TRACE   | query_time, 0.0004955623298883438
2024-02-14 10:38:36 | TRACE   | query_time, 0.0004254486411809921
2024-02-14 10:38:36 | TRACE   | query_time, 0.0004707109183073044
2024-02-14 10:38:36 | TRACE   | query_time, 0.00043274834752082825
2024-02-14 10:38:36 | TRACE   | query_time, 0.00044177472591400146
2024-02-14 10:38:36 | TRACE   | query_time, 0.000415632501244545
2024-02-14 10:38:36 | TRACE   | query_time, 0.0004325341433286667
2024-02-14 10:38:36 | TRACE   | query_time, 0.0004916656762361526
2024-02-14 10:38:36 | TRACE   | query_time, 0.00043530575931072235
2024-02-14 10:38:36 | TRACE   | query_time, 0.0004170946776866913
2024-02-14 10:38:36 | TRACE   | query_time, 0.00043339096009731293
2024-02-14 10:38:36 | TRACE   | query_time, 0.0004443954676389694
2024-02-14 10:38:36 | TRACE   | query_time, 0.00042225420475006104
2024-02-14 10:38:36 | TRACE   | query_time, 0.000433262437582016
2024-02-14 10:38:36 | TRACE   | query_time, 0.0004185624420642853
2024-02-14 10:38:36 | TRACE   | query_time, 0.00042646750807762146
2024-02-14 10:38:36 | TRACE   | query_time, 0.00040498189628124237
2024-02-14 10:38:36 | TRACE   | query_time, 0.0005468446761369705
2024-02-14 10:38:36 | TRACE   | query_time, 0.00048395805060863495
2024-02-14 10:38:36 | TRACE   | query_time, 0.0004293173551559448
2024-02-14 10:38:36 | TRACE   | query_time, 0.0004267338663339615
2024-02-14 10:38:36 | TRACE   | query_time, 0.0004273243248462677
2024-02-14 10:38:36 | TRACE   | query_time, 0.00043281540274620056
2024-02-14 10:38:36 | TRACE   | query_time, 0.000418124720454216
2024-02-14 10:38:36 | TRACE   | query_time, 0.000433310866355896
2024-02-14 10:38:36 | TRACE   | query_time, 0.00041421130299568176
2024-02-14 10:38:36 | TRACE   | query_time, 0.0004349071532487869
2024-02-14 10:38:36 | TRACE   | query_time, 0.00040276721119880676
2024-02-14 10:38:36 | TRACE   | query_time, 0.00043820030987262726
2024-02-14 10:38:36 | TRACE   | query_time, 0.0004914160817861557
2024-02-14 10:38:36 | TRACE   | query_time, 0.00044134072959423065
2024-02-14 10:38:36 | TRACE   | query_time, 0.00041653215885162354
2024-02-14 10:38:36 | TRACE   | query_time, 0.0004788096994161606
2024-02-14 10:38:36 | TRACE   | query_time, 0.0005487874150276184
2024-02-14 10:38:36 | TRACE   | query_time, 0.00042599812150001526
2024-02-14 10:38:36 | TRACE   | query_time, 0.00042498670518398285
2024-02-14 10:38:36 | TRACE   | query_time, 0.000538235530257225
2024-02-14 10:38:36 | TRACE   | query_time, 0.0004314202815294266
2024-02-14 10:38:36 | TRACE   | query_time, 0.0004237070679664612
2024-02-14 10:38:36 | TRACE   | query_time, 0.00046119652688503265
2024-02-14 10:38:36 | TRACE   | query_time, 0.0004542749375104904
2024-02-14 10:38:36 | TRACE   | query_time, 0.0004359763115644455
2024-02-14 10:38:36 | TRACE   | query_time, 0.00042324140667915344
2024-02-14 10:38:36 | TRACE   | query_time, 0.000432085245847702
2024-02-14 10:38:36 | TRACE   | query_time, 0.0004173126071691513
2024-02-14 10:38:36 | TRACE   | query_time, 0.0004179514944553375
2024-02-14 10:38:36 | TRACE   | query_time, 0.0004519931972026825
2024-02-14 10:38:36 | TRACE   | query_time, 0.000446537509560585
2024-02-14 10:38:36 | TRACE   | query_time, 0.00043819285929203033
2024-02-14 10:38:36 | TRACE   | query_time, 0.00040958449244499207
2024-02-14 10:38:36 | TRACE   | query_time, 0.00043545663356781006
2024-02-14 10:38:36 | TRACE   | query_time, 0.0004314407706260681
2024-02-14 10:38:36 | TRACE   | query_time, 0.000497935339808464
2024-02-14 10:38:36 | TRACE   | query_time, 0.00043302588164806366
2024-02-14 10:38:36 | TRACE   | query_time, 0.0004527810961008072
2024-02-14 10:38:36 | TRACE   | query_time, 0.00043199770152568817
2024-02-14 10:38:36 | TRACE   | query_time, 0.0004743151366710663
2024-02-14 10:38:36 | TRACE   | query_time, 0.00041895732283592224
2024-02-14 10:38:36 | TRACE   | query_time, 0.00042043812572956085
2024-02-14 10:38:36 | TRACE   | query_time, 0.00042819976806640625
2024-02-14 10:38:36 | TRACE   | query_time, 0.00041998177766799927
2024-02-14 10:38:36 | TRACE   | query_time, 0.0005326289683580399
2024-02-14 10:38:36 | TRACE   | query_time, 0.00043973512947559357
2024-02-14 10:38:36 | TRACE   | query_time, 0.0005299467593431473
2024-02-14 10:38:36 | TRACE   | query_time, 0.00042795389890670776
2024-02-14 10:38:36 | TRACE   | query_time, 0.00043912045657634735
2024-02-14 10:38:36 | TRACE   | query_time, 0.00042584724724292755
2024-02-14 10:38:36 | TRACE   | query_time, 0.0004885625094175339
2024-02-14 10:38:36 | TRACE   | query_time, 0.0005370359867811203
2024-02-14 10:38:36 | TRACE   | query_time, 0.00043517351150512695
2024-02-14 10:38:36 | TRACE   | query_time, 0.0004485640674829483
2024-02-14 10:38:36 | TRACE   | query_time, 0.0004302971065044403
2024-02-14 10:38:36 | TRACE   | query_time, 0.00043066032230854034
2024-02-14 10:38:36 | TRACE   | query_time, 0.0004300810396671295
2024-02-14 10:38:36 | TRACE   | query_time, 0.0004734545946121216
2024-02-14 10:38:36 | TRACE   | query_time, 0.00043143145740032196
2024-02-14 10:38:36 | TRACE   | query_time, 0.00043406151235103607
2024-02-14 10:38:36 | TRACE   | query_time, 0.00041453540325164795
2024-02-14 10:38:36 | TRACE   | query_time, 0.0005380716174840927
2024-02-14 10:38:36 | TRACE   | query_time, 0.0004329029470682144
2024-02-14 10:38:36 | TRACE   | query_time, 0.0005240719765424728
2024-02-14 10:38:36 | TRACE   | query_time, 0.00043357163667678833
2024-02-14 10:38:36 | TRACE   | query_time, 0.00046812184154987335
2024-02-14 10:38:36 | TRACE   | query_time, 0.000447005033493042
2024-02-14 10:38:36 | TRACE   | query_time, 0.0004204828292131424
2024-02-14 10:38:36 | TRACE   | query_time, 0.00043327920138835907
2024-02-14 10:38:36 | TRACE   | query_time, 0.0004907641559839249
2024-02-14 10:38:36 | TRACE   | query_time, 0.00041757337749004364
2024-02-14 10:38:36 | TRACE   | query_time, 0.00044421106576919556
2024-02-14 10:38:36 | TRACE   | query_time, 0.00041860155761241913
2024-02-14 10:38:36 | TRACE   | query_time, 0.00048442743718624115
2024-02-14 10:38:36 | TRACE   | query_time, 0.00042185187339782715
2024-02-14 10:38:36 | TRACE   | query_time, 0.00042597949504852295
2024-02-14 10:38:36 | TRACE   | query_time, 0.0004294011741876602
2024-02-14 10:38:36 | TRACE   | query_time, 0.00042510591447353363
2024-02-14 10:38:36 | TRACE   | query_time, 0.00043049827218055725
2024-02-14 10:38:36 | TRACE   | query_time, 0.0004311148077249527
2024-02-14 10:38:36 | TRACE   | query_time, 0.00044260546565055847
2024-02-14 10:38:36 | TRACE   | query_time, 0.00042930804193019867
2024-02-14 10:38:36 | TRACE   | query_time, 0.00046900659799575806
2024-02-14 10:38:36 | TRACE   | query_time, 0.0004335697740316391
2024-02-14 10:38:36 | TRACE   | query_time, 0.00041709840297698975
2024-02-14 10:38:36 | TRACE   | query_time, 0.0004184357821941376
2024-02-14 10:38:36 | TRACE   | query_time, 0.00053379125893116
2024-02-14 10:38:36 | TRACE   | query_time, 0.00043818727135658264
2024-02-14 10:38:36 | TRACE   | query_time, 0.0004231184720993042
2024-02-14 10:38:36 | TRACE   | query_time, 0.0004403460770845413
2024-02-14 10:38:36 | TRACE   | query_time, 0.0005282461643218994
2024-02-14 10:38:36 | TRACE   | query_time, 0.00043852999806404114
2024-02-14 10:38:36 | TRACE   | query_time, 0.00041649676859378815
2024-02-14 10:38:36 | TRACE   | query_time, 0.00042031146585941315
2024-02-14 10:38:36 | TRACE   | query_time, 0.0004335325211286545
2024-02-14 10:38:36 | TRACE   | query_time, 0.0005496107041835785
2024-02-14 10:38:36 | TRACE   | query_time, 0.0004043206572532654
2024-02-14 10:38:36 | TRACE   | query_time, 0.0004336833953857422
2024-02-14 10:38:36 | TRACE   | query_time, 0.00041812099516391754
2024-02-14 10:38:36 | TRACE   | query_time, 0.0004348382353782654
2024-02-14 10:38:36 | TRACE   | query_time, 0.00041967257857322693
2024-02-14 10:38:36 | TRACE   | query_time, 0.0004706643521785736
2024-02-14 10:38:36 | TRACE   | query_time, 0.000440109521150589
2024-02-14 10:38:36 | TRACE   | query_time, 0.00042353197932243347
2024-02-14 10:38:36 | TRACE   | query_time, 0.0004294849932193756
2024-02-14 10:38:36 | TRACE   | query_time, 0.0004712045192718506
2024-02-14 10:38:36 | TRACE   | query_time, 0.00043223612010478973
2024-02-14 10:38:36 | TRACE   | query_time, 0.0004655905067920685
2024-02-14 10:38:36 | TRACE   | query_time, 0.000418785959482193
2024-02-14 10:38:36 | TRACE   | query_time, 0.00045239925384521484
2024-02-14 10:38:36 | TRACE   | query_time, 0.000526968389749527
2024-02-14 10:38:36 | TRACE   | query_time, 0.00046094879508018494
2024-02-14 10:38:36 | TRACE   | query_time, 0.00043726712465286255
2024-02-14 10:38:36 | TRACE   | query_time, 0.00043466687202453613
2024-02-14 10:38:36 | TRACE   | query_time, 0.00041381828486919403
2024-02-14 10:38:36 | TRACE   | query_time, 0.00041891634464263916
2024-02-14 10:38:36 | TRACE   | query_time, 0.0005402844399213791
2024-02-14 10:38:36 | TRACE   | query_time, 0.0004383642226457596
2024-02-14 10:38:36 | TRACE   | query_time, 0.0004572402685880661
2024-02-14 10:38:36 | TRACE   | query_time, 0.0004216451197862625
2024-02-14 10:38:36 | TRACE   | query_time, 0.0004171561449766159
2024-02-14 10:38:36 | TRACE   | query_time, 0.0004325117915868759
2024-02-14 10:38:36 | TRACE   | query_time, 0.0004170667380094528
2024-02-14 10:38:36 | TRACE   | query_time, 0.00042191147804260254
2024-02-14 10:38:36 | TRACE   | query_time, 0.00048648007214069366
2024-02-14 10:38:36 | TRACE   | query_time, 0.0004469621926546097
2024-02-14 10:38:36 | TRACE   | query_time, 0.00041827745735645294
2024-02-14 10:38:36 | TRACE   | query_time, 0.0004368126392364502
2024-02-14 10:38:36 | TRACE   | query_time, 0.00043138861656188965
2024-02-14 10:38:36 | TRACE   | query_time, 0.0004228595644235611
2024-02-14 10:38:36 | TRACE   | query_time, 0.000463901087641716
2024-02-14 10:38:36 | TRACE   | query_time, 0.00045458413660526276
2024-02-14 10:38:36 | TRACE   | query_time, 0.00046790018677711487
2024-02-14 10:38:36 | TRACE   | query_time, 0.00042845122516155243
2024-02-14 10:38:36 | TRACE   | query_time, 0.0005326438695192337
2024-02-14 10:38:36 | TRACE   | query_time, 0.0004455670714378357
2024-02-14 10:38:36 | TRACE   | query_time, 0.0004228763282299042
2024-02-14 10:38:36 | TRACE   | query_time, 0.000432036817073822
2024-02-14 10:38:36 | TRACE   | query_time, 0.00044010207056999207
2024-02-14 10:38:36 | TRACE   | query_time, 0.000438811257481575
2024-02-14 10:38:36 | TRACE   | query_time, 0.0004191230982542038
2024-02-14 10:38:36 | TRACE   | query_time, 0.000430084764957428
2024-02-14 10:38:36 | TRACE   | query_time, 0.00043031200766563416
2024-02-14 10:38:36 | TRACE   | query_time, 0.00044087134301662445
2024-02-14 10:38:36 | TRACE   | query_time, 0.0004818979650735855
2024-02-14 10:38:36 | TRACE   | query_time, 0.0004567522555589676
2024-02-14 10:38:36 | TRACE   | query_time, 0.00043588876724243164
2024-02-14 10:38:36 | TRACE   | query_time, 0.00043487921357154846
2024-02-14 10:38:36 | TRACE   | query_time, 0.0004229918122291565
2024-02-14 10:38:36 | TRACE   | query_time, 0.0004388298839330673
2024-02-14 10:38:36 | TRACE   | query_time, 0.0004148930311203003
2024-02-14 10:38:36 | TRACE   | query_time, 0.0004256516695022583
2024-02-14 10:38:36 | TRACE   | query_time, 0.00041331537067890167
2024-02-14 10:38:36 | TRACE   | query_time, 0.0004363488405942917
2024-02-14 10:38:36 | TRACE   | query_time, 0.000429544597864151
2024-02-14 10:38:36 | TRACE   | query_time, 0.0005229804664850235
2024-02-14 10:38:36 | TRACE   | query_time, 0.0004304461181163788
2024-02-14 10:38:36 | TRACE   | query_time, 0.00043477490544319153
2024-02-14 10:38:36 | TRACE   | query_time, 0.0004335399717092514
2024-02-14 10:38:36 | TRACE   | query_time, 0.0004204530268907547
2024-02-14 10:38:36 | TRACE   | query_time, 0.0005000811070203781
2024-02-14 10:38:36 | TRACE   | query_time, 0.00044018030166625977
2024-02-14 10:38:36 | TRACE   | query_time, 0.000459820032119751
2024-02-14 10:38:36 | TRACE   | query_time, 0.00043764710426330566
2024-02-14 10:38:36 | TRACE   | query_time, 0.00043366849422454834
2024-02-14 10:38:36 | TRACE   | query_time, 0.00042865611612796783
2024-02-14 10:38:36 | TRACE   | query_time, 0.00047063641250133514
2024-02-14 10:38:36 | TRACE   | query_time, 0.00048703327775001526
2024-02-14 10:38:36 | TRACE   | query_time, 0.0004337150603532791
2024-02-14 10:38:36 | TRACE   | query_time, 0.0004373174160718918
2024-02-14 10:38:36 | TRACE   | query_time, 0.00041732750833034515
2024-02-14 10:38:36 | TRACE   | query_time, 0.00047824345529079437
2024-02-14 10:38:36 | TRACE   | query_time, 0.0004258807748556137
2024-02-14 10:38:36 | TRACE   | query_time, 0.00045757368206977844
2024-02-14 10:38:36 | TRACE   | query_time, 0.0004432555288076401
2024-02-14 10:38:36 | TRACE   | query_time, 0.00054205022752285
2024-02-14 10:38:36 | TRACE   | query_time, 0.0004400387406349182
2024-02-14 10:38:36 | TRACE   | query_time, 0.0005387421697378159
2024-02-14 10:38:36 | TRACE   | query_time, 0.00041930191218852997
2024-02-14 10:38:36 | TRACE   | query_time, 0.0004767421633005142
2024-02-14 10:38:36 | TRACE   | query_time, 0.000432722270488739
2024-02-14 10:38:36 | TRACE   | query_time, 0.00043241679668426514
2024-02-14 10:38:36 | TRACE   | query_time, 0.0004261676222085953
2024-02-14 10:38:36 | TRACE   | query_time, 0.0004294048994779587
2024-02-14 10:38:36 | TRACE   | query_time, 0.00045810267329216003
2024-02-14 10:38:36 | TRACE   | query_time, 0.00042416714131832123
2024-02-14 10:38:36 | TRACE   | query_time, 0.0004277266561985016
2024-02-14 10:38:36 | TRACE   | query_time, 0.0004331544041633606
2024-02-14 10:38:36 | TRACE   | query_time, 0.000408833846449852
2024-02-14 10:38:36 | TRACE   | query_time, 0.0004306938499212265
2024-02-14 10:38:36 | TRACE   | query_time, 0.0004263147711753845
2024-02-14 10:38:36 | TRACE   | query_time, 0.0004397425800561905
2024-02-14 10:38:36 | TRACE   | query_time, 0.00043069571256637573
2024-02-14 10:38:36 | TRACE   | query_time, 0.0004352796822786331
2024-02-14 10:38:36 | TRACE   | query_time, 0.0004283245652914047
2024-02-14 10:38:36 | TRACE   | query_time, 0.00046272575855255127
2024-02-14 10:38:36 | TRACE   | query_time, 0.00047883205115795135
2024-02-14 10:38:36 | TRACE   | query_time, 0.00042907707393169403
2024-02-14 10:38:36 | TRACE   | query_time, 0.0004370547831058502
2024-02-14 10:38:36 | TRACE   | query_time, 0.00042236968874931335
2024-02-14 10:38:36 | TRACE   | query_time, 0.00043137557804584503
2024-02-14 10:38:36 | TRACE   | query_time, 0.00042716413736343384
2024-02-14 10:38:36 | TRACE   | query_time, 0.00041203573346138
2024-02-14 10:38:36 | TRACE   | query_time, 0.0005039535462856293
2024-02-14 10:38:36 | TRACE   | query_time, 0.0004265736788511276
2024-02-14 10:38:36 | TRACE   | query_time, 0.000434238463640213
2024-02-14 10:38:36 | TRACE   | query_time, 0.00039964914321899414
2024-02-14 10:38:36 | TRACE   | query_time, 0.00046460703015327454
2024-02-14 10:38:36 | TRACE   | query_time, 0.00043008849024772644
2024-02-14 10:38:36 | TRACE   | query_time, 0.0004423651844263077
2024-02-14 10:38:36 | TRACE   | query_time, 0.000430399551987648
2024-02-14 10:38:36 | TRACE   | query_time, 0.00041964463889598846
2024-02-14 10:38:36 | TRACE   | query_time, 0.0004001948982477188
2024-02-14 10:38:36 | TRACE   | query_time, 0.0005186442285776138
2024-02-14 10:38:36 | TRACE   | query_time, 0.0004005003720521927
2024-02-14 10:38:36 | TRACE   | query_time, 0.00041650794446468353
2024-02-14 10:38:36 | TRACE   | query_time, 0.0004945956170558929
2024-02-14 10:38:36 | TRACE   | query_time, 0.0004186909645795822
2024-02-14 10:38:36 | TRACE   | query_time, 0.0005246326327323914
2024-02-14 10:38:36 | TRACE   | query_time, 0.0004246160387992859
2024-02-14 10:38:36 | TRACE   | query_time, 0.00039751268923282623
2024-02-14 10:38:36 | TRACE   | query_time, 0.00041217170655727386
2024-02-14 10:38:36 | TRACE   | query_time, 0.00040457583963871
2024-02-14 10:38:36 | TRACE   | query_time, 0.0004597324877977371
2024-02-14 10:38:36 | TRACE   | query_time, 0.00042464956641197205
2024-02-14 10:38:36 | TRACE   | query_time, 0.0004164036363363266
2024-02-14 10:38:36 | TRACE   | query_time, 0.00043445080518722534
2024-02-14 10:38:36 | TRACE   | query_time, 0.0004237815737724304
2024-02-14 10:38:36 | TRACE   | query_time, 0.00041239336133003235
2024-02-14 10:38:36 | TRACE   | query_time, 0.0004010554403066635
2024-02-14 10:38:36 | TRACE   | query_time, 0.0004482213407754898
2024-02-14 10:38:36 | TRACE   | query_time, 0.00041125155985355377
2024-02-14 10:38:36 | TRACE   | query_time, 0.0004161614924669266
2024-02-14 10:38:36 | TRACE   | query_time, 0.00501435250043869
2024-02-14 10:38:36 | TRACE   | query_time, 0.005073612555861473
2024-02-14 10:38:36 | TRACE   | query_time, 0.004500767216086388
2024-02-14 10:38:36 | TRACE   | query_time, 0.0043531619012355804
2024-02-14 10:38:36 | TRACE   | query_time, 0.004651278257369995
2024-02-14 10:38:36 | TRACE   | query_time, 0.004385733976960182
2024-02-14 10:38:36 | TRACE   | query_time, 0.004312349483370781
2024-02-14 10:38:36 | TRACE   | query_time, 0.004508163779973984
2024-02-14 10:38:36 | TRACE   | query_time, 0.004322109743952751
2024-02-14 10:38:36 | TRACE   | query_time, 0.00433569960296154
2024-02-14 10:38:36 | TRACE   | query_time, 0.00450492650270462
2024-02-14 10:38:36 | TRACE   | query_time, 0.004347424954175949
2024-02-14 10:38:36 | TRACE   | query_time, 0.0045219529420137405
2024-02-14 10:38:36 | TRACE   | query_time, 0.004316801205277443
2024-02-14 10:38:36 | TRACE   | query_time, 0.004315586760640144
2024-02-14 10:38:36 | TRACE   | query_time, 0.0043991077691316605
2024-02-14 10:38:36 | TRACE   | query_time, 0.004582224413752556
2024-02-14 10:38:36 | TRACE   | query_time, 0.004292722791433334
2024-02-14 10:38:36 | TRACE   | query_time, 0.004329724237322807
2024-02-14 10:38:36 | TRACE   | query_time, 0.00426134280860424
2024-02-14 10:38:36 | TRACE   | query_time, 0.00421452522277832
2024-02-14 10:38:36 | TRACE   | query_time, 0.00441763736307621
2024-02-14 10:38:36 | TRACE   | query_time, 0.004133472219109535
2024-02-14 10:38:36 | TRACE   | query_time, 0.004271414130926132
2024-02-14 10:38:36 | TRACE   | query_time, 0.0044141001999378204
2024-02-14 10:38:36 | TRACE   | query_time, 0.004336640238761902
2024-02-14 10:38:36 | TRACE   | query_time, 0.004438452422618866
2024-02-14 10:38:36 | TRACE   | query_time, 0.004467429593205452
2024-02-14 10:38:36 | TRACE   | query_time, 0.004327336326241493
2024-02-14 10:38:36 | TRACE   | query_time, 0.004132235422730446
2024-02-14 10:38:36 | TRACE   | query_time, 0.004105387255549431
2024-02-14 10:38:36 | TRACE   | query_time, 0.004284057766199112
2024-02-14 10:38:36 | TRACE   | query_time, 0.004142319783568382
2024-02-14 10:38:36 | TRACE   | query_time, 0.004527881741523743
2024-02-14 10:38:36 | TRACE   | query_time, 0.004289126023650169
2024-02-14 10:38:36 | TRACE   | query_time, 0.004089554771780968
2024-02-14 10:38:36 | TRACE   | query_time, 0.004246708005666733
2024-02-14 10:38:36 | TRACE   | query_time, 0.0043540410697460175
2024-02-14 10:38:36 | TRACE   | query_time, 0.004293201491236687
2024-02-14 10:38:36 | TRACE   | query_time, 0.004191916435956955
2024-02-14 10:38:36 | TRACE   | query_time, 0.00426778569817543
2024-02-14 10:38:36 | TRACE   | query_time, 0.004092814400792122
2024-02-14 10:38:36 | TRACE   | query_time, 0.004246631637215614
2024-02-14 10:38:36 | TRACE   | query_time, 0.004251740872859955
2024-02-14 10:38:36 | TRACE   | query_time, 0.004320664331316948
2024-02-14 10:38:36 | TRACE   | query_time, 0.004247896373271942
2024-02-14 10:38:36 | TRACE   | query_time, 0.004252349957823753
2024-02-14 10:38:36 | TRACE   | query_time, 0.004286430776119232
2024-02-14 10:38:36 | TRACE   | query_time, 0.004228862002491951
2024-02-14 10:38:36 | TRACE   | query_time, 0.0042387619614601135
2024-02-14 10:38:36 | TRACE   | query_time, 0.0042284950613975525
2024-02-14 10:38:36 | TRACE   | query_time, 0.004316024482250214
2024-02-14 10:38:36 | TRACE   | query_time, 0.004257829859852791
2024-02-14 10:38:36 | TRACE   | query_time, 0.004477422684431076
2024-02-14 10:38:36 | TRACE   | query_time, 0.004217134788632393
2024-02-14 10:38:36 | TRACE   | query_time, 0.004032697528600693
2024-02-14 10:38:36 | TRACE   | query_time, 0.00420914962887764
2024-02-14 10:38:36 | TRACE   | query_time, 0.004315389320254326
2024-02-14 10:38:36 | TRACE   | query_time, 0.004208546131849289
2024-02-14 10:38:36 | TRACE   | query_time, 0.004255322739481926
2024-02-14 10:38:36 | TRACE   | query_time, 0.0042133815586566925
2024-02-14 10:38:36 | TRACE   | query_time, 0.004327593371272087
2024-02-14 10:38:36 | TRACE   | query_time, 0.004720207303762436
2024-02-14 10:38:36 | TRACE   | query_time, 0.004300244152545929
2024-02-14 10:38:36 | TRACE   | query_time, 0.004697233438491821
2024-02-14 10:38:36 | TRACE   | query_time, 0.004772787913680077
2024-02-14 10:38:36 | TRACE   | query_time, 0.0044421181082725525
2024-02-14 10:38:36 | TRACE   | query_time, 0.0023895297199487686
2024-02-14 10:38:36 | TRACE   | query_time, 0.004568709060549736
2024-02-14 10:38:36 | TRACE   | query_time, 0.004272496327757835
2024-02-14 10:38:36 | TRACE   | query_time, 0.004316216334700584
2024-02-14 10:38:36 | TRACE   | query_time, 0.004192017018795013
2024-02-14 10:38:36 | TRACE   | query_time, 0.00429140031337738
2024-02-14 10:38:36 | TRACE   | query_time, 0.004250766709446907
2024-02-14 10:38:36 | TRACE   | query_time, 0.004200885072350502
2024-02-14 10:38:36 | TRACE   | query_time, 0.004191160202026367
2024-02-14 10:38:36 | TRACE   | query_time, 0.004204960539937019
2024-02-14 10:38:36 | TRACE   | query_time, 0.004207652062177658
2024-02-14 10:38:36 | TRACE   | query_time, 0.004184795543551445
2024-02-14 10:38:36 | TRACE   | query_time, 0.004196520894765854
2024-02-14 10:38:36 | TRACE   | query_time, 0.004179410636425018
2024-02-14 10:38:36 | TRACE   | query_time, 0.004334084689617157
2024-02-14 10:38:36 | TRACE   | query_time, 0.004614660516381264
2024-02-14 10:38:36 | TRACE   | query_time, 0.004285164177417755
2024-02-14 10:38:36 | TRACE   | query_time, 0.00433533638715744
2024-02-14 10:38:36 | TRACE   | query_time, 0.002370178699493408
2024-02-14 10:38:36 | TRACE   | query_time, 0.004451733082532883
2024-02-14 10:38:36 | TRACE   | query_time, 0.004212604835629463
2024-02-14 10:38:36 | TRACE   | query_time, 0.004105525091290474
2024-02-14 10:38:36 | TRACE   | query_time, 0.0023365337401628494
2024-02-14 10:38:36 | TRACE   | query_time, 0.004426812753081322
2024-02-14 10:38:36 | TRACE   | query_time, 0.004338966682553291
2024-02-14 10:38:36 | TRACE   | query_time, 0.004203813150525093
2024-02-14 10:38:36 | TRACE   | query_time, 0.004349326714873314
2024-02-14 10:38:36 | TRACE   | query_time, 0.0046432483941316605
2024-02-14 10:38:36 | TRACE   | query_time, 0.004112547263503075
2024-02-14 10:38:36 | TRACE   | query_time, 0.0045958515256643295
2024-02-14 10:38:36 | TRACE   | query_time, 0.004324557259678841
2024-02-14 10:38:36 | TRACE   | query_time, 0.002302020788192749
2024-02-14 10:38:36 | TRACE   | query_time, 0.0025638919323682785
2024-02-14 10:38:36 | TRACE   | query_time, 0.004415847361087799
2024-02-14 10:38:36 | TRACE   | query_time, 0.0023240000009536743
2024-02-14 10:38:36 | TRACE   | query_time, 0.0025751329958438873
2024-02-14 10:38:36 | TRACE   | query_time, 0.00443621538579464
2024-02-14 10:38:36 | TRACE   | query_time, 0.00418756902217865
2024-02-14 10:38:36 | TRACE   | query_time, 0.002318691462278366
2024-02-14 10:38:36 | TRACE   | query_time, 0.002736985683441162
2024-02-14 10:38:36 | TRACE   | query_time, 0.00443841889500618
2024-02-14 10:38:36 | TRACE   | query_time, 0.004091029986739159
2024-02-14 10:38:36 | TRACE   | query_time, 0.004157660529017448
2024-02-14 10:38:36 | TRACE   | query_time, 0.004090562462806702
2024-02-14 10:38:36 | TRACE   | query_time, 0.004551596939563751
2024-02-14 10:38:36 | TRACE   | query_time, 0.004495143890380859
2024-02-14 10:38:36 | TRACE   | query_time, 0.004111826419830322
2024-02-14 10:38:36 | TRACE   | query_time, 0.0023560412228107452
2024-02-14 10:38:36 | TRACE   | query_time, 0.002681443467736244
2024-02-14 10:38:36 | TRACE   | query_time, 0.002689667046070099
2024-02-14 10:38:36 | TRACE   | query_time, 0.0027165208011865616
2024-02-14 10:38:36 | TRACE   | query_time, 0.0025370046496391296
2024-02-14 10:38:36 | TRACE   | query_time, 0.002615738660097122
2024-02-14 10:38:36 | TRACE   | query_time, 0.004374662414193153
2024-02-14 10:38:36 | TRACE   | query_time, 0.004458427429199219
2024-02-14 10:38:36 | TRACE   | query_time, 0.0023982208222150803
2024-02-14 10:38:36 | TRACE   | query_time, 0.004552783444523811
2024-02-14 10:38:36 | TRACE   | query_time, 0.004141675308346748
2024-02-14 10:38:36 | TRACE   | query_time, 0.0075212325900793076
2024-02-14 10:38:36 | TRACE   | query_time, 0.007489806041121483
2024-02-14 10:38:36 | TRACE   | query_time, 0.007555101066827774
2024-02-14 10:38:36 | TRACE   | query_time, 0.007441103458404541
2024-02-14 10:38:36 | TRACE   | query_time, 0.0074097830802202225
2024-02-14 10:38:36 | TRACE   | query_time, 0.007469339296221733
2024-02-14 10:38:36 | TRACE   | query_time, 0.007371840998530388
2024-02-14 10:38:36 | TRACE   | query_time, 0.007490262389183044
2024-02-14 10:38:36 | TRACE   | query_time, 0.007264455780386925
2024-02-14 10:38:36 | TRACE   | query_time, 0.0074899327009916306
2024-02-14 10:38:36 | TRACE   | query_time, 0.007537441328167915
2024-02-14 10:38:36 | TRACE   | query_time, 0.007466331124305725
2024-02-14 10:38:36 | TRACE   | query_time, 0.00734897144138813
2024-02-14 10:38:36 | TRACE   | query_time, 0.0074357520788908005
2024-02-14 10:38:36 | TRACE   | query_time, 0.0072811562567949295
2024-02-14 10:38:37 | TRACE   | query_time, 0.007172919809818268
2024-02-14 10:38:37 | TRACE   | query_time, 0.0072830356657505035
2024-02-14 10:38:37 | TRACE   | query_time, 0.007267599925398827
2024-02-14 10:38:37 | TRACE   | query_time, 0.007311763241887093
2024-02-14 10:38:37 | TRACE   | query_time, 0.0072948504239320755
2024-02-14 10:38:37 | TRACE   | query_time, 0.007377879694104195
2024-02-14 10:38:37 | TRACE   | query_time, 0.0073822904378175735
2024-02-14 10:38:37 | TRACE   | query_time, 0.007345531135797501
2024-02-14 10:38:37 | TRACE   | query_time, 0.00711403600871563
2024-02-14 10:38:37 | TRACE   | query_time, 0.007285436615347862
2024-02-14 10:38:37 | TRACE   | query_time, 0.006954040378332138
2024-02-14 10:38:37 | TRACE   | query_time, 0.007011042907834053
2024-02-14 10:38:37 | TRACE   | query_time, 0.007162991911172867
2024-02-14 10:38:37 | TRACE   | query_time, 0.0071755871176719666
2024-02-14 10:38:37 | TRACE   | query_time, 0.007186805829405785
2024-02-14 10:38:37 | TRACE   | query_time, 0.007057052105665207
2024-02-14 10:38:37 | TRACE   | query_time, 0.007038300856947899
2024-02-14 10:38:37 | TRACE   | query_time, 0.006960200145840645
2024-02-14 10:38:37 | TRACE   | query_time, 0.006976528093218803
2024-02-14 10:38:37 | TRACE   | query_time, 0.006999235600233078
2024-02-14 10:38:37 | TRACE   | query_time, 0.0070279259234666824
2024-02-14 10:38:37 | TRACE   | query_time, 0.0069233570247888565
2024-02-14 10:38:37 | TRACE   | query_time, 0.0072006043046712875
2024-02-14 10:38:37 | TRACE   | query_time, 0.007139533758163452
2024-02-14 10:38:37 | TRACE   | query_time, 0.006948346272110939
2024-02-14 10:38:37 | TRACE   | query_time, 0.006978260353207588
2024-02-14 10:38:37 | TRACE   | query_time, 0.006964016705751419
2024-02-14 10:38:37 | TRACE   | query_time, 0.006947020068764687
2024-02-14 10:38:37 | TRACE   | query_time, 0.007142944261431694
2024-02-14 10:38:37 | TRACE   | query_time, 0.006841158494353294
2024-02-14 10:38:37 | TRACE   | query_time, 0.007047196850180626
2024-02-14 10:38:37 | TRACE   | query_time, 0.007059020921587944
2024-02-14 10:38:37 | TRACE   | query_time, 0.007007312029600143
2024-02-14 10:38:37 | TRACE   | query_time, 0.006787924095988274
2024-02-14 10:38:37 | TRACE   | query_time, 0.006988430395722389
2024-02-14 10:38:37 | TRACE   | query_time, 0.007020661607384682
2024-02-14 10:38:37 | TRACE   | query_time, 0.006988160312175751
2024-02-14 10:38:37 | TRACE   | query_time, 0.0069659315049648285
2024-02-14 10:38:37 | TRACE   | query_time, 0.006635775789618492
2024-02-14 10:38:37 | TRACE   | query_time, 0.0069361478090286255
2024-02-14 10:38:37 | TRACE   | query_time, 0.006922651082277298
2024-02-14 10:38:37 | TRACE   | query_time, 0.007012831047177315
2024-02-14 10:38:37 | TRACE   | query_time, 0.006909258663654327
2024-02-14 10:38:37 | TRACE   | query_time, 0.0067918915301561356
2024-02-14 10:38:37 | TRACE   | query_time, 0.0069578103721141815
2024-02-14 10:38:37 | TRACE   | query_time, 0.006847670301795006
2024-02-14 10:38:37 | TRACE   | query_time, 0.006953135132789612
2024-02-14 10:38:37 | TRACE   | query_time, 0.00694030337035656
2024-02-14 10:38:37 | TRACE   | query_time, 0.006718723103404045
2024-02-14 10:38:37 | TRACE   | query_time, 0.006997477263212204
2024-02-14 10:38:37 | TRACE   | query_time, 0.006854437291622162
2024-02-14 10:38:37 | TRACE   | query_time, 0.006990734487771988
2024-02-14 10:38:37 | TRACE   | query_time, 0.0068184994161129
2024-02-14 10:38:37 | TRACE   | query_time, 0.0069646649062633514
2024-02-14 10:38:37 | TRACE   | query_time, 0.007029334083199501
2024-02-14 10:38:37 | TRACE   | query_time, 0.006920391693711281
2024-02-14 10:38:37 | TRACE   | query_time, 0.0067655667662620544
2024-02-14 10:38:37 | TRACE   | query_time, 0.00679507851600647
2024-02-14 10:38:37 | TRACE   | query_time, 0.006822926923632622
2024-02-14 10:38:37 | TRACE   | query_time, 0.006708299741148949
2024-02-14 10:38:37 | TRACE   | query_time, 0.006600169464945793
2024-02-14 10:38:37 | TRACE   | query_time, 0.006947081536054611
2024-02-14 10:38:37 | TRACE   | query_time, 0.006796680390834808
2024-02-14 10:38:37 | TRACE   | query_time, 0.006650315597653389
2024-02-14 10:38:37 | TRACE   | query_time, 0.006892472505569458
2024-02-14 10:38:37 | TRACE   | query_time, 0.006696056574583054
2024-02-14 10:38:37 | TRACE   | query_time, 0.006778232753276825
2024-02-14 10:38:37 | TRACE   | query_time, 0.006860917434096336
2024-02-14 10:38:37 | TRACE   | query_time, 0.006791532039642334
2024-02-14 10:38:37 | TRACE   | query_time, 0.006435198709368706
2024-02-14 10:38:37 | TRACE   | query_time, 0.006941668689250946
2024-02-14 10:38:37 | TRACE   | query_time, 0.006819160655140877
2024-02-14 10:38:37 | TRACE   | query_time, 0.002385338768362999
2024-02-14 10:38:37 | TRACE   | query_time, 0.007088180631399155
2024-02-14 10:38:37 | TRACE   | query_time, 0.006722783669829369
2024-02-14 10:38:37 | TRACE   | query_time, 0.007009102031588554
2024-02-14 10:38:37 | TRACE   | query_time, 0.00686776265501976
2024-02-14 10:38:37 | TRACE   | query_time, 0.006797255948185921
2024-02-14 10:38:37 | TRACE   | query_time, 0.006542619317770004
2024-02-14 10:38:37 | TRACE   | query_time, 0.006548399105668068
2024-02-14 10:38:37 | TRACE   | query_time, 0.006547562777996063
2024-02-14 10:38:37 | TRACE   | query_time, 0.006692951545119286
2024-02-14 10:38:37 | TRACE   | query_time, 0.006611542776226997
2024-02-14 10:38:37 | TRACE   | query_time, 0.0067954957485198975
2024-02-14 10:38:37 | TRACE   | query_time, 0.006843358278274536
2024-02-14 10:38:37 | TRACE   | query_time, 0.006398234516382217
2024-02-14 10:38:37 | TRACE   | query_time, 0.006372101604938507
2024-02-14 10:38:37 | TRACE   | query_time, 0.006753334775567055
2024-02-14 10:38:37 | TRACE   | query_time, 0.006624918431043625
2024-02-14 10:38:37 | TRACE   | query_time, 0.006815528497099876
2024-02-14 10:38:37 | TRACE   | query_time, 0.006741434335708618
2024-02-14 10:38:37 | TRACE   | query_time, 0.00678643211722374
2024-02-14 10:38:37 | TRACE   | query_time, 0.0067110490053892136
2024-02-14 10:38:37 | TRACE   | query_time, 0.006664194166660309
2024-02-14 10:38:37 | TRACE   | query_time, 0.006697811186313629
2024-02-14 10:38:37 | TRACE   | query_time, 0.00664178840816021
2024-02-14 10:38:37 | TRACE   | query_time, 0.006886860355734825
2024-02-14 10:38:37 | TRACE   | query_time, 0.00669904425740242
2024-02-14 10:38:37 | TRACE   | query_time, 0.006684018298983574
2024-02-14 10:38:37 | TRACE   | query_time, 0.00681212916970253
2024-02-14 10:38:37 | TRACE   | query_time, 0.006706180050969124
2024-02-14 10:38:37 | TRACE   | query_time, 0.006657188758254051
2024-02-14 10:38:37 | TRACE   | query_time, 0.005248427391052246
2024-02-14 10:38:37 | TRACE   | query_time, 0.00512487068772316
2024-02-14 10:38:37 | TRACE   | query_time, 0.004976993426680565
2024-02-14 10:38:37 | TRACE   | query_time, 0.00478493794798851
2024-02-14 10:38:37 | TRACE   | query_time, 0.004793515428900719
2024-02-14 10:38:37 | TRACE   | query_time, 0.004757480695843697
2024-02-14 10:38:37 | TRACE   | query_time, 0.004630295559763908
2024-02-14 10:38:37 | TRACE   | query_time, 0.004716956987977028
2024-02-14 10:38:37 | TRACE   | query_time, 0.004552539438009262
2024-02-14 10:38:37 | TRACE   | query_time, 0.004584057256579399
2024-02-14 10:38:37 | TRACE   | query_time, 0.0044441744685173035
2024-02-14 10:38:37 | TRACE   | query_time, 0.0043419040739536285
2024-02-14 10:38:37 | TRACE   | query_time, 0.004392310976982117
2024-02-14 10:38:37 | TRACE   | query_time, 0.004506494849920273
2024-02-14 10:38:37 | TRACE   | query_time, 0.00425693579018116
2024-02-14 10:38:37 | TRACE   | query_time, 0.004224803298711777
2024-02-14 10:38:37 | TRACE   | query_time, 0.004282483831048012
2024-02-14 10:38:37 | TRACE   | query_time, 0.004229605197906494
2024-02-14 10:38:37 | TRACE   | query_time, 0.0041533056646585464
2024-02-14 10:38:37 | TRACE   | query_time, 0.00427706353366375
2024-02-14 10:38:37 | TRACE   | query_time, 0.004080099985003471
