2024-02-14 10:38:33 | DEBUG   | {'input': PosixPath('data/open_data_usa/indices/microbenchmarks/rebinning-b10000.zst'), 'input_type': 'index', 'queries': PosixPath('data/open_data_usa/queries/microbenchmarks.zst'), 'estimation_mode': None, 'index_mode': 'recall', 'output': None, 'workers': None, 'frequency_hists': False, 'suppress_results': True, 'log_level': 'INFO', 'log_file': PosixPath('logs/microbenchmarks/runtime/open_data_usa-rebinning-b10000-single_suppressed-3.log')}
2024-02-14 10:38:33 | DEBUG   | Loading input data from data/open_data_usa/indices/microbenchmarks/rebinning-b10000.zst
2024-02-14 10:38:34 | DEBUG   | Loading queries from data/open_data_usa/queries/microbenchmarks.zst
2024-02-14 10:38:34 | TRACE   | bootstrap_time, 0.11706050112843513
2024-02-14 10:38:34 | DEBUG   | Starting execution
2024-02-14 10:38:34 | TRACE   | query_time, 0.00040612928569316864
2024-02-14 10:38:34 | TRACE   | query_time, 0.00022033601999282837
2024-02-14 10:38:34 | TRACE   | query_time, 0.0002123229205608368
2024-02-14 10:38:34 | TRACE   | query_time, 0.00021041743457317352
2024-02-14 10:38:34 | TRACE   | query_time, 0.00019584037363529205
2024-02-14 10:38:34 | TRACE   | query_time, 0.00021062418818473816
2024-02-14 10:38:34 | TRACE   | query_time, 0.00025911256670951843
2024-02-14 10:38:34 | TRACE   | query_time, 0.00020899996161460876
2024-02-14 10:38:34 | TRACE   | query_time, 0.00019537657499313354
2024-02-14 10:38:34 | TRACE   | query_time, 0.00022732093930244446
2024-02-14 10:38:34 | TRACE   | query_time, 0.00020940415561199188
2024-02-14 10:38:34 | TRACE   | query_time, 0.00021060556173324585
2024-02-14 10:38:34 | TRACE   | query_time, 0.00021092593669891357
2024-02-14 10:38:34 | TRACE   | query_time, 0.0002119261771440506
2024-02-14 10:38:34 | TRACE   | query_time, 0.0002087801694869995
2024-02-14 10:38:34 | TRACE   | query_time, 0.0001951511949300766
2024-02-14 10:38:34 | TRACE   | query_time, 0.0002105068415403366
2024-02-14 10:38:34 | TRACE   | query_time, 0.00021217577159404755
2024-02-14 10:38:34 | TRACE   | query_time, 0.0002113841474056244
2024-02-14 10:38:34 | TRACE   | query_time, 0.00022065825760364532
2024-02-14 10:38:34 | TRACE   | query_time, 0.00022463686764240265
2024-02-14 10:38:34 | TRACE   | query_time, 0.00021497532725334167
2024-02-14 10:38:34 | TRACE   | query_time, 0.00021067075431346893
2024-02-14 10:38:34 | TRACE   | query_time, 0.00020951032638549805
2024-02-14 10:38:34 | TRACE   | query_time, 0.00019715726375579834
2024-02-14 10:38:34 | TRACE   | query_time, 0.0002100728452205658
2024-02-14 10:38:34 | TRACE   | query_time, 0.00021272897720336914
2024-02-14 10:38:34 | TRACE   | query_time, 0.0002264995127916336
2024-02-14 10:38:34 | TRACE   | query_time, 0.0002110302448272705
2024-02-14 10:38:34 | TRACE   | query_time, 0.00019561685621738434
2024-02-14 10:38:34 | TRACE   | query_time, 0.0002299714833498001
2024-02-14 10:38:34 | TRACE   | query_time, 0.00021258555352687836
2024-02-14 10:38:34 | TRACE   | query_time, 0.00022443942725658417
2024-02-14 10:38:34 | TRACE   | query_time, 0.00021180696785449982
2024-02-14 10:38:34 | TRACE   | query_time, 0.0002118907868862152
2024-02-14 10:38:34 | TRACE   | query_time, 0.00021108612418174744
2024-02-14 10:38:34 | TRACE   | query_time, 0.00019732676446437836
2024-02-14 10:38:34 | TRACE   | query_time, 0.00022779591381549835
2024-02-14 10:38:34 | TRACE   | query_time, 0.00020851753652095795
2024-02-14 10:38:34 | TRACE   | query_time, 0.0002248380333185196
2024-02-14 10:38:34 | TRACE   | query_time, 0.00020802579820156097
2024-02-14 10:38:34 | TRACE   | query_time, 0.00022500008344650269
2024-02-14 10:38:34 | TRACE   | query_time, 0.0002090800553560257
2024-02-14 10:38:34 | TRACE   | query_time, 0.00022661685943603516
2024-02-14 10:38:34 | TRACE   | query_time, 0.0002109389752149582
2024-02-14 10:38:34 | TRACE   | query_time, 0.0002192854881286621
2024-02-14 10:38:34 | TRACE   | query_time, 0.00021061673760414124
2024-02-14 10:38:34 | TRACE   | query_time, 0.00022626854479312897
2024-02-14 10:38:34 | TRACE   | query_time, 0.0002076234668493271
2024-02-14 10:38:34 | TRACE   | query_time, 0.00020987540483474731
2024-02-14 10:38:34 | TRACE   | query_time, 0.0002433396875858307
2024-02-14 10:38:34 | TRACE   | query_time, 0.00020955689251422882
2024-02-14 10:38:34 | TRACE   | query_time, 0.00022578425705432892
2024-02-14 10:38:34 | TRACE   | query_time, 0.00021068379282951355
2024-02-14 10:38:34 | TRACE   | query_time, 0.000209147110581398
2024-02-14 10:38:34 | TRACE   | query_time, 0.00022631138563156128
2024-02-14 10:38:34 | TRACE   | query_time, 0.00021079927682876587
2024-02-14 10:38:34 | TRACE   | query_time, 0.00019529089331626892
2024-02-14 10:38:34 | TRACE   | query_time, 0.00021606869995594025
2024-02-14 10:38:34 | TRACE   | query_time, 0.00019391439855098724
2024-02-14 10:38:34 | TRACE   | query_time, 0.00020669959485530853
2024-02-14 10:38:34 | TRACE   | query_time, 0.00020809099078178406
2024-02-14 10:38:34 | TRACE   | query_time, 0.000241059809923172
2024-02-14 10:38:34 | TRACE   | query_time, 0.00020968914031982422
2024-02-14 10:38:34 | TRACE   | query_time, 0.00021058879792690277
2024-02-14 10:38:34 | TRACE   | query_time, 0.00020941533148288727
2024-02-14 10:38:34 | TRACE   | query_time, 0.00020689517259597778
2024-02-14 10:38:34 | TRACE   | query_time, 0.00020662695169448853
2024-02-14 10:38:34 | TRACE   | query_time, 0.00019620731472969055
2024-02-14 10:38:34 | TRACE   | query_time, 0.0002117101103067398
2024-02-14 10:38:34 | TRACE   | query_time, 0.00021257251501083374
2024-02-14 10:38:34 | TRACE   | query_time, 0.00021592341363430023
2024-02-14 10:38:34 | TRACE   | query_time, 0.0002092123031616211
2024-02-14 10:38:34 | TRACE   | query_time, 0.00020824186503887177
2024-02-14 10:38:34 | TRACE   | query_time, 0.0002243444323539734
2024-02-14 10:38:34 | TRACE   | query_time, 0.000209856778383255
2024-02-14 10:38:34 | TRACE   | query_time, 0.00020937249064445496
2024-02-14 10:38:34 | TRACE   | query_time, 0.00020752474665641785
2024-02-14 10:38:34 | TRACE   | query_time, 0.00020946376025676727
2024-02-14 10:38:34 | TRACE   | query_time, 0.00020889006555080414
2024-02-14 10:38:34 | TRACE   | query_time, 0.0002104286104440689
2024-02-14 10:38:34 | TRACE   | query_time, 0.00020916201174259186
2024-02-14 10:38:34 | TRACE   | query_time, 0.00020829960703849792
2024-02-14 10:38:34 | TRACE   | query_time, 0.00022646412253379822
2024-02-14 10:38:34 | TRACE   | query_time, 0.00020749308168888092
2024-02-14 10:38:34 | TRACE   | query_time, 0.00022637471556663513
2024-02-14 10:38:34 | TRACE   | query_time, 0.00021131522953510284
2024-02-14 10:38:34 | TRACE   | query_time, 0.00020937062799930573
2024-02-14 10:38:34 | TRACE   | query_time, 0.0002100486308336258
2024-02-14 10:38:34 | TRACE   | query_time, 0.00020864605903625488
2024-02-14 10:38:34 | TRACE   | query_time, 0.00022423826158046722
2024-02-14 10:38:34 | TRACE   | query_time, 0.00021008402109146118
2024-02-14 10:38:34 | TRACE   | query_time, 0.00020969100296497345
2024-02-14 10:38:34 | TRACE   | query_time, 0.00020848773419857025
2024-02-14 10:38:34 | TRACE   | query_time, 0.00020744651556015015
2024-02-14 10:38:34 | TRACE   | query_time, 0.00020914152264595032
2024-02-14 10:38:34 | TRACE   | query_time, 0.000208195298910141
2024-02-14 10:38:34 | TRACE   | query_time, 0.00019242055714130402
2024-02-14 10:38:34 | TRACE   | query_time, 0.0002119075506925583
2024-02-14 10:38:34 | TRACE   | query_time, 0.00019481219351291656
2024-02-14 10:38:34 | TRACE   | query_time, 0.00024161115288734436
2024-02-14 10:38:34 | TRACE   | query_time, 0.00022439844906330109
2024-02-14 10:38:34 | TRACE   | query_time, 0.00020988471806049347
2024-02-14 10:38:34 | TRACE   | query_time, 0.00021125003695487976
2024-02-14 10:38:34 | TRACE   | query_time, 0.00020921416580677032
2024-02-14 10:38:34 | TRACE   | query_time, 0.0002093873918056488
2024-02-14 10:38:34 | TRACE   | query_time, 0.0002071075141429901
2024-02-14 10:38:34 | TRACE   | query_time, 0.00020943768322467804
2024-02-14 10:38:34 | TRACE   | query_time, 0.00019338540732860565
2024-02-14 10:38:34 | TRACE   | query_time, 0.00020712800323963165
2024-02-14 10:38:34 | TRACE   | query_time, 0.0001959875226020813
2024-02-14 10:38:34 | TRACE   | query_time, 0.00021917931735515594
2024-02-14 10:38:34 | TRACE   | query_time, 0.00023102015256881714
2024-02-14 10:38:34 | TRACE   | query_time, 0.000210445374250412
2024-02-14 10:38:34 | TRACE   | query_time, 0.00020910240709781647
2024-02-14 10:38:34 | TRACE   | query_time, 0.000227341428399086
2024-02-14 10:38:34 | TRACE   | query_time, 0.0002420227974653244
2024-02-14 10:38:34 | TRACE   | query_time, 0.000196138396859169
2024-02-14 10:38:34 | TRACE   | query_time, 0.00021132081747055054
2024-02-14 10:38:34 | TRACE   | query_time, 0.0002408009022474289
2024-02-14 10:38:34 | TRACE   | query_time, 0.00021005608141422272
2024-02-14 10:38:34 | TRACE   | query_time, 0.00020777247846126556
2024-02-14 10:38:34 | TRACE   | query_time, 0.00022606924176216125
2024-02-14 10:38:34 | TRACE   | query_time, 0.00020901672542095184
2024-02-14 10:38:34 | TRACE   | query_time, 0.0002315174788236618
2024-02-14 10:38:34 | TRACE   | query_time, 0.00020980648696422577
2024-02-14 10:38:34 | TRACE   | query_time, 0.00020896829664707184
2024-02-14 10:38:34 | TRACE   | query_time, 0.0001934003084897995
2024-02-14 10:38:34 | TRACE   | query_time, 0.00019324757158756256
2024-02-14 10:38:34 | TRACE   | query_time, 0.00022407062351703644
2024-02-14 10:38:34 | TRACE   | query_time, 0.0002079494297504425
2024-02-14 10:38:34 | TRACE   | query_time, 0.0002101268619298935
2024-02-14 10:38:34 | TRACE   | query_time, 0.00019466690719127655
2024-02-14 10:38:34 | TRACE   | query_time, 0.00020839832723140717
2024-02-14 10:38:34 | TRACE   | query_time, 0.00020749494433403015
2024-02-14 10:38:34 | TRACE   | query_time, 0.0002246517688035965
2024-02-14 10:38:34 | TRACE   | query_time, 0.00020953267812728882
2024-02-14 10:38:34 | TRACE   | query_time, 0.0002154037356376648
2024-02-14 10:38:34 | TRACE   | query_time, 0.00021076202392578125
2024-02-14 10:38:34 | TRACE   | query_time, 0.00022596679627895355
2024-02-14 10:38:34 | TRACE   | query_time, 0.00021256506443023682
2024-02-14 10:38:34 | TRACE   | query_time, 0.00019490346312522888
2024-02-14 10:38:34 | TRACE   | query_time, 0.0002084672451019287
2024-02-14 10:38:34 | TRACE   | query_time, 0.00020874477922916412
2024-02-14 10:38:34 | TRACE   | query_time, 0.00024089589715003967
2024-02-14 10:38:34 | TRACE   | query_time, 0.00021021254360675812
2024-02-14 10:38:34 | TRACE   | query_time, 0.00023981742560863495
2024-02-14 10:38:34 | TRACE   | query_time, 0.000208364799618721
2024-02-14 10:38:34 | TRACE   | query_time, 0.00020961090922355652
2024-02-14 10:38:34 | TRACE   | query_time, 0.00019185803830623627
2024-02-14 10:38:34 | TRACE   | query_time, 0.000232011079788208
2024-02-14 10:38:34 | TRACE   | query_time, 0.00023818016052246094
2024-02-14 10:38:34 | TRACE   | query_time, 0.0002099107950925827
2024-02-14 10:38:34 | TRACE   | query_time, 0.00020948611199855804
2024-02-14 10:38:34 | TRACE   | query_time, 0.0002072267234325409
2024-02-14 10:38:34 | TRACE   | query_time, 0.00020699948072433472
2024-02-14 10:38:34 | TRACE   | query_time, 0.00020923279225826263
2024-02-14 10:38:34 | TRACE   | query_time, 0.00022315606474876404
2024-02-14 10:38:34 | TRACE   | query_time, 0.000209050253033638
2024-02-14 10:38:34 | TRACE   | query_time, 0.00020788982510566711
2024-02-14 10:38:34 | TRACE   | query_time, 0.0001930762082338333
2024-02-14 10:38:34 | TRACE   | query_time, 0.000237220898270607
2024-02-14 10:38:34 | TRACE   | query_time, 0.00020858272910118103
2024-02-14 10:38:34 | TRACE   | query_time, 0.0002476312220096588
2024-02-14 10:38:34 | TRACE   | query_time, 0.00021022185683250427
2024-02-14 10:38:34 | TRACE   | query_time, 0.0002255067229270935
2024-02-14 10:38:34 | TRACE   | query_time, 0.00020741857588291168
2024-02-14 10:38:34 | TRACE   | query_time, 0.00020880624651908875
2024-02-14 10:38:34 | TRACE   | query_time, 0.00020840391516685486
2024-02-14 10:38:34 | TRACE   | query_time, 0.00022628158330917358
2024-02-14 10:38:34 | TRACE   | query_time, 0.00021196343004703522
2024-02-14 10:38:34 | TRACE   | query_time, 0.00020950287580490112
2024-02-14 10:38:34 | TRACE   | query_time, 0.00019381195306777954
2024-02-14 10:38:34 | TRACE   | query_time, 0.0002241712063550949
2024-02-14 10:38:34 | TRACE   | query_time, 0.00020777247846126556
2024-02-14 10:38:34 | TRACE   | query_time, 0.00019420869648456573
2024-02-14 10:38:34 | TRACE   | query_time, 0.00020723603665828705
2024-02-14 10:38:34 | TRACE   | query_time, 0.00020804628729820251
2024-02-14 10:38:34 | TRACE   | query_time, 0.0002078469842672348
2024-02-14 10:38:34 | TRACE   | query_time, 0.0002077743411064148
2024-02-14 10:38:34 | TRACE   | query_time, 0.00020886771380901337
2024-02-14 10:38:34 | TRACE   | query_time, 0.00020954012870788574
2024-02-14 10:38:34 | TRACE   | query_time, 0.00022322684526443481
2024-02-14 10:38:34 | TRACE   | query_time, 0.0002078227698802948
2024-02-14 10:38:34 | TRACE   | query_time, 0.00019337981939315796
2024-02-14 10:38:34 | TRACE   | query_time, 0.00021011009812355042
2024-02-14 10:38:34 | TRACE   | query_time, 0.00024034827947616577
2024-02-14 10:38:34 | TRACE   | query_time, 0.00020798109471797943
2024-02-14 10:38:34 | TRACE   | query_time, 0.00020849518477916718
2024-02-14 10:38:34 | TRACE   | query_time, 0.00020678341388702393
2024-02-14 10:38:34 | TRACE   | query_time, 0.0002465229481458664
2024-02-14 10:38:34 | TRACE   | query_time, 0.0002084188163280487
2024-02-14 10:38:34 | TRACE   | query_time, 0.00020910240709781647
2024-02-14 10:38:34 | TRACE   | query_time, 0.0001910589635372162
2024-02-14 10:38:34 | TRACE   | query_time, 0.00020910054445266724
2024-02-14 10:38:34 | TRACE   | query_time, 0.0002393871545791626
2024-02-14 10:38:34 | TRACE   | query_time, 0.00019336119294166565
2024-02-14 10:38:34 | TRACE   | query_time, 0.00020856782793998718
2024-02-14 10:38:34 | TRACE   | query_time, 0.00019408203661441803
2024-02-14 10:38:34 | TRACE   | query_time, 0.00020877085626125336
2024-02-14 10:38:34 | TRACE   | query_time, 0.00021010451018810272
2024-02-14 10:38:34 | TRACE   | query_time, 0.00022155232727527618
2024-02-14 10:38:34 | TRACE   | query_time, 0.0002069510519504547
2024-02-14 10:38:34 | TRACE   | query_time, 0.00021450594067573547
2024-02-14 10:38:34 | TRACE   | query_time, 0.0002093818038702011
2024-02-14 10:38:34 | TRACE   | query_time, 0.00022151879966259003
2024-02-14 10:38:34 | TRACE   | query_time, 0.0002071429044008255
2024-02-14 10:38:34 | TRACE   | query_time, 0.00022309273481369019
2024-02-14 10:38:34 | TRACE   | query_time, 0.00019155628979206085
2024-02-14 10:38:34 | TRACE   | query_time, 0.00020849518477916718
2024-02-14 10:38:34 | TRACE   | query_time, 0.0002394299954175949
2024-02-14 10:38:34 | TRACE   | query_time, 0.00022386759519577026
2024-02-14 10:38:34 | TRACE   | query_time, 0.00020986609160900116
2024-02-14 10:38:34 | TRACE   | query_time, 0.00020858272910118103
2024-02-14 10:38:34 | TRACE   | query_time, 0.0001928955316543579
2024-02-14 10:38:34 | TRACE   | query_time, 0.00020946376025676727
2024-02-14 10:38:34 | TRACE   | query_time, 0.0002449173480272293
2024-02-14 10:38:34 | TRACE   | query_time, 0.00020744279026985168
2024-02-14 10:38:34 | TRACE   | query_time, 0.00022241659462451935
2024-02-14 10:38:34 | TRACE   | query_time, 0.00020753592252731323
2024-02-14 10:38:34 | TRACE   | query_time, 0.0001926477998495102
2024-02-14 10:38:34 | TRACE   | query_time, 0.00020782090723514557
2024-02-14 10:38:34 | TRACE   | query_time, 0.00020558759570121765
2024-02-14 10:38:34 | TRACE   | query_time, 0.00019088014960289001
2024-02-14 10:38:34 | TRACE   | query_time, 0.00022049061954021454
2024-02-14 10:38:34 | TRACE   | query_time, 0.00020795315504074097
2024-02-14 10:38:34 | TRACE   | query_time, 0.00020783394575119019
2024-02-14 10:38:34 | TRACE   | query_time, 0.00020878762006759644
2024-02-14 10:38:34 | TRACE   | query_time, 0.00021071545779705048
2024-02-14 10:38:34 | TRACE   | query_time, 0.00021121278405189514
2024-02-14 10:38:34 | TRACE   | query_time, 0.00022677332162857056
2024-02-14 10:38:34 | TRACE   | query_time, 0.00020956434309482574
2024-02-14 10:38:34 | TRACE   | query_time, 0.00022449344396591187
2024-02-14 10:38:34 | TRACE   | query_time, 0.00021211989223957062
2024-02-14 10:38:34 | TRACE   | query_time, 0.00024181418120861053
2024-02-14 10:38:34 | TRACE   | query_time, 0.00020808354020118713
2024-02-14 10:38:34 | TRACE   | query_time, 0.0001985207200050354
2024-02-14 10:38:34 | TRACE   | query_time, 0.00021209381520748138
2024-02-14 10:38:34 | TRACE   | query_time, 0.0002111196517944336
2024-02-14 10:38:34 | TRACE   | query_time, 0.00021246634423732758
2024-02-14 10:38:34 | TRACE   | query_time, 0.00020860321819782257
2024-02-14 10:38:34 | TRACE   | query_time, 0.00020926818251609802
2024-02-14 10:38:34 | TRACE   | query_time, 0.00020963698625564575
2024-02-14 10:38:34 | TRACE   | query_time, 0.00020958483219146729
2024-02-14 10:38:34 | TRACE   | query_time, 0.00022592023015022278
2024-02-14 10:38:34 | TRACE   | query_time, 0.0002092905342578888
2024-02-14 10:38:34 | TRACE   | query_time, 0.0002078283578157425
2024-02-14 10:38:34 | TRACE   | query_time, 0.0002102833241224289
2024-02-14 10:38:34 | TRACE   | query_time, 0.00020916759967803955
2024-02-14 10:38:34 | TRACE   | query_time, 0.0002093333750963211
2024-02-14 10:38:34 | TRACE   | query_time, 0.00019425339996814728
2024-02-14 10:38:34 | TRACE   | query_time, 0.00020915642380714417
2024-02-14 10:38:34 | TRACE   | query_time, 0.00019352510571479797
2024-02-14 10:38:34 | TRACE   | query_time, 0.0002090856432914734
2024-02-14 10:38:34 | TRACE   | query_time, 0.00020683929324150085
2024-02-14 10:38:34 | TRACE   | query_time, 0.00024149566888809204
2024-02-14 10:38:34 | TRACE   | query_time, 0.0002161376178264618
2024-02-14 10:38:34 | TRACE   | query_time, 0.000209122896194458
2024-02-14 10:38:34 | TRACE   | query_time, 0.00020903535187244415
2024-02-14 10:38:34 | TRACE   | query_time, 0.00020722858607769012
2024-02-14 10:38:34 | TRACE   | query_time, 0.00022463873028755188
2024-02-14 10:38:34 | TRACE   | query_time, 0.00020933710038661957
2024-02-14 10:38:34 | TRACE   | query_time, 0.0002246759831905365
2024-02-14 10:38:34 | TRACE   | query_time, 0.00020817294716835022
2024-02-14 10:38:34 | TRACE   | query_time, 0.0002088453620672226
2024-02-14 10:38:34 | TRACE   | query_time, 0.0002054218202829361
2024-02-14 10:38:34 | TRACE   | query_time, 0.00022181682288646698
2024-02-14 10:38:34 | TRACE   | query_time, 0.0002230629324913025
2024-02-14 10:38:34 | TRACE   | query_time, 0.000208171084523201
2024-02-14 10:38:34 | TRACE   | query_time, 0.00021635740995407104
2024-02-14 10:38:34 | TRACE   | query_time, 0.0002093277871608734
2024-02-14 10:38:34 | TRACE   | query_time, 0.000225825235247612
2024-02-14 10:38:34 | TRACE   | query_time, 0.00020890124142169952
2024-02-14 10:38:34 | TRACE   | query_time, 0.0002245195209980011
2024-02-14 10:38:34 | TRACE   | query_time, 0.00020700693130493164
2024-02-14 10:38:34 | TRACE   | query_time, 0.00023972056806087494
2024-02-14 10:38:34 | TRACE   | query_time, 0.00020710937678813934
2024-02-14 10:38:34 | TRACE   | query_time, 0.000238906592130661
2024-02-14 10:38:34 | TRACE   | query_time, 0.0002083461731672287
2024-02-14 10:38:34 | TRACE   | query_time, 0.00022210553288459778
2024-02-14 10:38:34 | TRACE   | query_time, 0.0002073291689157486
2024-02-14 10:38:34 | TRACE   | query_time, 0.00020816735923290253
2024-02-14 10:38:34 | TRACE   | query_time, 0.00021569803357124329
2024-02-14 10:38:34 | TRACE   | query_time, 0.00020805001258850098
2024-02-14 10:38:34 | TRACE   | query_time, 0.0002241823822259903
2024-02-14 10:38:34 | TRACE   | query_time, 0.0002087429165840149
2024-02-14 10:38:34 | TRACE   | query_time, 0.00020729564130306244
2024-02-14 10:38:34 | TRACE   | query_time, 0.00020975805819034576
2024-02-14 10:38:34 | TRACE   | query_time, 0.00019353069365024567
2024-02-14 10:38:34 | TRACE   | query_time, 0.0002089235931634903
2024-02-14 10:38:34 | TRACE   | query_time, 0.0002075396478176117
2024-02-14 10:38:34 | TRACE   | query_time, 0.00021065957844257355
2024-02-14 10:38:34 | TRACE   | query_time, 0.0002108253538608551
2024-02-14 10:38:34 | TRACE   | query_time, 0.00020895898342132568
2024-02-14 10:38:34 | TRACE   | query_time, 0.00020830519497394562
2024-02-14 10:38:34 | TRACE   | query_time, 0.00023042596876621246
2024-02-14 10:38:34 | TRACE   | query_time, 0.00022498704493045807
2024-02-14 10:38:34 | TRACE   | query_time, 0.0001959335058927536
2024-02-14 10:38:34 | TRACE   | query_time, 0.0002108495682477951
2024-02-14 10:38:34 | TRACE   | query_time, 0.00020979903638362885
2024-02-14 10:38:34 | TRACE   | query_time, 0.00021080300211906433
2024-02-14 10:38:34 | TRACE   | query_time, 0.00020951591432094574
2024-02-14 10:38:34 | TRACE   | query_time, 0.00020928308367729187
2024-02-14 10:38:34 | TRACE   | query_time, 0.00022306852042675018
2024-02-14 10:38:34 | TRACE   | query_time, 0.00020889565348625183
2024-02-14 10:38:34 | TRACE   | query_time, 0.0002093631774187088
2024-02-14 10:38:34 | TRACE   | query_time, 0.00019269436597824097
2024-02-14 10:38:34 | TRACE   | query_time, 0.00022571533918380737
2024-02-14 10:38:34 | TRACE   | query_time, 0.000209856778383255
2024-02-14 10:38:34 | TRACE   | query_time, 0.00022582337260246277
2024-02-14 10:38:34 | TRACE   | query_time, 0.00020692311227321625
2024-02-14 10:38:34 | TRACE   | query_time, 0.00020998157560825348
2024-02-14 10:38:34 | TRACE   | query_time, 0.00020902976393699646
2024-02-14 10:38:34 | TRACE   | query_time, 0.0002392195165157318
2024-02-14 10:38:34 | TRACE   | query_time, 0.00019351206719875336
2024-02-14 10:38:34 | TRACE   | query_time, 0.000207582488656044
2024-02-14 10:38:34 | TRACE   | query_time, 0.00023727864027023315
2024-02-14 10:38:34 | TRACE   | query_time, 0.00021049939095973969
2024-02-14 10:38:34 | TRACE   | query_time, 0.00024216435849666595
2024-02-14 10:38:34 | TRACE   | query_time, 0.00020949169993400574
2024-02-14 10:38:34 | TRACE   | query_time, 0.00020873546600341797
2024-02-14 10:38:34 | TRACE   | query_time, 0.00020853430032730103
2024-02-14 10:38:34 | TRACE   | query_time, 0.00020956248044967651
2024-02-14 10:38:34 | TRACE   | query_time, 0.00022319890558719635
2024-02-14 10:38:34 | TRACE   | query_time, 0.00020778365433216095
2024-02-14 10:38:34 | TRACE   | query_time, 0.00019309669733047485
2024-02-14 10:38:34 | TRACE   | query_time, 0.00022550858557224274
2024-02-14 10:38:34 | TRACE   | query_time, 0.00021008774638175964
2024-02-14 10:38:34 | TRACE   | query_time, 0.00020831264555454254
2024-02-14 10:38:34 | TRACE   | query_time, 0.00020927190780639648
2024-02-14 10:38:34 | TRACE   | query_time, 0.00022364966571331024
2024-02-14 10:38:34 | TRACE   | query_time, 0.0002080518752336502
2024-02-14 10:38:34 | TRACE   | query_time, 0.0002064146101474762
2024-02-14 10:38:34 | TRACE   | query_time, 0.0008260272443294525
2024-02-14 10:38:34 | TRACE   | query_time, 0.0008311159908771515
2024-02-14 10:38:34 | TRACE   | query_time, 0.0007186718285083771
2024-02-14 10:38:34 | TRACE   | query_time, 0.0007421206682920456
2024-02-14 10:38:34 | TRACE   | query_time, 0.0007577911019325256
2024-02-14 10:38:34 | TRACE   | query_time, 0.0007445886731147766
2024-02-14 10:38:34 | TRACE   | query_time, 0.0007345695048570633
2024-02-14 10:38:34 | TRACE   | query_time, 0.0007556118071079254
2024-02-14 10:38:34 | TRACE   | query_time, 0.0007554907351732254
2024-02-14 10:38:34 | TRACE   | query_time, 0.0007303301244974136
2024-02-14 10:38:34 | TRACE   | query_time, 0.0007612239569425583
2024-02-14 10:38:34 | TRACE   | query_time, 0.000737534835934639
2024-02-14 10:38:34 | TRACE   | query_time, 0.0007863771170377731
2024-02-14 10:38:34 | TRACE   | query_time, 0.0007377732545137405
2024-02-14 10:38:34 | TRACE   | query_time, 0.0007582902908325195
2024-02-14 10:38:34 | TRACE   | query_time, 0.0007265619933605194
2024-02-14 10:38:34 | TRACE   | query_time, 0.0007625985890626907
2024-02-14 10:38:34 | TRACE   | query_time, 0.0007336083799600601
2024-02-14 10:38:34 | TRACE   | query_time, 0.0007465872913599014
2024-02-14 10:38:34 | TRACE   | query_time, 0.0007519293576478958
2024-02-14 10:38:34 | TRACE   | query_time, 0.0007226243615150452
2024-02-14 10:38:34 | TRACE   | query_time, 0.0007388610392808914
2024-02-14 10:38:34 | TRACE   | query_time, 0.0006932206451892853
2024-02-14 10:38:34 | TRACE   | query_time, 0.0007470138370990753
2024-02-14 10:38:34 | TRACE   | query_time, 0.0007519125938415527
2024-02-14 10:38:34 | TRACE   | query_time, 0.0007220692932605743
2024-02-14 10:38:34 | TRACE   | query_time, 0.000753721222281456
2024-02-14 10:38:34 | TRACE   | query_time, 0.0007521528750658035
2024-02-14 10:38:34 | TRACE   | query_time, 0.0007245559245347977
2024-02-14 10:38:34 | TRACE   | query_time, 0.0007156878709793091
2024-02-14 10:38:34 | TRACE   | query_time, 0.0006922446191310883
2024-02-14 10:38:34 | TRACE   | query_time, 0.0007375944405794144
2024-02-14 10:38:34 | TRACE   | query_time, 0.0007055718451738358
2024-02-14 10:38:34 | TRACE   | query_time, 0.0007782131433486938
2024-02-14 10:38:34 | TRACE   | query_time, 0.0007636155933141708
2024-02-14 10:38:34 | TRACE   | query_time, 0.0006907600909471512
2024-02-14 10:38:34 | TRACE   | query_time, 0.0007450375705957413
2024-02-14 10:38:34 | TRACE   | query_time, 0.0007373020052909851
2024-02-14 10:38:34 | TRACE   | query_time, 0.0007206834852695465
2024-02-14 10:38:34 | TRACE   | query_time, 0.0007556229829788208
2024-02-14 10:38:34 | TRACE   | query_time, 0.0007505528628826141
2024-02-14 10:38:34 | TRACE   | query_time, 0.0007088873535394669
2024-02-14 10:38:34 | TRACE   | query_time, 0.0007389280945062637
2024-02-14 10:38:34 | TRACE   | query_time, 0.0007439423352479935
2024-02-14 10:38:34 | TRACE   | query_time, 0.0007233414798974991
2024-02-14 10:38:34 | TRACE   | query_time, 0.0007562786340713501
2024-02-14 10:38:34 | TRACE   | query_time, 0.0007530469447374344
2024-02-14 10:38:34 | TRACE   | query_time, 0.0007191337645053864
2024-02-14 10:38:34 | TRACE   | query_time, 0.0007415823638439178
2024-02-14 10:38:34 | TRACE   | query_time, 0.0007379688322544098
2024-02-14 10:38:34 | TRACE   | query_time, 0.0007335767149925232
2024-02-14 10:38:34 | TRACE   | query_time, 0.0007235649973154068
2024-02-14 10:38:34 | TRACE   | query_time, 0.0007195454090833664
2024-02-14 10:38:34 | TRACE   | query_time, 0.0007669311016798019
2024-02-14 10:38:34 | TRACE   | query_time, 0.0007368605583906174
2024-02-14 10:38:34 | TRACE   | query_time, 0.0006871279329061508
2024-02-14 10:38:34 | TRACE   | query_time, 0.0007311031222343445
2024-02-14 10:38:34 | TRACE   | query_time, 0.0007543172687292099
2024-02-14 10:38:34 | TRACE   | query_time, 0.0007522199302911758
2024-02-14 10:38:34 | TRACE   | query_time, 0.0007176976650953293
2024-02-14 10:38:34 | TRACE   | query_time, 0.000746212899684906
2024-02-14 10:38:34 | TRACE   | query_time, 0.000751148909330368
2024-02-14 10:38:34 | TRACE   | query_time, 0.000827249139547348
2024-02-14 10:38:34 | TRACE   | query_time, 0.0007584132254123688
2024-02-14 10:38:34 | TRACE   | query_time, 0.0008262284100055695
2024-02-14 10:38:34 | TRACE   | query_time, 0.0008465945720672607
2024-02-14 10:38:34 | TRACE   | query_time, 0.0007595699280500412
2024-02-14 10:38:34 | TRACE   | query_time, 0.0006960742175579071
2024-02-14 10:38:34 | TRACE   | query_time, 0.000738486647605896
2024-02-14 10:38:34 | TRACE   | query_time, 0.0007334183901548386
2024-02-14 10:38:34 | TRACE   | query_time, 0.0007363464683294296
2024-02-14 10:38:34 | TRACE   | query_time, 0.0007522273808717728
2024-02-14 10:38:34 | TRACE   | query_time, 0.0007428787648677826
2024-02-14 10:38:34 | TRACE   | query_time, 0.0007484555244445801
2024-02-14 10:38:34 | TRACE   | query_time, 0.0007176771759986877
2024-02-14 10:38:34 | TRACE   | query_time, 0.000734010711312294
2024-02-14 10:38:34 | TRACE   | query_time, 0.0007461123168468475
2024-02-14 10:38:34 | TRACE   | query_time, 0.0007426925003528595
2024-02-14 10:38:34 | TRACE   | query_time, 0.0007442086935043335
2024-02-14 10:38:34 | TRACE   | query_time, 0.0007305312901735306
2024-02-14 10:38:34 | TRACE   | query_time, 0.0007357988506555557
2024-02-14 10:38:34 | TRACE   | query_time, 0.0007688123732805252
2024-02-14 10:38:34 | TRACE   | query_time, 0.0008285753428936005
2024-02-14 10:38:34 | TRACE   | query_time, 0.0007860753685235977
2024-02-14 10:38:34 | TRACE   | query_time, 0.0007590129971504211
2024-02-14 10:38:34 | TRACE   | query_time, 0.0006923433393239975
2024-02-14 10:38:34 | TRACE   | query_time, 0.0007472541183233261
2024-02-14 10:38:34 | TRACE   | query_time, 0.0007489174604415894
2024-02-14 10:38:34 | TRACE   | query_time, 0.0007161442190408707
2024-02-14 10:38:34 | TRACE   | query_time, 0.0006872024387121201
2024-02-14 10:38:34 | TRACE   | query_time, 0.0007475279271602631
2024-02-14 10:38:34 | TRACE   | query_time, 0.000764109194278717
2024-02-14 10:38:34 | TRACE   | query_time, 0.0007560793310403824
2024-02-14 10:38:34 | TRACE   | query_time, 0.0007575266063213348
2024-02-14 10:38:34 | TRACE   | query_time, 0.0008386280387639999
2024-02-14 10:38:34 | TRACE   | query_time, 0.0007508136332035065
2024-02-14 10:38:34 | TRACE   | query_time, 0.0008258484303951263
2024-02-14 10:38:34 | TRACE   | query_time, 0.0007495135068893433
2024-02-14 10:38:34 | TRACE   | query_time, 0.0006930287927389145
2024-02-14 10:38:34 | TRACE   | query_time, 0.0006871428340673447
2024-02-14 10:38:34 | TRACE   | query_time, 0.0007321890443563461
2024-02-14 10:38:34 | TRACE   | query_time, 0.000708291307091713
2024-02-14 10:38:34 | TRACE   | query_time, 0.0006861165165901184
2024-02-14 10:38:34 | TRACE   | query_time, 0.0007379744201898575
2024-02-14 10:38:34 | TRACE   | query_time, 0.0007401145994663239
2024-02-14 10:38:34 | TRACE   | query_time, 0.0006945226341485977
2024-02-14 10:38:34 | TRACE   | query_time, 0.0007525775581598282
2024-02-14 10:38:34 | TRACE   | query_time, 0.0007498022168874741
2024-02-14 10:38:34 | TRACE   | query_time, 0.0007354021072387695
2024-02-14 10:38:34 | TRACE   | query_time, 0.0007581450045108795
2024-02-14 10:38:34 | TRACE   | query_time, 0.0007378216832876205
2024-02-14 10:38:34 | TRACE   | query_time, 0.0008189473301172256
2024-02-14 10:38:34 | TRACE   | query_time, 0.0008173156529664993
2024-02-14 10:38:34 | TRACE   | query_time, 0.0007231477648019791
2024-02-14 10:38:34 | TRACE   | query_time, 0.000737406313419342
2024-02-14 10:38:34 | TRACE   | query_time, 0.0007587000727653503
2024-02-14 10:38:34 | TRACE   | query_time, 0.0007506795227527618
2024-02-14 10:38:34 | TRACE   | query_time, 0.0007366351783275604
2024-02-14 10:38:34 | TRACE   | query_time, 0.0006833989173173904
2024-02-14 10:38:34 | TRACE   | query_time, 0.00071696937084198
2024-02-14 10:38:34 | TRACE   | query_time, 0.0007271133363246918
2024-02-14 10:38:34 | TRACE   | query_time, 0.0008156336843967438
2024-02-14 10:38:34 | TRACE   | query_time, 0.0007300134748220444
2024-02-14 10:38:34 | TRACE   | query_time, 0.0007527898997068405
2024-02-14 10:38:34 | TRACE   | query_time, 0.0007212106138467789
2024-02-14 10:38:34 | TRACE   | query_time, 0.0007662717252969742
2024-02-14 10:38:34 | TRACE   | query_time, 0.0007689259946346283
2024-02-14 10:38:34 | TRACE   | query_time, 0.0008003376424312592
2024-02-14 10:38:34 | TRACE   | query_time, 0.0007547177374362946
2024-02-14 10:38:34 | TRACE   | query_time, 0.000802207738161087
2024-02-14 10:38:34 | TRACE   | query_time, 0.0007548518478870392
2024-02-14 10:38:34 | TRACE   | query_time, 0.0008002575486898422
2024-02-14 10:38:34 | TRACE   | query_time, 0.0008079763501882553
2024-02-14 10:38:34 | TRACE   | query_time, 0.0008098632097244263
2024-02-14 10:38:34 | TRACE   | query_time, 0.0008803084492683411
2024-02-14 10:38:34 | TRACE   | query_time, 0.0008386075496673584
2024-02-14 10:38:34 | TRACE   | query_time, 0.0007756706327199936
2024-02-14 10:38:34 | TRACE   | query_time, 0.000813385471701622
2024-02-14 10:38:34 | TRACE   | query_time, 0.0007644947618246078
2024-02-14 10:38:34 | TRACE   | query_time, 0.0007837098091840744
2024-02-14 10:38:34 | TRACE   | query_time, 0.0008078236132860184
2024-02-14 10:38:34 | TRACE   | query_time, 0.0007953327149152756
2024-02-14 10:38:34 | TRACE   | query_time, 0.0007841214537620544
2024-02-14 10:38:34 | TRACE   | query_time, 0.0008882395923137665
2024-02-14 10:38:34 | TRACE   | query_time, 0.0008056201040744781
2024-02-14 10:38:34 | TRACE   | query_time, 0.0007585529237985611
2024-02-14 10:38:34 | TRACE   | query_time, 0.000783311203122139
2024-02-14 10:38:34 | TRACE   | query_time, 0.0008252561092376709
2024-02-14 10:38:34 | TRACE   | query_time, 0.0007785819470882416
2024-02-14 10:38:34 | TRACE   | query_time, 0.0008626654744148254
2024-02-14 10:38:34 | TRACE   | query_time, 0.0008696317672729492
2024-02-14 10:38:34 | TRACE   | query_time, 0.0008311662822961807
2024-02-14 10:38:34 | TRACE   | query_time, 0.0007562637329101562
2024-02-14 10:38:34 | TRACE   | query_time, 0.0007561724632978439
2024-02-14 10:38:34 | TRACE   | query_time, 0.0008148159831762314
2024-02-14 10:38:34 | TRACE   | query_time, 0.0007993727922439575
2024-02-14 10:38:34 | TRACE   | query_time, 0.0008096043020486832
2024-02-14 10:38:34 | TRACE   | query_time, 0.0008532572537660599
2024-02-14 10:38:34 | TRACE   | query_time, 0.0008370634168386459
2024-02-14 10:38:34 | TRACE   | query_time, 0.0008608680218458176
2024-02-14 10:38:34 | TRACE   | query_time, 0.0007920712232589722
2024-02-14 10:38:34 | TRACE   | query_time, 0.0007826182991266251
2024-02-14 10:38:34 | TRACE   | query_time, 0.000797271728515625
2024-02-14 10:38:34 | TRACE   | query_time, 0.0008156895637512207
2024-02-14 10:38:34 | TRACE   | query_time, 0.0007816348224878311
2024-02-14 10:38:34 | TRACE   | query_time, 0.0008009839802980423
2024-02-14 10:38:34 | TRACE   | query_time, 0.0008062273263931274
2024-02-14 10:38:34 | TRACE   | query_time, 0.0007765479385852814
2024-02-14 10:38:34 | TRACE   | query_time, 0.000792771577835083
2024-02-14 10:38:34 | TRACE   | query_time, 0.0008671693503856659
2024-02-14 10:38:34 | TRACE   | query_time, 0.0007918775081634521
2024-02-14 10:38:34 | TRACE   | query_time, 0.0008108112961053848
2024-02-14 10:38:34 | TRACE   | query_time, 0.0007741712033748627
2024-02-14 10:38:34 | TRACE   | query_time, 0.0008204076439142227
2024-02-14 10:38:34 | TRACE   | query_time, 0.000763479620218277
2024-02-14 10:38:34 | TRACE   | query_time, 0.0007985718548297882
2024-02-14 10:38:34 | TRACE   | query_time, 0.000755084678530693
2024-02-14 10:38:34 | TRACE   | query_time, 0.0008026324212551117
2024-02-14 10:38:34 | TRACE   | query_time, 0.0008576102554798126
2024-02-14 10:38:34 | TRACE   | query_time, 0.0008085835725069046
2024-02-14 10:38:34 | TRACE   | query_time, 0.0007964000105857849
2024-02-14 10:38:34 | TRACE   | query_time, 0.0007806625217199326
2024-02-14 10:38:34 | TRACE   | query_time, 0.0007957518100738525
2024-02-14 10:38:34 | TRACE   | query_time, 0.000806787982583046
2024-02-14 10:38:34 | TRACE   | query_time, 0.0008119139820337296
2024-02-14 10:38:34 | TRACE   | query_time, 0.0007817037403583527
2024-02-14 10:38:34 | TRACE   | query_time, 0.0008054543286561966
2024-02-14 10:38:34 | TRACE   | query_time, 0.0008068587630987167
2024-02-14 10:38:34 | TRACE   | query_time, 0.0008077770471572876
2024-02-14 10:38:34 | TRACE   | query_time, 0.0007940679788589478
2024-02-14 10:38:34 | TRACE   | query_time, 0.0007931292057037354
2024-02-14 10:38:34 | TRACE   | query_time, 0.0007563512772321701
2024-02-14 10:38:34 | TRACE   | query_time, 0.0008012913167476654
2024-02-14 10:38:34 | TRACE   | query_time, 0.0007693879306316376
2024-02-14 10:38:34 | TRACE   | query_time, 0.0008045732975006104
2024-02-14 10:38:34 | TRACE   | query_time, 0.0007882378995418549
2024-02-14 10:38:34 | TRACE   | query_time, 0.0007971804589033127
2024-02-14 10:38:34 | TRACE   | query_time, 0.000784432515501976
2024-02-14 10:38:34 | TRACE   | query_time, 0.0007917173206806183
2024-02-14 10:38:34 | TRACE   | query_time, 0.0008091181516647339
2024-02-14 10:38:34 | TRACE   | query_time, 0.0008554868400096893
2024-02-14 10:38:34 | TRACE   | query_time, 0.0008140001446008682
2024-02-14 10:38:34 | TRACE   | query_time, 0.0008290614932775497
2024-02-14 10:38:34 | TRACE   | query_time, 0.0008016470819711685
2024-02-14 10:38:34 | TRACE   | query_time, 0.0008103549480438232
2024-02-14 10:38:34 | TRACE   | query_time, 0.0008033141493797302
2024-02-14 10:38:34 | TRACE   | query_time, 0.0008050855249166489
2024-02-14 10:38:34 | TRACE   | query_time, 0.0008057430386543274
2024-02-14 10:38:34 | TRACE   | query_time, 0.0007923059165477753
2024-02-14 10:38:34 | TRACE   | query_time, 0.0008778199553489685
2024-02-14 10:38:34 | TRACE   | query_time, 0.0008063819259405136
2024-02-14 10:38:34 | TRACE   | query_time, 0.0007797069847583771
2024-02-14 10:38:34 | TRACE   | query_time, 0.001095091924071312
2024-02-14 10:38:34 | TRACE   | query_time, 0.0007802732288837433
2024-02-14 10:38:34 | TRACE   | query_time, 0.000805908814072609
2024-02-14 10:38:34 | TRACE   | query_time, 0.0007595047354698181
2024-02-14 10:38:34 | TRACE   | query_time, 0.0007538031786680222
2024-02-14 10:38:34 | TRACE   | query_time, 0.0008043814450502396
2024-02-14 10:38:34 | TRACE   | query_time, 0.0008231941610574722
2024-02-14 10:38:34 | TRACE   | query_time, 0.0008744020015001297
2024-02-14 10:38:34 | TRACE   | query_time, 0.0008007213473320007
2024-02-14 10:38:34 | TRACE   | query_time, 0.0007959641516208649
2024-02-14 10:38:34 | TRACE   | query_time, 0.00077853724360466
2024-02-14 10:38:34 | TRACE   | query_time, 0.0008111000061035156
2024-02-14 10:38:34 | TRACE   | query_time, 0.0007955189794301987
2024-02-14 10:38:34 | TRACE   | query_time, 0.0008671656250953674
2024-02-14 10:38:34 | TRACE   | query_time, 0.0008677486330270767
2024-02-14 10:38:34 | TRACE   | query_time, 0.0007852818816900253
2024-02-14 10:38:34 | TRACE   | query_time, 0.000795409083366394
2024-02-14 10:38:34 | TRACE   | query_time, 0.0007550250738859177
2024-02-14 10:38:34 | TRACE   | query_time, 0.0008057355880737305
2024-02-14 10:38:34 | TRACE   | query_time, 0.0007753018289804459
2024-02-14 10:38:34 | TRACE   | query_time, 0.0007930118590593338
2024-02-14 10:38:34 | TRACE   | query_time, 0.0007964354008436203
2024-02-14 10:38:34 | TRACE   | query_time, 0.0007914528250694275
2024-02-14 10:38:34 | TRACE   | query_time, 0.0007923655211925507
2024-02-14 10:38:34 | TRACE   | query_time, 0.0007597971707582474
2024-02-14 10:38:34 | TRACE   | query_time, 0.0008120164275169373
2024-02-14 10:38:34 | TRACE   | query_time, 0.0007819775491952896
2024-02-14 10:38:34 | TRACE   | query_time, 0.0008117854595184326
2024-02-14 10:38:34 | TRACE   | query_time, 0.0008435286581516266
2024-02-14 10:38:34 | TRACE   | query_time, 0.0007763616740703583
2024-02-14 10:38:34 | TRACE   | query_time, 0.0008108094334602356
2024-02-14 10:38:34 | TRACE   | query_time, 0.0007550213485956192
2024-02-14 10:38:34 | TRACE   | query_time, 0.0007940158247947693
2024-02-14 10:38:34 | TRACE   | query_time, 0.0007988568395376205
2024-02-14 10:38:34 | TRACE   | query_time, 0.0007931087166070938
2024-02-14 10:38:34 | TRACE   | query_time, 0.0007520094513893127
2024-02-14 10:38:34 | TRACE   | query_time, 0.000777440145611763
2024-02-14 10:38:34 | TRACE   | query_time, 0.0008119605481624603
2024-02-14 10:38:34 | TRACE   | query_time, 0.0007938742637634277
2024-02-14 10:38:34 | TRACE   | query_time, 0.0008092280477285385
2024-02-14 10:38:34 | TRACE   | query_time, 0.0007807686924934387
2024-02-14 10:38:34 | TRACE   | query_time, 0.0007987245917320251
2024-02-14 10:38:34 | TRACE   | query_time, 0.0008153580129146576
2024-02-14 10:38:34 | TRACE   | query_time, 0.0007757078856229782
2024-02-14 10:38:34 | TRACE   | query_time, 0.0008063707500696182
