2024-02-14 10:42:32 | DEBUG   | {'input': PosixPath('data/open_data_usa/indices/microbenchmarks/rebinning-k1000.zst'), 'input_type': 'index', 'queries': PosixPath('data/open_data_usa/queries/microbenchmarks.zst'), 'estimation_mode': None, 'index_mode': 'recall', 'output': None, 'workers': None, 'frequency_hists': False, 'suppress_results': True, 'log_level': 'INFO', 'log_file': PosixPath('logs/microbenchmarks/runtime/open_data_usa-rebinning-k1000-single_suppressed-3.log')}
2024-02-14 10:42:32 | DEBUG   | Loading input data from data/open_data_usa/indices/microbenchmarks/rebinning-k1000.zst
2024-02-14 10:42:32 | DEBUG   | Loading queries from data/open_data_usa/queries/microbenchmarks.zst
2024-02-14 10:42:32 | TRACE   | bootstrap_time, 0.11794291669502854
2024-02-14 10:42:32 | DEBUG   | Starting execution
2024-02-14 10:42:32 | TRACE   | query_time, 0.0015522129833698273
2024-02-14 10:42:32 | TRACE   | query_time, 0.001137062907218933
2024-02-14 10:42:32 | TRACE   | query_time, 0.0011301049962639809
2024-02-14 10:42:32 | TRACE   | query_time, 0.0010853949934244156
2024-02-14 10:42:32 | TRACE   | query_time, 0.00103751290589571
2024-02-14 10:42:32 | TRACE   | query_time, 0.0010688751935958862
2024-02-14 10:42:32 | TRACE   | query_time, 0.0013184230774641037
2024-02-14 10:42:32 | TRACE   | query_time, 0.0011092000640928745
2024-02-14 10:42:32 | TRACE   | query_time, 0.0010335631668567657
2024-02-14 10:42:32 | TRACE   | query_time, 0.00117412768304348
2024-02-14 10:42:32 | TRACE   | query_time, 0.0010609598830342293
2024-02-14 10:42:32 | TRACE   | query_time, 0.001063783187419176
2024-02-14 10:42:32 | TRACE   | query_time, 0.0010858778841793537
2024-02-14 10:42:32 | TRACE   | query_time, 0.0011085919104516506
2024-02-14 10:42:32 | TRACE   | query_time, 0.0010630819015204906
2024-02-14 10:42:32 | TRACE   | query_time, 0.001040130853652954
2024-02-14 10:42:32 | TRACE   | query_time, 0.0010731769725680351
2024-02-14 10:42:32 | TRACE   | query_time, 0.0010611889883875847
2024-02-14 10:42:32 | TRACE   | query_time, 0.00107204494997859
2024-02-14 10:42:32 | TRACE   | query_time, 0.001122593879699707
2024-02-14 10:42:32 | TRACE   | query_time, 0.0012451470829546452
2024-02-14 10:42:32 | TRACE   | query_time, 0.0010661929845809937
2024-02-14 10:42:32 | TRACE   | query_time, 0.001120115164667368
2024-02-14 10:42:32 | TRACE   | query_time, 0.0010634209029376507
2024-02-14 10:42:32 | TRACE   | query_time, 0.0010354779660701752
2024-02-14 10:42:32 | TRACE   | query_time, 0.0011159377172589302
2024-02-14 10:42:32 | TRACE   | query_time, 0.0010717972181737423
2024-02-14 10:42:32 | TRACE   | query_time, 0.0011715162545442581
2024-02-14 10:42:32 | TRACE   | query_time, 0.001079603098332882
2024-02-14 10:42:32 | TRACE   | query_time, 0.0010634856298565865
2024-02-14 10:42:32 | TRACE   | query_time, 0.0012759119272232056
2024-02-14 10:42:32 | TRACE   | query_time, 0.0011127861216664314
2024-02-14 10:42:32 | TRACE   | query_time, 0.0011140871793031693
2024-02-14 10:42:32 | TRACE   | query_time, 0.0010787229984998703
2024-02-14 10:42:32 | TRACE   | query_time, 0.0011077350936830044
2024-02-14 10:42:32 | TRACE   | query_time, 0.001072085928171873
2024-02-14 10:42:32 | TRACE   | query_time, 0.0010329429060220718
2024-02-14 10:42:32 | TRACE   | query_time, 0.0012673158198595047
2024-02-14 10:42:32 | TRACE   | query_time, 0.0011168229393661022
2024-02-14 10:42:32 | TRACE   | query_time, 0.0012376499362289906
2024-02-14 10:42:32 | TRACE   | query_time, 0.0010636900551617146
2024-02-14 10:42:32 | TRACE   | query_time, 0.001264318823814392
2024-02-14 10:42:32 | TRACE   | query_time, 0.0011113821528851986
2024-02-14 10:42:32 | TRACE   | query_time, 0.0012351670302450657
2024-02-14 10:42:32 | TRACE   | query_time, 0.0011014733463525772
2024-02-14 10:42:32 | TRACE   | query_time, 0.0011110431514680386
2024-02-14 10:42:32 | TRACE   | query_time, 0.0011034542694687843
2024-02-14 10:42:32 | TRACE   | query_time, 0.0011619878932833672
2024-02-14 10:42:32 | TRACE   | query_time, 0.0010722950100898743
2024-02-14 10:42:32 | TRACE   | query_time, 0.0010592811740934849
2024-02-14 10:42:32 | TRACE   | query_time, 0.0013077016919851303
2024-02-14 10:42:32 | TRACE   | query_time, 0.0010969042778015137
2024-02-14 10:42:32 | TRACE   | query_time, 0.0012748860754072666
2024-02-14 10:42:32 | TRACE   | query_time, 0.0010585295967757702
2024-02-14 10:42:32 | TRACE   | query_time, 0.0010685981251299381
2024-02-14 10:42:32 | TRACE   | query_time, 0.0012362929992377758
2024-02-14 10:42:32 | TRACE   | query_time, 0.0010612942278385162
2024-02-14 10:42:32 | TRACE   | query_time, 0.0010271561332046986
2024-02-14 10:42:32 | TRACE   | query_time, 0.0011154231615364552
2024-02-14 10:42:32 | TRACE   | query_time, 0.001028772909194231
2024-02-14 10:42:32 | TRACE   | query_time, 0.0010596392676234245
2024-02-14 10:42:32 | TRACE   | query_time, 0.0010657990351319313
2024-02-14 10:42:32 | TRACE   | query_time, 0.0013043852522969246
2024-02-14 10:42:32 | TRACE   | query_time, 0.001059546135365963
2024-02-14 10:42:32 | TRACE   | query_time, 0.0010901382192969322
2024-02-14 10:42:32 | TRACE   | query_time, 0.0010535670444369316
2024-02-14 10:42:32 | TRACE   | query_time, 0.0010600928217172623
2024-02-14 10:42:32 | TRACE   | query_time, 0.001053989864885807
2024-02-14 10:42:32 | TRACE   | query_time, 0.0010402509942650795
2024-02-14 10:42:32 | TRACE   | query_time, 0.0010880776681005955
2024-02-14 10:42:32 | TRACE   | query_time, 0.0010626250877976418
2024-02-14 10:42:32 | TRACE   | query_time, 0.0010395962744951248
2024-02-14 10:42:32 | TRACE   | query_time, 0.0010607349686324596
2024-02-14 10:42:32 | TRACE   | query_time, 0.0011037779040634632
2024-02-14 10:42:32 | TRACE   | query_time, 0.0012537399306893349
2024-02-14 10:42:32 | TRACE   | query_time, 0.0011029969900846481
2024-02-14 10:42:32 | TRACE   | query_time, 0.001063413918018341
2024-02-14 10:42:32 | TRACE   | query_time, 0.0010992158204317093
2024-02-14 10:42:32 | TRACE   | query_time, 0.0010688938200473785
2024-02-14 10:42:32 | TRACE   | query_time, 0.001055730041116476
2024-02-14 10:42:32 | TRACE   | query_time, 0.001102255191653967
2024-02-14 10:42:32 | TRACE   | query_time, 0.0010808692313730717
2024-02-14 10:42:32 | TRACE   | query_time, 0.0010537002235651016
2024-02-14 10:42:32 | TRACE   | query_time, 0.0012601078487932682
2024-02-14 10:42:32 | TRACE   | query_time, 0.0010704156011343002
2024-02-14 10:42:32 | TRACE   | query_time, 0.001154602039605379
2024-02-14 10:42:32 | TRACE   | query_time, 0.0011017280630767345
2024-02-14 10:42:32 | TRACE   | query_time, 0.0010693459771573544
2024-02-14 10:42:32 | TRACE   | query_time, 0.0011128620244562626
2024-02-14 10:42:32 | TRACE   | query_time, 0.0010567987337708473
2024-02-14 10:42:32 | TRACE   | query_time, 0.0012673260644078255
2024-02-14 10:42:32 | TRACE   | query_time, 0.0010666321031749249
2024-02-14 10:42:32 | TRACE   | query_time, 0.0010603442788124084
2024-02-14 10:42:32 | TRACE   | query_time, 0.001103025395423174
2024-02-14 10:42:32 | TRACE   | query_time, 0.0010700239799916744
2024-02-14 10:42:32 | TRACE   | query_time, 0.0010637310333549976
2024-02-14 10:42:32 | TRACE   | query_time, 0.0010596220381557941
2024-02-14 10:42:32 | TRACE   | query_time, 0.001025304663926363
2024-02-14 10:42:32 | TRACE   | query_time, 0.0010709259659051895
2024-02-14 10:42:32 | TRACE   | query_time, 0.001026391051709652
2024-02-14 10:42:32 | TRACE   | query_time, 0.0012718243524432182
2024-02-14 10:42:32 | TRACE   | query_time, 0.0011736871674656868
2024-02-14 10:42:32 | TRACE   | query_time, 0.0011110617779195309
2024-02-14 10:42:32 | TRACE   | query_time, 0.001071664970368147
2024-02-14 10:42:32 | TRACE   | query_time, 0.0010667582973837852
2024-02-14 10:42:32 | TRACE   | query_time, 0.0010616853833198547
2024-02-14 10:42:32 | TRACE   | query_time, 0.001062242779880762
2024-02-14 10:42:32 | TRACE   | query_time, 0.0011015520431101322
2024-02-14 10:42:32 | TRACE   | query_time, 0.001045329961925745
2024-02-14 10:42:32 | TRACE   | query_time, 0.00106445187702775
2024-02-14 10:42:32 | TRACE   | query_time, 0.0010359948500990868
2024-02-14 10:42:32 | TRACE   | query_time, 0.0010725450702011585
2024-02-14 10:42:32 | TRACE   | query_time, 0.001269415020942688
2024-02-14 10:42:32 | TRACE   | query_time, 0.0010986542329192162
2024-02-14 10:42:32 | TRACE   | query_time, 0.0010719806887209415
2024-02-14 10:42:32 | TRACE   | query_time, 0.0012307786382734776
2024-02-14 10:42:32 | TRACE   | query_time, 0.0012576524168252945
2024-02-14 10:42:32 | TRACE   | query_time, 0.001033599954098463
2024-02-14 10:42:32 | TRACE   | query_time, 0.0011052056215703487
2024-02-14 10:42:32 | TRACE   | query_time, 0.0012686760164797306
2024-02-14 10:42:32 | TRACE   | query_time, 0.0010627475567162037
2024-02-14 10:42:32 | TRACE   | query_time, 0.001069599762558937
2024-02-14 10:42:32 | TRACE   | query_time, 0.0011691730469465256
2024-02-14 10:42:32 | TRACE   | query_time, 0.00109842699021101
2024-02-14 10:42:32 | TRACE   | query_time, 0.0011146781034767628
2024-02-14 10:42:33 | TRACE   | query_time, 0.0010729087516665459
2024-02-14 10:42:33 | TRACE   | query_time, 0.0010618488304316998
2024-02-14 10:42:33 | TRACE   | query_time, 0.0010377699509263039
2024-02-14 10:42:33 | TRACE   | query_time, 0.0010329079814255238
2024-02-14 10:42:33 | TRACE   | query_time, 0.0011574127711355686
2024-02-14 10:42:33 | TRACE   | query_time, 0.0011054757051169872
2024-02-14 10:42:33 | TRACE   | query_time, 0.0010661212727427483
2024-02-14 10:42:33 | TRACE   | query_time, 0.001036158762872219
2024-02-14 10:42:33 | TRACE   | query_time, 0.001088521908968687
2024-02-14 10:42:33 | TRACE   | query_time, 0.0011108140461146832
2024-02-14 10:42:33 | TRACE   | query_time, 0.0012653577141463757
2024-02-14 10:42:33 | TRACE   | query_time, 0.0010626418516039848
2024-02-14 10:42:33 | TRACE   | query_time, 0.001112817320972681
2024-02-14 10:42:33 | TRACE   | query_time, 0.0011173649691045284
2024-02-14 10:42:33 | TRACE   | query_time, 0.0012333737686276436
2024-02-14 10:42:33 | TRACE   | query_time, 0.001070766244083643
2024-02-14 10:42:33 | TRACE   | query_time, 0.0010314499959349632
2024-02-14 10:42:33 | TRACE   | query_time, 0.0011065052822232246
2024-02-14 10:42:33 | TRACE   | query_time, 0.001062094233930111
2024-02-14 10:42:33 | TRACE   | query_time, 0.0012656431645154953
2024-02-14 10:42:33 | TRACE   | query_time, 0.0011066817678511143
2024-02-14 10:42:33 | TRACE   | query_time, 0.0012725130654871464
2024-02-14 10:42:33 | TRACE   | query_time, 0.0010694051161408424
2024-02-14 10:42:33 | TRACE   | query_time, 0.0010624011047184467
2024-02-14 10:42:33 | TRACE   | query_time, 0.0010275756940245628
2024-02-14 10:42:33 | TRACE   | query_time, 0.0012739179655909538
2024-02-14 10:42:33 | TRACE   | query_time, 0.001298320945352316
2024-02-14 10:42:33 | TRACE   | query_time, 0.0010751723311841488
2024-02-14 10:42:33 | TRACE   | query_time, 0.0011106403544545174
2024-02-14 10:42:33 | TRACE   | query_time, 0.00105997733771801
2024-02-14 10:42:33 | TRACE   | query_time, 0.0011035250499844551
2024-02-14 10:42:33 | TRACE   | query_time, 0.0010624639689922333
2024-02-14 10:42:33 | TRACE   | query_time, 0.00124331284314394
2024-02-14 10:42:33 | TRACE   | query_time, 0.001105966977775097
2024-02-14 10:42:33 | TRACE   | query_time, 0.0010609179735183716
2024-02-14 10:42:33 | TRACE   | query_time, 0.0010366179049015045
2024-02-14 10:42:33 | TRACE   | query_time, 0.0012569446116685867
2024-02-14 10:42:33 | TRACE   | query_time, 0.0011020079255104065
2024-02-14 10:42:33 | TRACE   | query_time, 0.0013069557026028633
2024-02-14 10:42:33 | TRACE   | query_time, 0.0010607130825519562
2024-02-14 10:42:33 | TRACE   | query_time, 0.0011557890102267265
2024-02-14 10:42:33 | TRACE   | query_time, 0.0011137980036437511
2024-02-14 10:42:33 | TRACE   | query_time, 0.001055816188454628
2024-02-14 10:42:33 | TRACE   | query_time, 0.0010608271695673466
2024-02-14 10:42:33 | TRACE   | query_time, 0.0012696357443928719
2024-02-14 10:42:33 | TRACE   | query_time, 0.0010637850500643253
2024-02-14 10:42:33 | TRACE   | query_time, 0.0011011213064193726
2024-02-14 10:42:33 | TRACE   | query_time, 0.0010311868973076344
2024-02-14 10:42:33 | TRACE   | query_time, 0.0011684242635965347
2024-02-14 10:42:33 | TRACE   | query_time, 0.0011086268350481987
2024-02-14 10:42:33 | TRACE   | query_time, 0.0010316171683371067
2024-02-14 10:42:33 | TRACE   | query_time, 0.0010853740386664867
2024-02-14 10:42:33 | TRACE   | query_time, 0.0010902290232479572
2024-02-14 10:42:33 | TRACE   | query_time, 0.0010618246160447598
2024-02-14 10:42:33 | TRACE   | query_time, 0.0011039599776268005
2024-02-14 10:42:33 | TRACE   | query_time, 0.0011016102507710457
2024-02-14 10:42:33 | TRACE   | query_time, 0.001053531188517809
2024-02-14 10:42:33 | TRACE   | query_time, 0.0012363418936729431
2024-02-14 10:42:33 | TRACE   | query_time, 0.00106805469840765
2024-02-14 10:42:33 | TRACE   | query_time, 0.0010310993529856205
2024-02-14 10:42:33 | TRACE   | query_time, 0.0010589570738375187
2024-02-14 10:42:33 | TRACE   | query_time, 0.0012646657414734364
2024-02-14 10:42:33 | TRACE   | query_time, 0.00105631398037076
2024-02-14 10:42:33 | TRACE   | query_time, 0.001101495698094368
2024-02-14 10:42:33 | TRACE   | query_time, 0.0011103996075689793
2024-02-14 10:42:33 | TRACE   | query_time, 0.0012712329626083374
2024-02-14 10:42:33 | TRACE   | query_time, 0.0010595410130918026
2024-02-14 10:42:33 | TRACE   | query_time, 0.00105620501562953
2024-02-14 10:42:33 | TRACE   | query_time, 0.001036632340401411
2024-02-14 10:42:33 | TRACE   | query_time, 0.0010619089007377625
2024-02-14 10:42:33 | TRACE   | query_time, 0.0012988680973649025
2024-02-14 10:42:33 | TRACE   | query_time, 0.0010393019765615463
2024-02-14 10:42:33 | TRACE   | query_time, 0.0011013499461114407
2024-02-14 10:42:33 | TRACE   | query_time, 0.0010316921398043633
2024-02-14 10:42:33 | TRACE   | query_time, 0.0010651936754584312
2024-02-14 10:42:33 | TRACE   | query_time, 0.0010633408091962337
2024-02-14 10:42:33 | TRACE   | query_time, 0.0012336946092545986
2024-02-14 10:42:33 | TRACE   | query_time, 0.0011029429733753204
2024-02-14 10:42:33 | TRACE   | query_time, 0.0011000069789588451
2024-02-14 10:42:33 | TRACE   | query_time, 0.0010617263615131378
2024-02-14 10:42:33 | TRACE   | query_time, 0.0012645521201193333
2024-02-14 10:42:33 | TRACE   | query_time, 0.0011161011643707752
2024-02-14 10:42:33 | TRACE   | query_time, 0.0012293090112507343
2024-02-14 10:42:33 | TRACE   | query_time, 0.0010345438495278358
2024-02-14 10:42:33 | TRACE   | query_time, 0.0011058440431952477
2024-02-14 10:42:33 | TRACE   | query_time, 0.0012720399536192417
2024-02-14 10:42:33 | TRACE   | query_time, 0.0011572428047657013
2024-02-14 10:42:33 | TRACE   | query_time, 0.0011137379333376884
2024-02-14 10:42:33 | TRACE   | query_time, 0.0010722428560256958
2024-02-14 10:42:33 | TRACE   | query_time, 0.0010316511616110802
2024-02-14 10:42:33 | TRACE   | query_time, 0.0010616360232234001
2024-02-14 10:42:33 | TRACE   | query_time, 0.0013079489581286907
2024-02-14 10:42:33 | TRACE   | query_time, 0.0010994100011885166
2024-02-14 10:42:33 | TRACE   | query_time, 0.00115969218313694
2024-02-14 10:42:33 | TRACE   | query_time, 0.0010640481486916542
2024-02-14 10:42:33 | TRACE   | query_time, 0.0010292422957718372
2024-02-14 10:42:33 | TRACE   | query_time, 0.001069122925400734
2024-02-14 10:42:33 | TRACE   | query_time, 0.001113644801080227
2024-02-14 10:42:33 | TRACE   | query_time, 0.0010262252762913704
2024-02-14 10:42:33 | TRACE   | query_time, 0.0012663551606237888
2024-02-14 10:42:33 | TRACE   | query_time, 0.0010686470195651054
2024-02-14 10:42:33 | TRACE   | query_time, 0.0011026281863451004
2024-02-14 10:42:33 | TRACE   | query_time, 0.0010984311811625957
2024-02-14 10:42:33 | TRACE   | query_time, 0.0011023241095244884
2024-02-14 10:42:33 | TRACE   | query_time, 0.0010595419444143772
2024-02-14 10:42:33 | TRACE   | query_time, 0.0012358720414340496
2024-02-14 10:42:33 | TRACE   | query_time, 0.0010583489201962948
2024-02-14 10:42:33 | TRACE   | query_time, 0.0012492090463638306
2024-02-14 10:42:33 | TRACE   | query_time, 0.0010589351877570152
2024-02-14 10:42:33 | TRACE   | query_time, 0.001275335904210806
2024-02-14 10:42:33 | TRACE   | query_time, 0.0010654451325535774
2024-02-14 10:42:33 | TRACE   | query_time, 0.0010370160453021526
2024-02-14 10:42:33 | TRACE   | query_time, 0.001077092718333006
2024-02-14 10:42:33 | TRACE   | query_time, 0.0010893959552049637
2024-02-14 10:42:33 | TRACE   | query_time, 0.0011200159788131714
2024-02-14 10:42:33 | TRACE   | query_time, 0.0010886411182582378
2024-02-14 10:42:33 | TRACE   | query_time, 0.001103981863707304
2024-02-14 10:42:33 | TRACE   | query_time, 0.00107206916436553
2024-02-14 10:42:33 | TRACE   | query_time, 0.0010597510263323784
2024-02-14 10:42:33 | TRACE   | query_time, 0.001272351946681738
2024-02-14 10:42:33 | TRACE   | query_time, 0.0010672686621546745
2024-02-14 10:42:33 | TRACE   | query_time, 0.001102639827877283
2024-02-14 10:42:33 | TRACE   | query_time, 0.0010608802549540997
2024-02-14 10:42:33 | TRACE   | query_time, 0.0010677389800548553
2024-02-14 10:42:33 | TRACE   | query_time, 0.0010534231550991535
2024-02-14 10:42:33 | TRACE   | query_time, 0.0010345368646085262
2024-02-14 10:42:33 | TRACE   | query_time, 0.0010628653690218925
2024-02-14 10:42:33 | TRACE   | query_time, 0.0010422631166875362
2024-02-14 10:42:33 | TRACE   | query_time, 0.0010574390180408955
2024-02-14 10:42:33 | TRACE   | query_time, 0.0011001499369740486
2024-02-14 10:42:33 | TRACE   | query_time, 0.0012782663106918335
2024-02-14 10:42:33 | TRACE   | query_time, 0.0010577267967164516
2024-02-14 10:42:33 | TRACE   | query_time, 0.0010595889762043953
2024-02-14 10:42:33 | TRACE   | query_time, 0.0011065257713198662
2024-02-14 10:42:33 | TRACE   | query_time, 0.0010593058541417122
2024-02-14 10:42:33 | TRACE   | query_time, 0.0012616338208317757
2024-02-14 10:42:33 | TRACE   | query_time, 0.0011002039536833763
2024-02-14 10:42:33 | TRACE   | query_time, 0.0011714501306414604
2024-02-14 10:42:33 | TRACE   | query_time, 0.0010582911781966686
2024-02-14 10:42:33 | TRACE   | query_time, 0.0010863100178539753
2024-02-14 10:42:33 | TRACE   | query_time, 0.0011045299470424652
2024-02-14 10:42:33 | TRACE   | query_time, 0.001272423192858696
2024-02-14 10:42:33 | TRACE   | query_time, 0.001234580297023058
2024-02-14 10:42:33 | TRACE   | query_time, 0.00112086720764637
2024-02-14 10:42:33 | TRACE   | query_time, 0.001061377115547657
2024-02-14 10:42:33 | TRACE   | query_time, 0.0010635661892592907
2024-02-14 10:42:33 | TRACE   | query_time, 0.0012756758369505405
2024-02-14 10:42:33 | TRACE   | query_time, 0.0011049420572817326
2024-02-14 10:42:33 | TRACE   | query_time, 0.0012342650443315506
2024-02-14 10:42:33 | TRACE   | query_time, 0.0011139782145619392
2024-02-14 10:42:33 | TRACE   | query_time, 0.0012553930282592773
2024-02-14 10:42:33 | TRACE   | query_time, 0.001058048103004694
2024-02-14 10:42:33 | TRACE   | query_time, 0.001308445818722248
2024-02-14 10:42:33 | TRACE   | query_time, 0.0010586278513073921
2024-02-14 10:42:33 | TRACE   | query_time, 0.0011594290845096111
2024-02-14 10:42:33 | TRACE   | query_time, 0.001074617262929678
2024-02-14 10:42:33 | TRACE   | query_time, 0.001064280979335308
2024-02-14 10:42:33 | TRACE   | query_time, 0.0010553807951509953
2024-02-14 10:42:33 | TRACE   | query_time, 0.0011010491289198399
2024-02-14 10:42:33 | TRACE   | query_time, 0.0011706198565661907
2024-02-14 10:42:33 | TRACE   | query_time, 0.0010564611293375492
2024-02-14 10:42:33 | TRACE   | query_time, 0.0011084969155490398
2024-02-14 10:42:33 | TRACE   | query_time, 0.0010629878379404545
2024-02-14 10:42:33 | TRACE   | query_time, 0.001032165251672268
2024-02-14 10:42:33 | TRACE   | query_time, 0.0010590632446110249
2024-02-14 10:42:33 | TRACE   | query_time, 0.0010591158643364906
2024-02-14 10:42:33 | TRACE   | query_time, 0.001069424208253622
2024-02-14 10:42:33 | TRACE   | query_time, 0.0011012572795152664
2024-02-14 10:42:33 | TRACE   | query_time, 0.0011024149134755135
2024-02-14 10:42:33 | TRACE   | query_time, 0.001069944817572832
2024-02-14 10:42:33 | TRACE   | query_time, 0.0012322710826992989
2024-02-14 10:42:33 | TRACE   | query_time, 0.0012373249046504498
2024-02-14 10:42:33 | TRACE   | query_time, 0.0010374132543802261
2024-02-14 10:42:33 | TRACE   | query_time, 0.001104264985769987
2024-02-14 10:42:33 | TRACE   | query_time, 0.0011015022173523903
2024-02-14 10:42:33 | TRACE   | query_time, 0.0010573151521384716
2024-02-14 10:42:33 | TRACE   | query_time, 0.0010674269869923592
2024-02-14 10:42:33 | TRACE   | query_time, 0.001106619369238615
2024-02-14 10:42:33 | TRACE   | query_time, 0.0012630289420485497
2024-02-14 10:42:33 | TRACE   | query_time, 0.0011147130280733109
2024-02-14 10:42:33 | TRACE   | query_time, 0.001062310766428709
2024-02-14 10:42:33 | TRACE   | query_time, 0.001035724300891161
2024-02-14 10:42:33 | TRACE   | query_time, 0.0012408122420310974
2024-02-14 10:42:33 | TRACE   | query_time, 0.0010602958500385284
2024-02-14 10:42:33 | TRACE   | query_time, 0.0012321602553129196
2024-02-14 10:42:33 | TRACE   | query_time, 0.0010642213746905327
2024-02-14 10:42:33 | TRACE   | query_time, 0.0010630623437464237
2024-02-14 10:42:33 | TRACE   | query_time, 0.00110579002648592
2024-02-14 10:42:33 | TRACE   | query_time, 0.0012514851987361908
2024-02-14 10:42:33 | TRACE   | query_time, 0.0010420768521726131
2024-02-14 10:42:33 | TRACE   | query_time, 0.0011028149165213108
2024-02-14 10:42:33 | TRACE   | query_time, 0.0012722639366984367
2024-02-14 10:42:33 | TRACE   | query_time, 0.0010688118636608124
2024-02-14 10:42:33 | TRACE   | query_time, 0.0012948536314070225
2024-02-14 10:42:33 | TRACE   | query_time, 0.001055425964295864
2024-02-14 10:42:33 | TRACE   | query_time, 0.0011120978742837906
2024-02-14 10:42:33 | TRACE   | query_time, 0.0010757530108094215
2024-02-14 10:42:33 | TRACE   | query_time, 0.001063409261405468
2024-02-14 10:42:33 | TRACE   | query_time, 0.0012663472443819046
2024-02-14 10:42:33 | TRACE   | query_time, 0.0010599633678793907
2024-02-14 10:42:33 | TRACE   | query_time, 0.0010279291309416294
2024-02-14 10:42:33 | TRACE   | query_time, 0.0011623441241681576
2024-02-14 10:42:33 | TRACE   | query_time, 0.0010812426917254925
2024-02-14 10:42:33 | TRACE   | query_time, 0.0010621771216392517
2024-02-14 10:42:33 | TRACE   | query_time, 0.0010614357888698578
2024-02-14 10:42:33 | TRACE   | query_time, 0.0012464169412851334
2024-02-14 10:42:33 | TRACE   | query_time, 0.0010999059304594994
2024-02-14 10:42:33 | TRACE   | query_time, 0.0010632448829710484
2024-02-14 10:42:33 | TRACE   | query_time, 0.006539231166243553
2024-02-14 10:42:33 | TRACE   | query_time, 0.007146347779780626
2024-02-14 10:42:33 | TRACE   | query_time, 0.006301139947026968
2024-02-14 10:42:33 | TRACE   | query_time, 0.006139087025076151
2024-02-14 10:42:33 | TRACE   | query_time, 0.006574034225195646
2024-02-14 10:42:33 | TRACE   | query_time, 0.006106109824031591
2024-02-14 10:42:33 | TRACE   | query_time, 0.006084906868636608
2024-02-14 10:42:33 | TRACE   | query_time, 0.006364983040839434
2024-02-14 10:42:33 | TRACE   | query_time, 0.005964726209640503
2024-02-14 10:42:33 | TRACE   | query_time, 0.0060320571064949036
2024-02-14 10:42:33 | TRACE   | query_time, 0.006333108991384506
2024-02-14 10:42:33 | TRACE   | query_time, 0.006079566664993763
2024-02-14 10:42:33 | TRACE   | query_time, 0.006405811756849289
2024-02-14 10:42:33 | TRACE   | query_time, 0.006013784091919661
2024-02-14 10:42:33 | TRACE   | query_time, 0.005999601911753416
2024-02-14 10:42:33 | TRACE   | query_time, 0.006226824130862951
2024-02-14 10:42:33 | TRACE   | query_time, 0.0065195136703550816
2024-02-14 10:42:33 | TRACE   | query_time, 0.006069052964448929
2024-02-14 10:42:33 | TRACE   | query_time, 0.0059952870942652225
2024-02-14 10:42:33 | TRACE   | query_time, 0.005982579197734594
2024-02-14 10:42:33 | TRACE   | query_time, 0.005810905713587999
2024-02-14 10:42:33 | TRACE   | query_time, 0.006309844087809324
2024-02-14 10:42:33 | TRACE   | query_time, 0.005740704946219921
2024-02-14 10:42:33 | TRACE   | query_time, 0.005959233269095421
2024-02-14 10:42:33 | TRACE   | query_time, 0.006286492105573416
2024-02-14 10:42:33 | TRACE   | query_time, 0.006290139630436897
2024-02-14 10:42:33 | TRACE   | query_time, 0.006359804887324572
2024-02-14 10:42:33 | TRACE   | query_time, 0.00644374405965209
2024-02-14 10:42:33 | TRACE   | query_time, 0.006213760934770107
2024-02-14 10:42:33 | TRACE   | query_time, 0.00580332987010479
2024-02-14 10:42:33 | TRACE   | query_time, 0.005675847642123699
2024-02-14 10:42:33 | TRACE   | query_time, 0.006083664949983358
2024-02-14 10:42:33 | TRACE   | query_time, 0.005791173782199621
2024-02-14 10:42:33 | TRACE   | query_time, 0.006530102342367172
2024-02-14 10:42:33 | TRACE   | query_time, 0.005958822090178728
2024-02-14 10:42:33 | TRACE   | query_time, 0.005758842919021845
2024-02-14 10:42:33 | TRACE   | query_time, 0.00598409166559577
2024-02-14 10:42:33 | TRACE   | query_time, 0.006340039893984795
2024-02-14 10:42:33 | TRACE   | query_time, 0.006234921980649233
2024-02-14 10:42:33 | TRACE   | query_time, 0.005912648979574442
2024-02-14 10:42:33 | TRACE   | query_time, 0.005995505023747683
2024-02-14 10:42:33 | TRACE   | query_time, 0.005834436975419521
2024-02-14 10:42:33 | TRACE   | query_time, 0.0061237383633852005
2024-02-14 10:42:33 | TRACE   | query_time, 0.006076396908611059
2024-02-14 10:42:33 | TRACE   | query_time, 0.006277197040617466
2024-02-14 10:42:33 | TRACE   | query_time, 0.006050409283488989
2024-02-14 10:42:33 | TRACE   | query_time, 0.005969317629933357
2024-02-14 10:42:33 | TRACE   | query_time, 0.006238427013158798
2024-02-14 10:42:33 | TRACE   | query_time, 0.00601941766217351
2024-02-14 10:42:33 | TRACE   | query_time, 0.006105816923081875
2024-02-14 10:42:33 | TRACE   | query_time, 0.0059836748987436295
2024-02-14 10:42:33 | TRACE   | query_time, 0.00626886822283268
2024-02-14 10:42:33 | TRACE   | query_time, 0.0062355948612093925
2024-02-14 10:42:33 | TRACE   | query_time, 0.006566670723259449
2024-02-14 10:42:33 | TRACE   | query_time, 0.0060904864221811295
2024-02-14 10:42:33 | TRACE   | query_time, 0.0057284040376544
2024-02-14 10:42:33 | TRACE   | query_time, 0.0060165682807564735
2024-02-14 10:42:33 | TRACE   | query_time, 0.0063822888769209385
2024-02-14 10:42:33 | TRACE   | query_time, 0.005971807055175304
2024-02-14 10:42:33 | TRACE   | query_time, 0.0063145579770207405
2024-02-14 10:42:33 | TRACE   | query_time, 0.006005674134939909
2024-02-14 10:42:33 | TRACE   | query_time, 0.006441824603825808
2024-02-14 10:42:33 | TRACE   | query_time, 0.006930327974259853
2024-02-14 10:42:33 | TRACE   | query_time, 0.00639154901728034
2024-02-14 10:42:33 | TRACE   | query_time, 0.007034169975668192
2024-02-14 10:42:33 | TRACE   | query_time, 0.007165309973061085
2024-02-14 10:42:33 | TRACE   | query_time, 0.006546217016875744
2024-02-14 10:42:33 | TRACE   | query_time, 0.005682677961885929
2024-02-14 10:42:33 | TRACE   | query_time, 0.006108991801738739
2024-02-14 10:42:33 | TRACE   | query_time, 0.006107823923230171
2024-02-14 10:42:33 | TRACE   | query_time, 0.006280769128352404
2024-02-14 10:42:33 | TRACE   | query_time, 0.005947296041995287
2024-02-14 10:42:33 | TRACE   | query_time, 0.005987212993204594
2024-02-14 10:42:33 | TRACE   | query_time, 0.006040045991539955
2024-02-14 10:42:33 | TRACE   | query_time, 0.006214270833879709
2024-02-14 10:42:33 | TRACE   | query_time, 0.0061202337965369225
2024-02-14 10:42:33 | TRACE   | query_time, 0.006103633902966976
2024-02-14 10:42:33 | TRACE   | query_time, 0.006154063157737255
2024-02-14 10:42:33 | TRACE   | query_time, 0.005957944318652153
2024-02-14 10:42:33 | TRACE   | query_time, 0.006016327068209648
2024-02-14 10:42:33 | TRACE   | query_time, 0.006033505313098431
2024-02-14 10:42:33 | TRACE   | query_time, 0.00648231478407979
2024-02-14 10:42:33 | TRACE   | query_time, 0.007000786252319813
2024-02-14 10:42:33 | TRACE   | query_time, 0.006409073248505592
2024-02-14 10:42:33 | TRACE   | query_time, 0.0064751142635941505
2024-02-14 10:42:33 | TRACE   | query_time, 0.00573246693238616
2024-02-14 10:42:33 | TRACE   | query_time, 0.006050409283488989
2024-02-14 10:42:33 | TRACE   | query_time, 0.005970447789877653
2024-02-14 10:42:33 | TRACE   | query_time, 0.005803981795907021
2024-02-14 10:42:33 | TRACE   | query_time, 0.005720866844058037
2024-02-14 10:42:33 | TRACE   | query_time, 0.0059112077578902245
2024-02-14 10:42:33 | TRACE   | query_time, 0.0063581308349967
2024-02-14 10:42:33 | TRACE   | query_time, 0.006323161069303751
2024-02-14 10:42:33 | TRACE   | query_time, 0.0064742532558739185
2024-02-14 10:42:33 | TRACE   | query_time, 0.00704676890745759
2024-02-14 10:42:33 | TRACE   | query_time, 0.005897960159927607
2024-02-14 10:42:33 | TRACE   | query_time, 0.0069943200796842575
2024-02-14 10:42:33 | TRACE   | query_time, 0.006544114090502262
2024-02-14 10:42:33 | TRACE   | query_time, 0.005734606180340052
2024-02-14 10:42:33 | TRACE   | query_time, 0.0056751808151602745
2024-02-14 10:42:33 | TRACE   | query_time, 0.006043136119842529
2024-02-14 10:42:33 | TRACE   | query_time, 0.0057966141030192375
2024-02-14 10:42:33 | TRACE   | query_time, 0.005756197962909937
2024-02-14 10:42:33 | TRACE   | query_time, 0.0060816360637545586
2024-02-14 10:42:33 | TRACE   | query_time, 0.006285266950726509
2024-02-14 10:42:33 | TRACE   | query_time, 0.005733165889978409
2024-02-14 10:42:33 | TRACE   | query_time, 0.005947640165686607
2024-02-14 10:42:33 | TRACE   | query_time, 0.005975248757749796
2024-02-14 10:42:33 | TRACE   | query_time, 0.0059678200632333755
2024-02-14 10:42:33 | TRACE   | query_time, 0.006329027935862541
2024-02-14 10:42:33 | TRACE   | query_time, 0.006014272104948759
2024-02-14 10:42:33 | TRACE   | query_time, 0.007054520770907402
2024-02-14 10:42:33 | TRACE   | query_time, 0.007031925022602081
2024-02-14 10:42:33 | TRACE   | query_time, 0.006270719226449728
2024-02-14 10:42:33 | TRACE   | query_time, 0.006024878937751055
2024-02-14 10:42:33 | TRACE   | query_time, 0.0058822110295295715
2024-02-14 10:42:33 | TRACE   | query_time, 0.00594073161482811
2024-02-14 10:42:33 | TRACE   | query_time, 0.006102493964135647
2024-02-14 10:42:34 | TRACE   | query_time, 0.005703220143914223
2024-02-14 10:42:34 | TRACE   | query_time, 0.005817987024784088
2024-02-14 10:42:34 | TRACE   | query_time, 0.006233067251741886
2024-02-14 10:42:34 | TRACE   | query_time, 0.006909275893121958
2024-02-14 10:42:34 | TRACE   | query_time, 0.005936185363680124
2024-02-14 10:42:34 | TRACE   | query_time, 0.0063562472350895405
2024-02-14 10:42:34 | TRACE   | query_time, 0.006123763974756002
2024-02-14 10:42:34 | TRACE   | query_time, 0.0063788266852498055
2024-02-14 10:42:34 | TRACE   | query_time, 0.006454057991504669
2024-02-14 10:42:34 | TRACE   | query_time, 0.006697189994156361
2024-02-14 10:42:34 | TRACE   | query_time, 0.006407951004803181
2024-02-14 10:42:34 | TRACE   | query_time, 0.006652515381574631
2024-02-14 10:42:34 | TRACE   | query_time, 0.006410605739802122
2024-02-14 10:42:34 | TRACE   | query_time, 0.006862638983875513
2024-02-14 10:42:34 | TRACE   | query_time, 0.006861064117401838
2024-02-14 10:42:34 | TRACE   | query_time, 0.007021160796284676
2024-02-14 10:42:34 | TRACE   | query_time, 0.007440031971782446
2024-02-14 10:42:34 | TRACE   | query_time, 0.006939161103218794
2024-02-14 10:42:34 | TRACE   | query_time, 0.00648881122469902
2024-02-14 10:42:34 | TRACE   | query_time, 0.0066441986709833145
2024-02-14 10:42:34 | TRACE   | query_time, 0.006402133964002132
2024-02-14 10:42:34 | TRACE   | query_time, 0.0065168822184205055
2024-02-14 10:42:34 | TRACE   | query_time, 0.0068974304012954235
2024-02-14 10:42:34 | TRACE   | query_time, 0.006661290302872658
2024-02-14 10:42:34 | TRACE   | query_time, 0.0067698596976697445
2024-02-14 10:42:34 | TRACE   | query_time, 0.0066376239992678165
2024-02-14 10:42:34 | TRACE   | query_time, 0.006574121303856373
2024-02-14 10:42:34 | TRACE   | query_time, 0.006423555314540863
2024-02-14 10:42:34 | TRACE   | query_time, 0.006501192692667246
2024-02-14 10:42:34 | TRACE   | query_time, 0.006591720040887594
2024-02-14 10:42:34 | TRACE   | query_time, 0.006795570719987154
2024-02-14 10:42:34 | TRACE   | query_time, 0.007403932977467775
2024-02-14 10:42:34 | TRACE   | query_time, 0.007467546965926886
2024-02-14 10:42:34 | TRACE   | query_time, 0.0070465002208948135
2024-02-14 10:42:34 | TRACE   | query_time, 0.006421369966119528
2024-02-14 10:42:34 | TRACE   | query_time, 0.0064349789172410965
2024-02-14 10:42:34 | TRACE   | query_time, 0.006575219798833132
2024-02-14 10:42:34 | TRACE   | query_time, 0.00685615511611104
2024-02-14 10:42:34 | TRACE   | query_time, 0.006902674213051796
2024-02-14 10:42:34 | TRACE   | query_time, 0.007409204263240099
2024-02-14 10:42:34 | TRACE   | query_time, 0.006944858003407717
2024-02-14 10:42:34 | TRACE   | query_time, 0.007439495995640755
2024-02-14 10:42:34 | TRACE   | query_time, 0.006745492108166218
2024-02-14 10:42:34 | TRACE   | query_time, 0.006810014136135578
2024-02-14 10:42:34 | TRACE   | query_time, 0.0066570257768034935
2024-02-14 10:42:34 | TRACE   | query_time, 0.006618802901357412
2024-02-14 10:42:34 | TRACE   | query_time, 0.006499217823147774
2024-02-14 10:42:34 | TRACE   | query_time, 0.00675608916208148
2024-02-14 10:42:34 | TRACE   | query_time, 0.006847990211099386
2024-02-14 10:42:34 | TRACE   | query_time, 0.006815850734710693
2024-02-14 10:42:34 | TRACE   | query_time, 0.006607674993574619
2024-02-14 10:42:34 | TRACE   | query_time, 0.007442893926054239
2024-02-14 10:42:34 | TRACE   | query_time, 0.006664365995675325
2024-02-14 10:42:34 | TRACE   | query_time, 0.006632569245994091
2024-02-14 10:42:34 | TRACE   | query_time, 0.006434665061533451
2024-02-14 10:42:34 | TRACE   | query_time, 0.007036658003926277
2024-02-14 10:42:34 | TRACE   | query_time, 0.006408155430108309
2024-02-14 10:42:34 | TRACE   | query_time, 0.006635160185396671
2024-02-14 10:42:34 | TRACE   | query_time, 0.006406238302588463
2024-02-14 10:42:34 | TRACE   | query_time, 0.006587262265384197
2024-02-14 10:42:34 | TRACE   | query_time, 0.007427546661347151
2024-02-14 10:42:34 | TRACE   | query_time, 0.007038825191557407
2024-02-14 10:42:34 | TRACE   | query_time, 0.006657988298684359
2024-02-14 10:42:34 | TRACE   | query_time, 0.006512107327580452
2024-02-14 10:42:34 | TRACE   | query_time, 0.006689373403787613
2024-02-14 10:42:34 | TRACE   | query_time, 0.006962945219129324
2024-02-14 10:42:34 | TRACE   | query_time, 0.006564752198755741
2024-02-14 10:42:34 | TRACE   | query_time, 0.0068397666327655315
2024-02-14 10:42:34 | TRACE   | query_time, 0.006623637862503529
2024-02-14 10:42:34 | TRACE   | query_time, 0.006988330278545618
2024-02-14 10:42:34 | TRACE   | query_time, 0.007047024089843035
2024-02-14 10:42:34 | TRACE   | query_time, 0.00666829664260149
2024-02-14 10:42:34 | TRACE   | query_time, 0.006650532130151987
2024-02-14 10:42:34 | TRACE   | query_time, 0.006378845777362585
2024-02-14 10:42:34 | TRACE   | query_time, 0.006653263233602047
2024-02-14 10:42:34 | TRACE   | query_time, 0.0064658308401703835
2024-02-14 10:42:34 | TRACE   | query_time, 0.0065995752811431885
2024-02-14 10:42:34 | TRACE   | query_time, 0.006657319609075785
2024-02-14 10:42:34 | TRACE   | query_time, 0.006820967886596918
2024-02-14 10:42:34 | TRACE   | query_time, 0.0068071940913796425
2024-02-14 10:42:34 | TRACE   | query_time, 0.006634211167693138
2024-02-14 10:42:34 | TRACE   | query_time, 0.00689322967082262
2024-02-14 10:42:34 | TRACE   | query_time, 0.007386601064354181
2024-02-14 10:42:34 | TRACE   | query_time, 0.006543564144521952
2024-02-14 10:42:34 | TRACE   | query_time, 0.006908711977303028
2024-02-14 10:42:34 | TRACE   | query_time, 0.007046524900943041
2024-02-14 10:42:34 | TRACE   | query_time, 0.00651165097951889
2024-02-14 10:42:34 | TRACE   | query_time, 0.00684699323028326
2024-02-14 10:42:34 | TRACE   | query_time, 0.00685076741501689
2024-02-14 10:42:34 | TRACE   | query_time, 0.006610076874494553
2024-02-14 10:42:34 | TRACE   | query_time, 0.0066207838244736195
2024-02-14 10:42:34 | TRACE   | query_time, 0.007476816885173321
2024-02-14 10:42:34 | TRACE   | query_time, 0.006510546430945396
2024-02-14 10:42:34 | TRACE   | query_time, 0.006789960898458958
2024-02-14 10:42:34 | TRACE   | query_time, 0.00789975980296731
2024-02-14 10:42:34 | TRACE   | query_time, 0.0068235499784350395
2024-02-14 10:42:34 | TRACE   | query_time, 0.007014299277216196
2024-02-14 10:42:34 | TRACE   | query_time, 0.0064552901312708855
2024-02-14 10:42:34 | TRACE   | query_time, 0.0063590011559426785
2024-02-14 10:42:34 | TRACE   | query_time, 0.006617771927267313
2024-02-14 10:42:34 | TRACE   | query_time, 0.007017714902758598
2024-02-14 10:42:34 | TRACE   | query_time, 0.007496563717722893
2024-02-14 10:42:34 | TRACE   | query_time, 0.007007537875324488
2024-02-14 10:42:34 | TRACE   | query_time, 0.0066790333949029446
2024-02-14 10:42:34 | TRACE   | query_time, 0.0067755719646811485
2024-02-14 10:42:34 | TRACE   | query_time, 0.006646211724728346
2024-02-14 10:42:34 | TRACE   | query_time, 0.006678473204374313
2024-02-14 10:42:34 | TRACE   | query_time, 0.007363304030150175
2024-02-14 10:42:34 | TRACE   | query_time, 0.008330487180501223
2024-02-14 10:42:34 | TRACE   | query_time, 0.006880735047161579
2024-02-14 10:42:34 | TRACE   | query_time, 0.007049837149679661
2024-02-14 10:42:34 | TRACE   | query_time, 0.006465368904173374
2024-02-14 10:42:34 | TRACE   | query_time, 0.006596661172807217
2024-02-14 10:42:34 | TRACE   | query_time, 0.006496912334114313
2024-02-14 10:42:34 | TRACE   | query_time, 0.006700668949633837
2024-02-14 10:42:34 | TRACE   | query_time, 0.0066646090708673
2024-02-14 10:42:34 | TRACE   | query_time, 0.006818912923336029
2024-02-14 10:42:34 | TRACE   | query_time, 0.006795895751565695
2024-02-14 10:42:34 | TRACE   | query_time, 0.006478330120444298
2024-02-14 10:42:34 | TRACE   | query_time, 0.006699038203805685
2024-02-14 10:42:34 | TRACE   | query_time, 0.006866332143545151
2024-02-14 10:42:34 | TRACE   | query_time, 0.006589103024452925
2024-02-14 10:42:34 | TRACE   | query_time, 0.006963418330997229
2024-02-14 10:42:34 | TRACE   | query_time, 0.00683758407831192
2024-02-14 10:42:34 | TRACE   | query_time, 0.006635064724832773
2024-02-14 10:42:34 | TRACE   | query_time, 0.006452350877225399
2024-02-14 10:42:34 | TRACE   | query_time, 0.006674253847450018
2024-02-14 10:42:34 | TRACE   | query_time, 0.006885570008307695
2024-02-14 10:42:34 | TRACE   | query_time, 0.006696633063256741
2024-02-14 10:42:34 | TRACE   | query_time, 0.006438986863940954
2024-02-14 10:42:34 | TRACE   | query_time, 0.006820107810199261
2024-02-14 10:42:34 | TRACE   | query_time, 0.006537961773574352
2024-02-14 10:42:34 | TRACE   | query_time, 0.006667182315140963
2024-02-14 10:42:34 | TRACE   | query_time, 0.006559831090271473
2024-02-14 10:42:34 | TRACE   | query_time, 0.006017343141138554
2024-02-14 10:42:34 | TRACE   | query_time, 0.004371817223727703
2024-02-14 10:42:34 | TRACE   | query_time, 0.004331461153924465
2024-02-14 10:42:34 | TRACE   | query_time, 0.004229336977005005
2024-02-14 10:42:34 | TRACE   | query_time, 0.0045571839436888695
2024-02-14 10:42:34 | TRACE   | query_time, 0.0043648360297083855
2024-02-14 10:42:34 | TRACE   | query_time, 0.0042099012061953545
2024-02-14 10:42:34 | TRACE   | query_time, 0.004374121315777302
2024-02-14 10:42:34 | TRACE   | query_time, 0.004419146105647087
2024-02-14 10:42:34 | TRACE   | query_time, 0.004273878876119852
2024-02-14 10:42:34 | TRACE   | query_time, 0.004387639928609133
2024-02-14 10:42:34 | TRACE   | query_time, 0.0047382996417582035
2024-02-14 10:42:34 | TRACE   | query_time, 0.004753560293465853
