2024-02-14 10:51:17 | DEBUG   | {'input': PosixPath('data/open_data_usa/indices/microbenchmarks/rebinning-b1000000.zst'), 'input_type': 'index', 'queries': PosixPath('data/open_data_usa/queries/microbenchmarks.zst'), 'estimation_mode': None, 'index_mode': 'recall', 'output': None, 'workers': None, 'frequency_hists': False, 'suppress_results': True, 'log_level': 'INFO', 'log_file': PosixPath('logs/microbenchmarks/runtime/open_data_usa-rebinning-b1000000-single_suppressed-3.log')}
2024-02-14 10:51:17 | DEBUG   | Loading input data from data/open_data_usa/indices/microbenchmarks/rebinning-b1000000.zst
2024-02-14 10:51:21 | DEBUG   | Loading queries from data/open_data_usa/queries/microbenchmarks.zst
2024-02-14 10:51:21 | TRACE   | bootstrap_time, 4.441500699147582
2024-02-14 10:51:21 | DEBUG   | Starting execution
2024-02-14 10:51:21 | TRACE   | query_time, 0.00033611245453357697
2024-02-14 10:51:21 | TRACE   | query_time, 0.00014379806816577911
2024-02-14 10:51:21 | TRACE   | query_time, 0.00013506971299648285
2024-02-14 10:51:21 | TRACE   | query_time, 0.00013530440628528595
2024-02-14 10:51:21 | TRACE   | query_time, 0.0001240503042936325
2024-02-14 10:51:21 | TRACE   | query_time, 0.00013206712901592255
2024-02-14 10:51:21 | TRACE   | query_time, 0.0001512877643108368
2024-02-14 10:51:21 | TRACE   | query_time, 0.00013299472630023956
2024-02-14 10:51:21 | TRACE   | query_time, 0.0001245010644197464
2024-02-14 10:51:21 | TRACE   | query_time, 0.00014108046889305115
2024-02-14 10:51:21 | TRACE   | query_time, 0.00013290345668792725
2024-02-14 10:51:21 | TRACE   | query_time, 0.0001394357532262802
2024-02-14 10:51:21 | TRACE   | query_time, 0.00013450905680656433
2024-02-14 10:51:21 | TRACE   | query_time, 0.0001312457025051117
2024-02-14 10:51:21 | TRACE   | query_time, 0.0001344531774520874
2024-02-14 10:51:21 | TRACE   | query_time, 0.00012477487325668335
2024-02-14 10:51:21 | TRACE   | query_time, 0.0001332499086856842
2024-02-14 10:51:21 | TRACE   | query_time, 0.000133562833070755
2024-02-14 10:51:21 | TRACE   | query_time, 0.0001331474632024765
2024-02-14 10:51:21 | TRACE   | query_time, 0.00013212673366069794
2024-02-14 10:51:21 | TRACE   | query_time, 0.00014385953545570374
2024-02-14 10:51:21 | TRACE   | query_time, 0.0001317393034696579
2024-02-14 10:51:21 | TRACE   | query_time, 0.0001324079930782318
2024-02-14 10:51:21 | TRACE   | query_time, 0.0001310836523771286
2024-02-14 10:51:21 | TRACE   | query_time, 0.0001223050057888031
2024-02-14 10:51:21 | TRACE   | query_time, 0.00013220123946666718
2024-02-14 10:51:21 | TRACE   | query_time, 0.00013102218508720398
2024-02-14 10:51:21 | TRACE   | query_time, 0.00014041736721992493
2024-02-14 10:51:21 | TRACE   | query_time, 0.00013233348727226257
2024-02-14 10:51:21 | TRACE   | query_time, 0.00012169592082500458
2024-02-14 10:51:21 | TRACE   | query_time, 0.00014438480138778687
2024-02-14 10:51:21 | TRACE   | query_time, 0.0001316368579864502
2024-02-14 10:51:21 | TRACE   | query_time, 0.0001393444836139679
2024-02-14 10:51:21 | TRACE   | query_time, 0.00013174302875995636
2024-02-14 10:51:21 | TRACE   | query_time, 0.0001309029757976532
2024-02-14 10:51:21 | TRACE   | query_time, 0.0001311860978603363
2024-02-14 10:51:21 | TRACE   | query_time, 0.00012242235243320465
2024-02-14 10:51:21 | TRACE   | query_time, 0.0001417640596628189
2024-02-14 10:51:21 | TRACE   | query_time, 0.00013402849435806274
2024-02-14 10:51:21 | TRACE   | query_time, 0.00014276430010795593
2024-02-14 10:51:21 | TRACE   | query_time, 0.00013179145753383636
2024-02-14 10:51:21 | TRACE   | query_time, 0.00014225207269191742
2024-02-14 10:51:21 | TRACE   | query_time, 0.00012997537851333618
2024-02-14 10:51:21 | TRACE   | query_time, 0.00014039687812328339
2024-02-14 10:51:21 | TRACE   | query_time, 0.00012962333858013153
2024-02-14 10:51:21 | TRACE   | query_time, 0.00013012252748012543
2024-02-14 10:51:21 | TRACE   | query_time, 0.00013060681521892548
2024-02-14 10:51:21 | TRACE   | query_time, 0.00014054402709007263
2024-02-14 10:51:21 | TRACE   | query_time, 0.00013125315308570862
2024-02-14 10:51:21 | TRACE   | query_time, 0.00013000331819057465
2024-02-14 10:51:21 | TRACE   | query_time, 0.00015139766037464142
2024-02-14 10:51:21 | TRACE   | query_time, 0.00013039074838161469
2024-02-14 10:51:21 | TRACE   | query_time, 0.00014080293476581573
2024-02-14 10:51:21 | TRACE   | query_time, 0.00013011321425437927
2024-02-14 10:51:21 | TRACE   | query_time, 0.0001308843493461609
2024-02-14 10:51:21 | TRACE   | query_time, 0.000141143798828125
2024-02-14 10:51:21 | TRACE   | query_time, 0.00013036467134952545
2024-02-14 10:51:21 | TRACE   | query_time, 0.00012118369340896606
2024-02-14 10:51:21 | TRACE   | query_time, 0.00012990087270736694
2024-02-14 10:51:21 | TRACE   | query_time, 0.00012136995792388916
2024-02-14 10:51:21 | TRACE   | query_time, 0.00013102218508720398
2024-02-14 10:51:21 | TRACE   | query_time, 0.00013028644025325775
2024-02-14 10:51:21 | TRACE   | query_time, 0.00015028007328510284
2024-02-14 10:51:21 | TRACE   | query_time, 0.00012932531535625458
2024-02-14 10:51:21 | TRACE   | query_time, 0.00013062730431556702
2024-02-14 10:51:21 | TRACE   | query_time, 0.00013107992708683014
2024-02-14 10:51:21 | TRACE   | query_time, 0.00013002008199691772
2024-02-14 10:51:21 | TRACE   | query_time, 0.00012942403554916382
2024-02-14 10:51:21 | TRACE   | query_time, 0.00012046657502651215
2024-02-14 10:51:21 | TRACE   | query_time, 0.00013184919953346252
2024-02-14 10:51:21 | TRACE   | query_time, 0.0001311972737312317
2024-02-14 10:51:21 | TRACE   | query_time, 0.00012085027992725372
2024-02-14 10:51:21 | TRACE   | query_time, 0.00013157539069652557
2024-02-14 10:51:21 | TRACE   | query_time, 0.0001308247447013855
2024-02-14 10:51:21 | TRACE   | query_time, 0.00014716386795043945
2024-02-14 10:51:21 | TRACE   | query_time, 0.00013042055070400238
2024-02-14 10:51:21 | TRACE   | query_time, 0.0001307893544435501
2024-02-14 10:51:21 | TRACE   | query_time, 0.00012871064245700836
2024-02-14 10:51:21 | TRACE   | query_time, 0.00012956932187080383
2024-02-14 10:51:21 | TRACE   | query_time, 0.00012988224625587463
2024-02-14 10:51:21 | TRACE   | query_time, 0.00012968294322490692
2024-02-14 10:51:21 | TRACE   | query_time, 0.0001298859715461731
2024-02-14 10:51:21 | TRACE   | query_time, 0.0001296214759349823
2024-02-14 10:51:21 | TRACE   | query_time, 0.00013964250683784485
2024-02-14 10:51:21 | TRACE   | query_time, 0.0001308917999267578
2024-02-14 10:51:21 | TRACE   | query_time, 0.0001400001347064972
2024-02-14 10:51:21 | TRACE   | query_time, 0.0001329313963651657
2024-02-14 10:51:21 | TRACE   | query_time, 0.00013060308992862701
2024-02-14 10:51:21 | TRACE   | query_time, 0.00013105571269989014
2024-02-14 10:51:21 | TRACE   | query_time, 0.0001301392912864685
2024-02-14 10:51:21 | TRACE   | query_time, 0.00013964436948299408
2024-02-14 10:51:21 | TRACE   | query_time, 0.00013047084212303162
2024-02-14 10:51:21 | TRACE   | query_time, 0.00013197213411331177
2024-02-14 10:51:21 | TRACE   | query_time, 0.00013008899986743927
2024-02-14 10:51:21 | TRACE   | query_time, 0.00013007782399654388
2024-02-14 10:51:21 | TRACE   | query_time, 0.000135151669383049
2024-02-14 10:51:21 | TRACE   | query_time, 0.00013078562915325165
2024-02-14 10:51:21 | TRACE   | query_time, 0.00012044049799442291
2024-02-14 10:51:21 | TRACE   | query_time, 0.0001316070556640625
2024-02-14 10:51:21 | TRACE   | query_time, 0.0001206379383802414
2024-02-14 10:51:21 | TRACE   | query_time, 0.00015147216618061066
2024-02-14 10:51:21 | TRACE   | query_time, 0.00014044344425201416
2024-02-14 10:51:21 | TRACE   | query_time, 0.00012994743883609772
2024-02-14 10:51:21 | TRACE   | query_time, 0.00013089552521705627
2024-02-14 10:51:21 | TRACE   | query_time, 0.00013101287186145782
2024-02-14 10:51:21 | TRACE   | query_time, 0.0001305006444454193
2024-02-14 10:51:21 | TRACE   | query_time, 0.00013181939721107483
2024-02-14 10:51:21 | TRACE   | query_time, 0.00013057701289653778
2024-02-14 10:51:21 | TRACE   | query_time, 0.00012101978063583374
2024-02-14 10:51:21 | TRACE   | query_time, 0.00012953393161296844
2024-02-14 10:51:21 | TRACE   | query_time, 0.00012226589024066925
2024-02-14 10:51:21 | TRACE   | query_time, 0.0001322273164987564
2024-02-14 10:51:21 | TRACE   | query_time, 0.00014324113726615906
2024-02-14 10:51:21 | TRACE   | query_time, 0.00013153813779354095
2024-02-14 10:51:21 | TRACE   | query_time, 0.00013055279850959778
2024-02-14 10:51:21 | TRACE   | query_time, 0.0001411493867635727
2024-02-14 10:51:21 | TRACE   | query_time, 0.00016665831208229065
2024-02-14 10:51:21 | TRACE   | query_time, 0.00012193061411380768
2024-02-14 10:51:21 | TRACE   | query_time, 0.00012992136180400848
2024-02-14 10:51:21 | TRACE   | query_time, 0.00015038065612316132
2024-02-14 10:51:21 | TRACE   | query_time, 0.00013235211372375488
2024-02-14 10:51:21 | TRACE   | query_time, 0.0001318119466304779
2024-02-14 10:51:21 | TRACE   | query_time, 0.00013916194438934326
2024-02-14 10:51:21 | TRACE   | query_time, 0.00012943334877490997
2024-02-14 10:51:21 | TRACE   | query_time, 0.0001309700310230255
2024-02-14 10:51:21 | TRACE   | query_time, 0.00012926757335662842
2024-02-14 10:51:21 | TRACE   | query_time, 0.00013100169599056244
2024-02-14 10:51:21 | TRACE   | query_time, 0.00012192502617835999
2024-02-14 10:51:21 | TRACE   | query_time, 0.00012111663818359375
2024-02-14 10:51:21 | TRACE   | query_time, 0.00013973377645015717
2024-02-14 10:51:21 | TRACE   | query_time, 0.00012925080955028534
2024-02-14 10:51:21 | TRACE   | query_time, 0.0001292303204536438
2024-02-14 10:51:21 | TRACE   | query_time, 0.00011876598000526428
2024-02-14 10:51:21 | TRACE   | query_time, 0.00013059750199317932
2024-02-14 10:51:21 | TRACE   | query_time, 0.00013109110295772552
2024-02-14 10:51:21 | TRACE   | query_time, 0.0001386534422636032
2024-02-14 10:51:21 | TRACE   | query_time, 0.0001279786229133606
2024-02-14 10:51:21 | TRACE   | query_time, 0.00013600662350654602
2024-02-14 10:51:21 | TRACE   | query_time, 0.0001301690936088562
2024-02-14 10:51:21 | TRACE   | query_time, 0.00013925693929195404
2024-02-14 10:51:21 | TRACE   | query_time, 0.0001301094889640808
2024-02-14 10:51:21 | TRACE   | query_time, 0.00012064725160598755
2024-02-14 10:51:21 | TRACE   | query_time, 0.00012915953993797302
2024-02-14 10:51:21 | TRACE   | query_time, 0.00012986734509468079
2024-02-14 10:51:21 | TRACE   | query_time, 0.0001499168574810028
2024-02-14 10:51:21 | TRACE   | query_time, 0.0001299045979976654
2024-02-14 10:51:21 | TRACE   | query_time, 0.00014901719987392426
2024-02-14 10:51:21 | TRACE   | query_time, 0.00013005733489990234
2024-02-14 10:51:21 | TRACE   | query_time, 0.00012971460819244385
2024-02-14 10:51:21 | TRACE   | query_time, 0.00011961907148361206
2024-02-14 10:51:21 | TRACE   | query_time, 0.00013901665806770325
2024-02-14 10:51:21 | TRACE   | query_time, 0.000148087739944458
2024-02-14 10:51:21 | TRACE   | query_time, 0.00012887269258499146
2024-02-14 10:51:21 | TRACE   | query_time, 0.00013047456741333008
2024-02-14 10:51:21 | TRACE   | query_time, 0.0001295860856771469
2024-02-14 10:51:21 | TRACE   | query_time, 0.0001301392912864685
2024-02-14 10:51:21 | TRACE   | query_time, 0.0001290440559387207
2024-02-14 10:51:21 | TRACE   | query_time, 0.00013918057084083557
2024-02-14 10:51:21 | TRACE   | query_time, 0.00013355165719985962
2024-02-14 10:51:21 | TRACE   | query_time, 0.00012941285967826843
2024-02-14 10:51:21 | TRACE   | query_time, 0.00012030079960823059
2024-02-14 10:51:21 | TRACE   | query_time, 0.0001474730670452118
2024-02-14 10:51:21 | TRACE   | query_time, 0.00012953393161296844
2024-02-14 10:51:21 | TRACE   | query_time, 0.0001498498022556305
2024-02-14 10:51:21 | TRACE   | query_time, 0.00012895278632640839
2024-02-14 10:51:21 | TRACE   | query_time, 0.00013982318341732025
2024-02-14 10:51:21 | TRACE   | query_time, 0.00012920238077640533
2024-02-14 10:51:21 | TRACE   | query_time, 0.00012865662574768066
2024-02-14 10:51:21 | TRACE   | query_time, 0.00012985989451408386
2024-02-14 10:51:21 | TRACE   | query_time, 0.00013883225619792938
2024-02-14 10:51:21 | TRACE   | query_time, 0.00012925080955028534
2024-02-14 10:51:21 | TRACE   | query_time, 0.0001317989081144333
2024-02-14 10:51:21 | TRACE   | query_time, 0.00012095645070075989
2024-02-14 10:51:21 | TRACE   | query_time, 0.00013957172632217407
2024-02-14 10:51:21 | TRACE   | query_time, 0.00012899376451969147
2024-02-14 10:51:21 | TRACE   | query_time, 0.00012137182056903839
2024-02-14 10:51:21 | TRACE   | query_time, 0.00012972019612789154
2024-02-14 10:51:21 | TRACE   | query_time, 0.00012943707406520844
2024-02-14 10:51:21 | TRACE   | query_time, 0.00012971274554729462
2024-02-14 10:51:21 | TRACE   | query_time, 0.00013530440628528595
2024-02-14 10:51:21 | TRACE   | query_time, 0.00012898072600364685
2024-02-14 10:51:21 | TRACE   | query_time, 0.0001289471983909607
2024-02-14 10:51:21 | TRACE   | query_time, 0.00013980083167552948
2024-02-14 10:51:21 | TRACE   | query_time, 0.0001291520893573761
2024-02-14 10:51:21 | TRACE   | query_time, 0.00012010149657726288
2024-02-14 10:51:21 | TRACE   | query_time, 0.00012993812561035156
2024-02-14 10:51:21 | TRACE   | query_time, 0.00014821253716945648
2024-02-14 10:51:21 | TRACE   | query_time, 0.00012992322444915771
2024-02-14 10:51:21 | TRACE   | query_time, 0.0001290980726480484
2024-02-14 10:51:21 | TRACE   | query_time, 0.00012881122529506683
2024-02-14 10:51:21 | TRACE   | query_time, 0.0001471787691116333
2024-02-14 10:51:21 | TRACE   | query_time, 0.0001291465014219284
2024-02-14 10:51:21 | TRACE   | query_time, 0.00012895092368125916
2024-02-14 10:51:21 | TRACE   | query_time, 0.00011987611651420593
2024-02-14 10:51:21 | TRACE   | query_time, 0.0001292973756790161
2024-02-14 10:51:21 | TRACE   | query_time, 0.00014833547174930573
2024-02-14 10:51:21 | TRACE   | query_time, 0.00012082979083061218
2024-02-14 10:51:21 | TRACE   | query_time, 0.0001283586025238037
2024-02-14 10:51:21 | TRACE   | query_time, 0.00012007914483547211
2024-02-14 10:51:21 | TRACE   | query_time, 0.00013003870844841003
2024-02-14 10:51:21 | TRACE   | query_time, 0.00013474375009536743
2024-02-14 10:51:21 | TRACE   | query_time, 0.00014038756489753723
2024-02-14 10:51:21 | TRACE   | query_time, 0.00012958981096744537
2024-02-14 10:51:21 | TRACE   | query_time, 0.00013015232980251312
2024-02-14 10:51:21 | TRACE   | query_time, 0.0001305174082517624
2024-02-14 10:51:21 | TRACE   | query_time, 0.00013908743858337402
2024-02-14 10:51:21 | TRACE   | query_time, 0.00012963078916072845
2024-02-14 10:51:21 | TRACE   | query_time, 0.0001392420381307602
2024-02-14 10:51:21 | TRACE   | query_time, 0.00011988729238510132
2024-02-14 10:51:21 | TRACE   | query_time, 0.00012918934226036072
2024-02-14 10:51:21 | TRACE   | query_time, 0.00014891847968101501
2024-02-14 10:51:21 | TRACE   | query_time, 0.00014012306928634644
2024-02-14 10:51:21 | TRACE   | query_time, 0.0001298505812883377
2024-02-14 10:51:21 | TRACE   | query_time, 0.0001293141394853592
2024-02-14 10:51:21 | TRACE   | query_time, 0.00012033060193061829
2024-02-14 10:51:21 | TRACE   | query_time, 0.0001287795603275299
2024-02-14 10:51:21 | TRACE   | query_time, 0.00014668889343738556
2024-02-14 10:51:21 | TRACE   | query_time, 0.00013005360960960388
2024-02-14 10:51:21 | TRACE   | query_time, 0.0001373104751110077
2024-02-14 10:51:21 | TRACE   | query_time, 0.00013016723096370697
2024-02-14 10:51:21 | TRACE   | query_time, 0.00012103468179702759
2024-02-14 10:51:21 | TRACE   | query_time, 0.00012960657477378845
2024-02-14 10:51:21 | TRACE   | query_time, 0.00013060681521892548
2024-02-14 10:51:21 | TRACE   | query_time, 0.00012064911425113678
2024-02-14 10:51:21 | TRACE   | query_time, 0.00013794749975204468
2024-02-14 10:51:21 | TRACE   | query_time, 0.00013004057109355927
2024-02-14 10:51:21 | TRACE   | query_time, 0.00013075955212116241
2024-02-14 10:51:21 | TRACE   | query_time, 0.00012828409671783447
2024-02-14 10:51:21 | TRACE   | query_time, 0.00012912042438983917
2024-02-14 10:51:21 | TRACE   | query_time, 0.00012948736548423767
2024-02-14 10:51:21 | TRACE   | query_time, 0.0001399889588356018
2024-02-14 10:51:21 | TRACE   | query_time, 0.00013025663793087006
2024-02-14 10:51:21 | TRACE   | query_time, 0.00013983622193336487
2024-02-14 10:51:21 | TRACE   | query_time, 0.00013094954192638397
2024-02-14 10:51:21 | TRACE   | query_time, 0.00014883466064929962
2024-02-14 10:51:21 | TRACE   | query_time, 0.0001305416226387024
2024-02-14 10:51:21 | TRACE   | query_time, 0.00012281164526939392
2024-02-14 10:51:21 | TRACE   | query_time, 0.00013174116611480713
2024-02-14 10:51:21 | TRACE   | query_time, 0.00013226456940174103
2024-02-14 10:51:21 | TRACE   | query_time, 0.00013506971299648285
2024-02-14 10:51:21 | TRACE   | query_time, 0.00013049133121967316
2024-02-14 10:51:21 | TRACE   | query_time, 0.00013010017573833466
2024-02-14 10:51:21 | TRACE   | query_time, 0.00012968666851520538
2024-02-14 10:51:21 | TRACE   | query_time, 0.000132804736495018
2024-02-14 10:51:21 | TRACE   | query_time, 0.00014106370508670807
2024-02-14 10:51:21 | TRACE   | query_time, 0.00012999586760997772
2024-02-14 10:51:21 | TRACE   | query_time, 0.00013047456741333008
2024-02-14 10:51:21 | TRACE   | query_time, 0.00013002008199691772
2024-02-14 10:51:21 | TRACE   | query_time, 0.00013126619160175323
2024-02-14 10:51:21 | TRACE   | query_time, 0.00013067200779914856
2024-02-14 10:51:21 | TRACE   | query_time, 0.00012194178998470306
2024-02-14 10:51:21 | TRACE   | query_time, 0.0001291874796152115
2024-02-14 10:51:21 | TRACE   | query_time, 0.00012152455747127533
2024-02-14 10:51:21 | TRACE   | query_time, 0.0001306869089603424
2024-02-14 10:51:21 | TRACE   | query_time, 0.00013162754476070404
2024-02-14 10:51:21 | TRACE   | query_time, 0.0001482442021369934
2024-02-14 10:51:21 | TRACE   | query_time, 0.0001295078545808792
2024-02-14 10:51:21 | TRACE   | query_time, 0.00013014674186706543
2024-02-14 10:51:21 | TRACE   | query_time, 0.00012827105820178986
2024-02-14 10:51:21 | TRACE   | query_time, 0.00012980028986930847
2024-02-14 10:51:21 | TRACE   | query_time, 0.00013972073793411255
2024-02-14 10:51:21 | TRACE   | query_time, 0.00013068318367004395
2024-02-14 10:51:21 | TRACE   | query_time, 0.00014041922986507416
2024-02-14 10:51:21 | TRACE   | query_time, 0.0001301392912864685
2024-02-14 10:51:21 | TRACE   | query_time, 0.0001306571066379547
2024-02-14 10:51:21 | TRACE   | query_time, 0.0001327991485595703
2024-02-14 10:51:21 | TRACE   | query_time, 0.0001410171389579773
2024-02-14 10:51:21 | TRACE   | query_time, 0.00013977475464344025
2024-02-14 10:51:21 | TRACE   | query_time, 0.00012959539890289307
2024-02-14 10:51:21 | TRACE   | query_time, 0.00012917816638946533
2024-02-14 10:51:21 | TRACE   | query_time, 0.00013078004121780396
2024-02-14 10:51:21 | TRACE   | query_time, 0.00014089606702327728
2024-02-14 10:51:21 | TRACE   | query_time, 0.00013034790754318237
2024-02-14 10:51:21 | TRACE   | query_time, 0.00013853423297405243
2024-02-14 10:51:21 | TRACE   | query_time, 0.00013005919754505157
2024-02-14 10:51:21 | TRACE   | query_time, 0.00014914385974407196
2024-02-14 10:51:21 | TRACE   | query_time, 0.00013021565973758698
2024-02-14 10:51:21 | TRACE   | query_time, 0.000148748978972435
2024-02-14 10:51:21 | TRACE   | query_time, 0.00013081170618534088
2024-02-14 10:51:21 | TRACE   | query_time, 0.00013938359916210175
2024-02-14 10:51:21 | TRACE   | query_time, 0.0001284480094909668
2024-02-14 10:51:21 | TRACE   | query_time, 0.00012990646064281464
2024-02-14 10:51:21 | TRACE   | query_time, 0.00013135932385921478
2024-02-14 10:51:21 | TRACE   | query_time, 0.00013022124767303467
2024-02-14 10:51:21 | TRACE   | query_time, 0.0001416560262441635
2024-02-14 10:51:21 | TRACE   | query_time, 0.00013018213212490082
2024-02-14 10:51:21 | TRACE   | query_time, 0.0001302119344472885
2024-02-14 10:51:21 | TRACE   | query_time, 0.00013029202818870544
2024-02-14 10:51:21 | TRACE   | query_time, 0.00012118369340896606
2024-02-14 10:51:21 | TRACE   | query_time, 0.00012969598174095154
2024-02-14 10:51:21 | TRACE   | query_time, 0.00012893043458461761
2024-02-14 10:51:21 | TRACE   | query_time, 0.00012907758355140686
2024-02-14 10:51:21 | TRACE   | query_time, 0.00012997537851333618
2024-02-14 10:51:21 | TRACE   | query_time, 0.00012994930148124695
2024-02-14 10:51:21 | TRACE   | query_time, 0.0001311078667640686
2024-02-14 10:51:21 | TRACE   | query_time, 0.00014005601406097412
2024-02-14 10:51:21 | TRACE   | query_time, 0.00013757310807704926
2024-02-14 10:51:21 | TRACE   | query_time, 0.00011970475316047668
2024-02-14 10:51:21 | TRACE   | query_time, 0.0001301094889640808
2024-02-14 10:51:21 | TRACE   | query_time, 0.00012889504432678223
2024-02-14 10:51:21 | TRACE   | query_time, 0.0001310110092163086
2024-02-14 10:51:21 | TRACE   | query_time, 0.00013004429638385773
2024-02-14 10:51:21 | TRACE   | query_time, 0.0001310165971517563
2024-02-14 10:51:21 | TRACE   | query_time, 0.000141829252243042
2024-02-14 10:51:21 | TRACE   | query_time, 0.0001304522156715393
2024-02-14 10:51:21 | TRACE   | query_time, 0.00013000890612602234
2024-02-14 10:51:21 | TRACE   | query_time, 0.00012069754302501678
2024-02-14 10:51:21 | TRACE   | query_time, 0.00013943389058113098
2024-02-14 10:51:21 | TRACE   | query_time, 0.0001306142657995224
2024-02-14 10:51:21 | TRACE   | query_time, 0.0001386161893606186
2024-02-14 10:51:21 | TRACE   | query_time, 0.00013118423521518707
2024-02-14 10:51:21 | TRACE   | query_time, 0.0001302119344472885
2024-02-14 10:51:21 | TRACE   | query_time, 0.00012958049774169922
2024-02-14 10:51:21 | TRACE   | query_time, 0.0001474320888519287
2024-02-14 10:51:21 | TRACE   | query_time, 0.00011955387890338898
2024-02-14 10:51:21 | TRACE   | query_time, 0.00013047084212303162
2024-02-14 10:51:21 | TRACE   | query_time, 0.00014907494187355042
2024-02-14 10:51:21 | TRACE   | query_time, 0.0001318659633398056
2024-02-14 10:51:21 | TRACE   | query_time, 0.00014836713671684265
2024-02-14 10:51:21 | TRACE   | query_time, 0.00013092532753944397
2024-02-14 10:51:21 | TRACE   | query_time, 0.00013051554560661316
2024-02-14 10:51:21 | TRACE   | query_time, 0.00013048015534877777
2024-02-14 10:51:21 | TRACE   | query_time, 0.0001309867948293686
2024-02-14 10:51:21 | TRACE   | query_time, 0.00013892166316509247
2024-02-14 10:51:21 | TRACE   | query_time, 0.00013001635670661926
2024-02-14 10:51:21 | TRACE   | query_time, 0.0001209508627653122
2024-02-14 10:51:21 | TRACE   | query_time, 0.00013880804181098938
2024-02-14 10:51:21 | TRACE   | query_time, 0.00013053417205810547
2024-02-14 10:51:21 | TRACE   | query_time, 0.00013091787695884705
2024-02-14 10:51:21 | TRACE   | query_time, 0.00013038888573646545
2024-02-14 10:51:21 | TRACE   | query_time, 0.000139627605676651
2024-02-14 10:51:21 | TRACE   | query_time, 0.00012969784438610077
2024-02-14 10:51:21 | TRACE   | query_time, 0.00013006478548049927
2024-02-14 10:51:21 | TRACE   | query_time, 0.0005062054842710495
2024-02-14 10:51:21 | TRACE   | query_time, 0.0005095582455396652
2024-02-14 10:51:21 | TRACE   | query_time, 0.0004491172730922699
2024-02-14 10:51:21 | TRACE   | query_time, 0.00045974552631378174
2024-02-14 10:51:21 | TRACE   | query_time, 0.0004754886031150818
2024-02-14 10:51:21 | TRACE   | query_time, 0.00046261027455329895
2024-02-14 10:51:21 | TRACE   | query_time, 0.00045703910291194916
2024-02-14 10:51:21 | TRACE   | query_time, 0.0004685744643211365
2024-02-14 10:51:21 | TRACE   | query_time, 0.0004700906574726105
2024-02-14 10:51:21 | TRACE   | query_time, 0.0004589837044477463
2024-02-14 10:51:21 | TRACE   | query_time, 0.00046763382852077484
2024-02-14 10:51:21 | TRACE   | query_time, 0.00045442208647727966
2024-02-14 10:51:21 | TRACE   | query_time, 0.0004838109016418457
2024-02-14 10:51:21 | TRACE   | query_time, 0.00045784004032611847
2024-02-14 10:51:21 | TRACE   | query_time, 0.0004695076495409012
2024-02-14 10:51:21 | TRACE   | query_time, 0.0004454180598258972
2024-02-14 10:51:21 | TRACE   | query_time, 0.00047013722360134125
2024-02-14 10:51:21 | TRACE   | query_time, 0.0004540160298347473
2024-02-14 10:51:21 | TRACE   | query_time, 0.0004654284566640854
2024-02-14 10:51:21 | TRACE   | query_time, 0.00046647898852825165
2024-02-14 10:51:21 | TRACE   | query_time, 0.00045339949429035187
2024-02-14 10:51:21 | TRACE   | query_time, 0.00045623257756233215
2024-02-14 10:51:21 | TRACE   | query_time, 0.0004305671900510788
2024-02-14 10:51:21 | TRACE   | query_time, 0.00046179257333278656
2024-02-14 10:51:21 | TRACE   | query_time, 0.00046116486191749573
2024-02-14 10:51:21 | TRACE   | query_time, 0.0004490930587053299
2024-02-14 10:51:21 | TRACE   | query_time, 0.0004688296467065811
2024-02-14 10:51:21 | TRACE   | query_time, 0.00046317465603351593
2024-02-14 10:51:21 | TRACE   | query_time, 0.0004504118114709854
2024-02-14 10:51:21 | TRACE   | query_time, 0.000433407723903656
2024-02-14 10:51:21 | TRACE   | query_time, 0.00042726099491119385
2024-02-14 10:51:21 | TRACE   | query_time, 0.00045429542660713196
2024-02-14 10:51:21 | TRACE   | query_time, 0.00043626129627227783
2024-02-14 10:51:21 | TRACE   | query_time, 0.00047626346349716187
2024-02-14 10:51:21 | TRACE   | query_time, 0.0004627648741006851
2024-02-14 10:51:21 | TRACE   | query_time, 0.0004216674715280533
2024-02-14 10:51:21 | TRACE   | query_time, 0.0004681050777435303
2024-02-14 10:51:21 | TRACE   | query_time, 0.00045151449739933014
2024-02-14 10:51:21 | TRACE   | query_time, 0.0004440620541572571
2024-02-14 10:51:21 | TRACE   | query_time, 0.0004634559154510498
2024-02-14 10:51:21 | TRACE   | query_time, 0.00046558678150177
2024-02-14 10:51:21 | TRACE   | query_time, 0.00043173134326934814
2024-02-14 10:51:21 | TRACE   | query_time, 0.0004540979862213135
2024-02-14 10:51:21 | TRACE   | query_time, 0.00045247189700603485
2024-02-14 10:51:21 | TRACE   | query_time, 0.000449521467089653
2024-02-14 10:51:21 | TRACE   | query_time, 0.00046465545892715454
2024-02-14 10:51:21 | TRACE   | query_time, 0.0004561226814985275
2024-02-14 10:51:21 | TRACE   | query_time, 0.0004425719380378723
2024-02-14 10:51:21 | TRACE   | query_time, 0.0004498567432165146
2024-02-14 10:51:21 | TRACE   | query_time, 0.0004557296633720398
2024-02-14 10:51:21 | TRACE   | query_time, 0.0004508253186941147
2024-02-14 10:51:21 | TRACE   | query_time, 0.00044276751577854156
2024-02-14 10:51:21 | TRACE   | query_time, 0.00044500455260276794
2024-02-14 10:51:21 | TRACE   | query_time, 0.0004689004272222519
2024-02-14 10:51:21 | TRACE   | query_time, 0.00045017898082733154
2024-02-14 10:51:21 | TRACE   | query_time, 0.00042670033872127533
2024-02-14 10:51:21 | TRACE   | query_time, 0.000472288578748703
2024-02-14 10:51:21 | TRACE   | query_time, 0.0004863440990447998
2024-02-14 10:51:21 | TRACE   | query_time, 0.00045767612755298615
2024-02-14 10:51:21 | TRACE   | query_time, 0.00045344047248363495
2024-02-14 10:51:21 | TRACE   | query_time, 0.00045750103890895844
2024-02-14 10:51:21 | TRACE   | query_time, 0.00046848319470882416
2024-02-14 10:51:21 | TRACE   | query_time, 0.0005095526576042175
2024-02-14 10:51:21 | TRACE   | query_time, 0.00046071596443653107
2024-02-14 10:51:21 | TRACE   | query_time, 0.0005033668130636215
2024-02-14 10:51:21 | TRACE   | query_time, 0.0005174558609724045
2024-02-14 10:51:21 | TRACE   | query_time, 0.0004641041159629822
2024-02-14 10:51:21 | TRACE   | query_time, 0.0004290919750928879
2024-02-14 10:51:21 | TRACE   | query_time, 0.0004499070346355438
2024-02-14 10:51:21 | TRACE   | query_time, 0.00045264139771461487
2024-02-14 10:51:21 | TRACE   | query_time, 0.00044974125921726227
2024-02-14 10:51:21 | TRACE   | query_time, 0.00045791640877723694
2024-02-14 10:51:21 | TRACE   | query_time, 0.0004503224045038223
2024-02-14 10:51:21 | TRACE   | query_time, 0.0004611089825630188
2024-02-14 10:51:21 | TRACE   | query_time, 0.0004389435052871704
2024-02-14 10:51:21 | TRACE   | query_time, 0.00045260973274707794
2024-02-14 10:51:21 | TRACE   | query_time, 0.00046025216579437256
2024-02-14 10:51:21 | TRACE   | query_time, 0.0004569701850414276
2024-02-14 10:51:21 | TRACE   | query_time, 0.0004602260887622833
2024-02-14 10:51:21 | TRACE   | query_time, 0.00044874660670757294
2024-02-14 10:51:21 | TRACE   | query_time, 0.0004467181861400604
2024-02-14 10:51:21 | TRACE   | query_time, 0.00046983174979686737
2024-02-14 10:51:21 | TRACE   | query_time, 0.0005114935338497162
2024-02-14 10:51:21 | TRACE   | query_time, 0.0004832465201616287
2024-02-14 10:51:21 | TRACE   | query_time, 0.00046141818165779114
2024-02-14 10:51:21 | TRACE   | query_time, 0.0004244484007358551
2024-02-14 10:51:21 | TRACE   | query_time, 0.0004510432481765747
2024-02-14 10:51:21 | TRACE   | query_time, 0.00045710988342761993
2024-02-14 10:51:21 | TRACE   | query_time, 0.0004425160586833954
2024-02-14 10:51:21 | TRACE   | query_time, 0.0004221070557832718
2024-02-14 10:51:21 | TRACE   | query_time, 0.00045926496386528015
2024-02-14 10:51:21 | TRACE   | query_time, 0.00045751407742500305
2024-02-14 10:51:21 | TRACE   | query_time, 0.000454215332865715
2024-02-14 10:51:21 | TRACE   | query_time, 0.0004647597670555115
2024-02-14 10:51:21 | TRACE   | query_time, 0.0005117692053318024
2024-02-14 10:51:21 | TRACE   | query_time, 0.000462997704744339
2024-02-14 10:51:21 | TRACE   | query_time, 0.0005027260631322861
2024-02-14 10:51:21 | TRACE   | query_time, 0.000459820032119751
2024-02-14 10:51:21 | TRACE   | query_time, 0.0004265420138835907
2024-02-14 10:51:21 | TRACE   | query_time, 0.00042123720049858093
2024-02-14 10:51:21 | TRACE   | query_time, 0.00044982507824897766
2024-02-14 10:51:21 | TRACE   | query_time, 0.0004327278584241867
2024-02-14 10:51:21 | TRACE   | query_time, 0.0004188232123851776
2024-02-14 10:51:21 | TRACE   | query_time, 0.0004479028284549713
2024-02-14 10:51:21 | TRACE   | query_time, 0.00045245327055454254
2024-02-14 10:51:21 | TRACE   | query_time, 0.00041624531149864197
2024-02-14 10:51:21 | TRACE   | query_time, 0.0004623234272003174
2024-02-14 10:51:21 | TRACE   | query_time, 0.0004557855427265167
2024-02-14 10:51:21 | TRACE   | query_time, 0.0004471670836210251
2024-02-14 10:51:21 | TRACE   | query_time, 0.00045977160334587097
2024-02-14 10:51:21 | TRACE   | query_time, 0.00045052357017993927
2024-02-14 10:51:21 | TRACE   | query_time, 0.0005033835768699646
2024-02-14 10:51:21 | TRACE   | query_time, 0.0004994478076696396
2024-02-14 10:51:21 | TRACE   | query_time, 0.00044626370072364807
2024-02-14 10:51:21 | TRACE   | query_time, 0.00044877827167510986
2024-02-14 10:51:21 | TRACE   | query_time, 0.00046162866055965424
2024-02-14 10:51:21 | TRACE   | query_time, 0.0004528351128101349
2024-02-14 10:51:21 | TRACE   | query_time, 0.00045120716094970703
2024-02-14 10:51:21 | TRACE   | query_time, 0.0004180110991001129
2024-02-14 10:51:21 | TRACE   | query_time, 0.00043925270438194275
2024-02-14 10:51:21 | TRACE   | query_time, 0.00043926946818828583
2024-02-14 10:51:21 | TRACE   | query_time, 0.0005074068903923035
2024-02-14 10:51:21 | TRACE   | query_time, 0.00044707953929901123
2024-02-14 10:51:21 | TRACE   | query_time, 0.00046131759881973267
2024-02-14 10:51:21 | TRACE   | query_time, 0.00043838098645210266
2024-02-14 10:51:21 | TRACE   | query_time, 0.0004731360822916031
2024-02-14 10:51:21 | TRACE   | query_time, 0.0004772879183292389
2024-02-14 10:51:21 | TRACE   | query_time, 0.0004916749894618988
2024-02-14 10:51:21 | TRACE   | query_time, 0.0004719924181699753
2024-02-14 10:51:21 | TRACE   | query_time, 0.0004917588084936142
2024-02-14 10:51:21 | TRACE   | query_time, 0.0004670284688472748
2024-02-14 10:51:21 | TRACE   | query_time, 0.0004900991916656494
2024-02-14 10:51:21 | TRACE   | query_time, 0.0004958733916282654
2024-02-14 10:51:21 | TRACE   | query_time, 0.0004976280033588409
2024-02-14 10:51:21 | TRACE   | query_time, 0.0005380026996135712
2024-02-14 10:51:21 | TRACE   | query_time, 0.0005178451538085938
2024-02-14 10:51:21 | TRACE   | query_time, 0.0004807915538549423
2024-02-14 10:51:21 | TRACE   | query_time, 0.0005023684352636337
2024-02-14 10:51:21 | TRACE   | query_time, 0.00046549923717975616
2024-02-14 10:51:21 | TRACE   | query_time, 0.0004878360778093338
2024-02-14 10:51:21 | TRACE   | query_time, 0.0004983209073543549
2024-02-14 10:51:21 | TRACE   | query_time, 0.0004913080483675003
2024-02-14 10:51:21 | TRACE   | query_time, 0.00047915615141391754
2024-02-14 10:51:21 | TRACE   | query_time, 0.0005043167620897293
2024-02-14 10:51:21 | TRACE   | query_time, 0.0005018375813961029
2024-02-14 10:51:21 | TRACE   | query_time, 0.0004657190293073654
2024-02-14 10:51:21 | TRACE   | query_time, 0.0004851594567298889
2024-02-14 10:51:21 | TRACE   | query_time, 0.0005035232752561569
2024-02-14 10:51:21 | TRACE   | query_time, 0.0004869922995567322
2024-02-14 10:51:21 | TRACE   | query_time, 0.0005323346704244614
2024-02-14 10:51:21 | TRACE   | query_time, 0.0005365200340747833
2024-02-14 10:51:21 | TRACE   | query_time, 0.0005085356533527374
2024-02-14 10:51:21 | TRACE   | query_time, 0.00046532042324543
2024-02-14 10:51:21 | TRACE   | query_time, 0.00046519190073013306
2024-02-14 10:51:21 | TRACE   | query_time, 0.0004964116960763931
2024-02-14 10:51:21 | TRACE   | query_time, 0.000492829829454422
2024-02-14 10:51:21 | TRACE   | query_time, 0.0004973523318767548
2024-02-14 10:51:21 | TRACE   | query_time, 0.0005291439592838287
2024-02-14 10:51:21 | TRACE   | query_time, 0.0005180239677429199
2024-02-14 10:51:21 | TRACE   | query_time, 0.0005309656262397766
2024-02-14 10:51:21 | TRACE   | query_time, 0.00048608891665935516
2024-02-14 10:51:21 | TRACE   | query_time, 0.00048130564391613007
2024-02-14 10:51:21 | TRACE   | query_time, 0.0004922822117805481
2024-02-14 10:51:21 | TRACE   | query_time, 0.0005030203610658646
2024-02-14 10:51:21 | TRACE   | query_time, 0.0004848875105381012
2024-02-14 10:51:21 | TRACE   | query_time, 0.0004963744431734085
2024-02-14 10:51:21 | TRACE   | query_time, 0.0005012731999158859
2024-02-14 10:51:21 | TRACE   | query_time, 0.00048271752893924713
2024-02-14 10:51:21 | TRACE   | query_time, 0.0004899501800537109
2024-02-14 10:51:21 | TRACE   | query_time, 0.0005288608372211456
2024-02-14 10:51:21 | TRACE   | query_time, 0.0004911143332719803
2024-02-14 10:51:21 | TRACE   | query_time, 0.0005002990365028381
2024-02-14 10:51:21 | TRACE   | query_time, 0.00048308074474334717
2024-02-14 10:51:21 | TRACE   | query_time, 0.0005016755312681198
2024-02-14 10:51:21 | TRACE   | query_time, 0.00046963244676589966
2024-02-14 10:51:21 | TRACE   | query_time, 0.0004986543208360672
2024-02-14 10:51:21 | TRACE   | query_time, 0.00046989694237709045
2024-02-14 10:51:21 | TRACE   | query_time, 0.0005049239844083786
2024-02-14 10:51:21 | TRACE   | query_time, 0.0005330145359039307
2024-02-14 10:51:21 | TRACE   | query_time, 0.0005077887326478958
2024-02-14 10:51:21 | TRACE   | query_time, 0.0004970841109752655
2024-02-14 10:51:21 | TRACE   | query_time, 0.000485030934214592
2024-02-14 10:51:21 | TRACE   | query_time, 0.0004993323236703873
2024-02-14 10:51:21 | TRACE   | query_time, 0.0005050115287303925
2024-02-14 10:51:21 | TRACE   | query_time, 0.0005062967538833618
2024-02-14 10:51:21 | TRACE   | query_time, 0.0004897192120552063
2024-02-14 10:51:21 | TRACE   | query_time, 0.000507887452840805
2024-02-14 10:51:21 | TRACE   | query_time, 0.0005020834505558014
2024-02-14 10:51:21 | TRACE   | query_time, 0.0005014520138502121
2024-02-14 10:51:21 | TRACE   | query_time, 0.0004976857453584671
2024-02-14 10:51:21 | TRACE   | query_time, 0.000494120642542839
2024-02-14 10:51:21 | TRACE   | query_time, 0.00047285109758377075
2024-02-14 10:51:21 | TRACE   | query_time, 0.0004958398640155792
2024-02-14 10:51:21 | TRACE   | query_time, 0.00048112496733665466
2024-02-14 10:51:21 | TRACE   | query_time, 0.0005050059407949448
2024-02-14 10:51:21 | TRACE   | query_time, 0.0004943329840898514
2024-02-14 10:51:21 | TRACE   | query_time, 0.0004920735955238342
2024-02-14 10:51:21 | TRACE   | query_time, 0.0004840828478336334
2024-02-14 10:51:21 | TRACE   | query_time, 0.0004928354173898697
2024-02-14 10:51:21 | TRACE   | query_time, 0.0004974566400051117
2024-02-14 10:51:21 | TRACE   | query_time, 0.0005300901830196381
2024-02-14 10:51:21 | TRACE   | query_time, 0.0005112551152706146
2024-02-14 10:51:21 | TRACE   | query_time, 0.0005200803279876709
2024-02-14 10:51:21 | TRACE   | query_time, 0.000499531626701355
2024-02-14 10:51:21 | TRACE   | query_time, 0.0005037914961576462
2024-02-14 10:51:21 | TRACE   | query_time, 0.0004891529679298401
2024-02-14 10:51:21 | TRACE   | query_time, 0.000496232882142067
2024-02-14 10:51:21 | TRACE   | query_time, 0.0005026105791330338
2024-02-14 10:51:21 | TRACE   | query_time, 0.0004968047142028809
2024-02-14 10:51:21 | TRACE   | query_time, 0.0005379542708396912
2024-02-14 10:51:21 | TRACE   | query_time, 0.0005056094378232956
2024-02-14 10:51:21 | TRACE   | query_time, 0.0004896596074104309
2024-02-14 10:51:21 | TRACE   | query_time, 0.0006745066493749619
2024-02-14 10:51:21 | TRACE   | query_time, 0.0004917439073324203
2024-02-14 10:51:21 | TRACE   | query_time, 0.0004978906363248825
2024-02-14 10:51:21 | TRACE   | query_time, 0.0004739779978990555
2024-02-14 10:51:21 | TRACE   | query_time, 0.00046913325786590576
2024-02-14 10:51:21 | TRACE   | query_time, 0.0004988685250282288
2024-02-14 10:51:21 | TRACE   | query_time, 0.0005111545324325562
2024-02-14 10:51:21 | TRACE   | query_time, 0.0005442537367343903
2024-02-14 10:51:21 | TRACE   | query_time, 0.0004996005445718765
2024-02-14 10:51:21 | TRACE   | query_time, 0.0004972498863935471
2024-02-14 10:51:21 | TRACE   | query_time, 0.0004892852157354355
2024-02-14 10:51:21 | TRACE   | query_time, 0.0005027148872613907
2024-02-14 10:51:21 | TRACE   | query_time, 0.0004935059696435928
2024-02-14 10:51:21 | TRACE   | query_time, 0.0005368143320083618
2024-02-14 10:51:21 | TRACE   | query_time, 0.000542469322681427
2024-02-14 10:51:21 | TRACE   | query_time, 0.0004884451627731323
2024-02-14 10:51:21 | TRACE   | query_time, 0.000500507652759552
2024-02-14 10:51:21 | TRACE   | query_time, 0.00048098526895046234
2024-02-14 10:51:21 | TRACE   | query_time, 0.0005039162933826447
2024-02-14 10:51:21 | TRACE   | query_time, 0.0004784073680639267
2024-02-14 10:51:21 | TRACE   | query_time, 0.0004992429167032242
2024-02-14 10:51:21 | TRACE   | query_time, 0.0004935506731271744
2024-02-14 10:51:21 | TRACE   | query_time, 0.0004937313497066498
2024-02-14 10:51:21 | TRACE   | query_time, 0.0004949122667312622
2024-02-14 10:51:21 | TRACE   | query_time, 0.0004746299237012863
2024-02-14 10:51:21 | TRACE   | query_time, 0.0005107205361127853
2024-02-14 10:51:21 | TRACE   | query_time, 0.0004890952259302139
2024-02-14 10:51:21 | TRACE   | query_time, 0.0005066078156232834
2024-02-14 10:51:21 | TRACE   | query_time, 0.0005183108150959015
2024-02-14 10:51:21 | TRACE   | query_time, 0.000492023304104805
2024-02-14 10:51:21 | TRACE   | query_time, 0.0005012378096580505
2024-02-14 10:51:21 | TRACE   | query_time, 0.0004705488681793213
2024-02-14 10:51:21 | TRACE   | query_time, 0.000492338091135025
2024-02-14 10:51:21 | TRACE   | query_time, 0.0004934929311275482
2024-02-14 10:51:21 | TRACE   | query_time, 0.0004952438175678253
2024-02-14 10:51:21 | TRACE   | query_time, 0.0004679672420024872
2024-02-14 10:51:21 | TRACE   | query_time, 0.0004820115864276886
2024-02-14 10:51:21 | TRACE   | query_time, 0.0005044136196374893
2024-02-14 10:51:21 | TRACE   | query_time, 0.000490240752696991
2024-02-14 10:51:21 | TRACE   | query_time, 0.0005093999207019806
2024-02-14 10:51:21 | TRACE   | query_time, 0.00048383884131908417
2024-02-14 10:51:21 | TRACE   | query_time, 0.0004945956170558929
2024-02-14 10:51:21 | TRACE   | query_time, 0.0004984047263860703
2024-02-14 10:51:21 | TRACE   | query_time, 0.00047663599252700806
