2024-02-14 10:45:30 | DEBUG   | {'input': PosixPath('data/open_data_usa/indices/microbenchmarks/rebinning-k500.zst'), 'input_type': 'index', 'queries': PosixPath('data/open_data_usa/queries/microbenchmarks.zst'), 'estimation_mode': None, 'index_mode': 'recall', 'output': None, 'workers': None, 'frequency_hists': False, 'suppress_results': False, 'log_level': 'INFO', 'log_file': PosixPath('logs/microbenchmarks/runtime/open_data_usa-rebinning-k500-single-1.log')}
2024-02-14 10:45:30 | DEBUG   | Loading input data from data/open_data_usa/indices/microbenchmarks/rebinning-k500.zst
2024-02-14 10:45:30 | DEBUG   | Loading queries from data/open_data_usa/queries/microbenchmarks.zst
2024-02-14 10:45:30 | TRACE   | bootstrap_time, 0.16226254776120186
2024-02-14 10:45:30 | DEBUG   | Starting execution
2024-02-14 10:45:30 | TRACE   | query_time, 0.00122804194688797
2024-02-14 10:45:30 | TRACE   | query_time, 0.0008626561611890793
2024-02-14 10:45:30 | TRACE   | query_time, 0.0008580684661865234
2024-02-14 10:45:30 | TRACE   | query_time, 0.000841185450553894
2024-02-14 10:45:30 | TRACE   | query_time, 0.0008135400712490082
2024-02-14 10:45:30 | TRACE   | query_time, 0.0008230004459619522
2024-02-14 10:45:30 | TRACE   | query_time, 0.0010982584208250046
2024-02-14 10:45:30 | TRACE   | query_time, 0.0008559431880712509
2024-02-14 10:45:30 | TRACE   | query_time, 0.0008079465478658676
2024-02-14 10:45:30 | TRACE   | query_time, 0.0009008366614580154
2024-02-14 10:45:30 | TRACE   | query_time, 0.0008224602788686752
2024-02-14 10:45:30 | TRACE   | query_time, 0.0008551403880119324
2024-02-14 10:45:30 | TRACE   | query_time, 0.0008224323391914368
2024-02-14 10:45:30 | TRACE   | query_time, 0.0008787401020526886
2024-02-14 10:45:30 | TRACE   | query_time, 0.0008584149181842804
2024-02-14 10:45:30 | TRACE   | query_time, 0.0008496399968862534
2024-02-14 10:45:30 | TRACE   | query_time, 0.0008541606366634369
2024-02-14 10:45:30 | TRACE   | query_time, 0.0008393656462430954
2024-02-14 10:45:30 | TRACE   | query_time, 0.0008610840886831284
2024-02-14 10:45:30 | TRACE   | query_time, 0.0009184200316667557
2024-02-14 10:45:30 | TRACE   | query_time, 0.0010133273899555206
2024-02-14 10:45:30 | TRACE   | query_time, 0.0008604526519775391
2024-02-14 10:45:30 | TRACE   | query_time, 0.0008729491382837296
2024-02-14 10:45:30 | TRACE   | query_time, 0.0008593853563070297
2024-02-14 10:45:30 | TRACE   | query_time, 0.0008641723543405533
2024-02-14 10:45:30 | TRACE   | query_time, 0.0008685663342475891
2024-02-14 10:45:30 | TRACE   | query_time, 0.0008438862860202789
2024-02-14 10:45:30 | TRACE   | query_time, 0.0009581204503774643
2024-02-14 10:45:30 | TRACE   | query_time, 0.0008669272065162659
2024-02-14 10:45:30 | TRACE   | query_time, 0.0008371639996767044
2024-02-14 10:45:30 | TRACE   | query_time, 0.001073058694601059
2024-02-14 10:45:30 | TRACE   | query_time, 0.0008933562785387039
2024-02-14 10:45:30 | TRACE   | query_time, 0.0009290669113397598
2024-02-14 10:45:30 | TRACE   | query_time, 0.0008456576615571976
2024-02-14 10:45:30 | TRACE   | query_time, 0.0008944496512413025
2024-02-14 10:45:30 | TRACE   | query_time, 0.0008826479315757751
2024-02-14 10:45:30 | TRACE   | query_time, 0.0008273683488368988
2024-02-14 10:45:30 | TRACE   | query_time, 0.0010834131389856339
2024-02-14 10:45:30 | TRACE   | query_time, 0.0008758027106523514
2024-02-14 10:45:30 | TRACE   | query_time, 0.000993587076663971
2024-02-14 10:45:30 | TRACE   | query_time, 0.0008576884865760803
2024-02-14 10:45:30 | TRACE   | query_time, 0.0010268110781908035
2024-02-14 10:45:30 | TRACE   | query_time, 0.0008743125945329666
2024-02-14 10:45:30 | TRACE   | query_time, 0.0010188501328229904
2024-02-14 10:45:30 | TRACE   | query_time, 0.0008743684738874435
2024-02-14 10:45:30 | TRACE   | query_time, 0.0008626356720924377
2024-02-14 10:45:30 | TRACE   | query_time, 0.0008658375591039658
2024-02-14 10:45:30 | TRACE   | query_time, 0.0009439606219530106
2024-02-14 10:45:30 | TRACE   | query_time, 0.0013180449604988098
2024-02-14 10:45:30 | TRACE   | query_time, 0.0008550975471735001
2024-02-14 10:45:30 | TRACE   | query_time, 0.0011427626013755798
2024-02-14 10:45:30 | TRACE   | query_time, 0.0008720327168703079
2024-02-14 10:45:30 | TRACE   | query_time, 0.0010557416826486588
2024-02-14 10:45:30 | TRACE   | query_time, 0.0008503925055265427
2024-02-14 10:45:30 | TRACE   | query_time, 0.0008633788675069809
2024-02-14 10:45:30 | TRACE   | query_time, 0.0009896345436573029
2024-02-14 10:45:30 | TRACE   | query_time, 0.0008406229317188263
2024-02-14 10:45:30 | TRACE   | query_time, 0.0008590482175350189
2024-02-14 10:45:30 | TRACE   | query_time, 0.0008653029799461365
2024-02-14 10:45:30 | TRACE   | query_time, 0.0008412729948759079
2024-02-14 10:45:30 | TRACE   | query_time, 0.0008461438119411469
2024-02-14 10:45:30 | TRACE   | query_time, 0.0009721945971250534
2024-02-14 10:45:30 | TRACE   | query_time, 0.001130230724811554
2024-02-14 10:45:30 | TRACE   | query_time, 0.0008791200816631317
2024-02-14 10:45:30 | TRACE   | query_time, 0.0009022224694490433
2024-02-14 10:45:30 | TRACE   | query_time, 0.0008655507117509842
2024-02-14 10:45:30 | TRACE   | query_time, 0.0008563175797462463
2024-02-14 10:45:30 | TRACE   | query_time, 0.00085456483066082
2024-02-14 10:45:30 | TRACE   | query_time, 0.0008464232087135315
2024-02-14 10:45:30 | TRACE   | query_time, 0.0008753128349781036
2024-02-14 10:45:30 | TRACE   | query_time, 0.0008478816598653793
2024-02-14 10:45:30 | TRACE   | query_time, 0.0008226502686738968
2024-02-14 10:45:30 | TRACE   | query_time, 0.0008406732231378555
2024-02-14 10:45:30 | TRACE   | query_time, 0.0008742194622755051
2024-02-14 10:45:30 | TRACE   | query_time, 0.0009932052344083786
2024-02-14 10:45:30 | TRACE   | query_time, 0.0008681807667016983
2024-02-14 10:45:30 | TRACE   | query_time, 0.0008499026298522949
2024-02-14 10:45:30 | TRACE   | query_time, 0.0008888691663742065
2024-02-14 10:45:30 | TRACE   | query_time, 0.000846056267619133
2024-02-14 10:45:30 | TRACE   | query_time, 0.0008499473333358765
2024-02-14 10:45:30 | TRACE   | query_time, 0.0008499119430780411
2024-02-14 10:45:30 | TRACE   | query_time, 0.0008805319666862488
2024-02-14 10:45:30 | TRACE   | query_time, 0.0008485652506351471
2024-02-14 10:45:30 | TRACE   | query_time, 0.0010561943054199219
2024-02-14 10:45:30 | TRACE   | query_time, 0.0008350815623998642
2024-02-14 10:45:30 | TRACE   | query_time, 0.0009473394602537155
2024-02-14 10:45:30 | TRACE   | query_time, 0.0009118132293224335
2024-02-14 10:45:30 | TRACE   | query_time, 0.0008463356643915176
2024-02-14 10:45:30 | TRACE   | query_time, 0.0009007249027490616
2024-02-14 10:45:30 | TRACE   | query_time, 0.0008577592670917511
2024-02-14 10:45:31 | TRACE   | query_time, 0.001039033755660057
2024-02-14 10:45:31 | TRACE   | query_time, 0.0008485037833452225
2024-02-14 10:45:31 | TRACE   | query_time, 0.0008574109524488449
2024-02-14 10:45:31 | TRACE   | query_time, 0.000855516642332077
2024-02-14 10:45:31 | TRACE   | query_time, 0.0008486863225698471
2024-02-14 10:45:31 | TRACE   | query_time, 0.0007298439741134644
2024-02-14 10:45:31 | TRACE   | query_time, 0.00074043869972229
2024-02-14 10:45:31 | TRACE   | query_time, 0.0007375646382570267
2024-02-14 10:45:31 | TRACE   | query_time, 0.0007791444659233093
2024-02-14 10:45:31 | TRACE   | query_time, 0.0007518623024225235
2024-02-14 10:45:31 | TRACE   | query_time, 0.001146700233221054
2024-02-14 10:45:31 | TRACE   | query_time, 0.0009398255497217178
2024-02-14 10:45:31 | TRACE   | query_time, 0.0007511153817176819
2024-02-14 10:45:31 | TRACE   | query_time, 0.000757213681936264
2024-02-14 10:45:31 | TRACE   | query_time, 0.0007471181452274323
2024-02-14 10:45:31 | TRACE   | query_time, 0.0007763747125864029
2024-02-14 10:45:31 | TRACE   | query_time, 0.0007521919906139374
2024-02-14 10:45:31 | TRACE   | query_time, 0.0009149797260761261
2024-02-14 10:45:31 | TRACE   | query_time, 0.0007415246218442917
2024-02-14 10:45:31 | TRACE   | query_time, 0.0007496420294046402
2024-02-14 10:45:31 | TRACE   | query_time, 0.000746358186006546
2024-02-14 10:45:31 | TRACE   | query_time, 0.0007616858929395676
2024-02-14 10:45:31 | TRACE   | query_time, 0.0010601263493299484
2024-02-14 10:45:31 | TRACE   | query_time, 0.0007636174559593201
2024-02-14 10:45:31 | TRACE   | query_time, 0.0007599629461765289
2024-02-14 10:45:31 | TRACE   | query_time, 0.0010254718363285065
2024-02-14 10:45:31 | TRACE   | query_time, 0.0010906439274549484
2024-02-14 10:45:31 | TRACE   | query_time, 0.0007432494312524796
2024-02-14 10:45:31 | TRACE   | query_time, 0.0007812995463609695
2024-02-14 10:45:31 | TRACE   | query_time, 0.0011261403560638428
2024-02-14 10:45:31 | TRACE   | query_time, 0.0007371362298727036
2024-02-14 10:45:31 | TRACE   | query_time, 0.0007505249232053757
2024-02-14 10:45:31 | TRACE   | query_time, 0.0009486228227615356
2024-02-14 10:45:31 | TRACE   | query_time, 0.0007445178925991058
2024-02-14 10:45:31 | TRACE   | query_time, 0.0007835756987333298
2024-02-14 10:45:31 | TRACE   | query_time, 0.0007583554834127426
2024-02-14 10:45:31 | TRACE   | query_time, 0.0007643923163414001
2024-02-14 10:45:31 | TRACE   | query_time, 0.000755947083234787
2024-02-14 10:45:31 | TRACE   | query_time, 0.0007570628076791763
2024-02-14 10:45:31 | TRACE   | query_time, 0.0009165983647108078
2024-02-14 10:45:31 | TRACE   | query_time, 0.0008968394249677658
2024-02-14 10:45:31 | TRACE   | query_time, 0.0007402710616588593
2024-02-14 10:45:31 | TRACE   | query_time, 0.0007645655423402786
2024-02-14 10:45:31 | TRACE   | query_time, 0.0007749292999505997
2024-02-14 10:45:31 | TRACE   | query_time, 0.0008997432887554169
2024-02-14 10:45:31 | TRACE   | query_time, 0.001035870984196663
2024-02-14 10:45:31 | TRACE   | query_time, 0.000729857012629509
2024-02-14 10:45:31 | TRACE   | query_time, 0.0007909052073955536
2024-02-14 10:45:31 | TRACE   | query_time, 0.0007785949856042862
2024-02-14 10:45:31 | TRACE   | query_time, 0.0010035764425992966
2024-02-14 10:45:31 | TRACE   | query_time, 0.0007325820624828339
2024-02-14 10:45:31 | TRACE   | query_time, 0.0007504317909479141
2024-02-14 10:45:31 | TRACE   | query_time, 0.0007596313953399658
2024-02-14 10:45:31 | TRACE   | query_time, 0.0007534138858318329
2024-02-14 10:45:31 | TRACE   | query_time, 0.001124328002333641
2024-02-14 10:45:31 | TRACE   | query_time, 0.0007608048617839813
2024-02-14 10:45:31 | TRACE   | query_time, 0.00112137570977211
2024-02-14 10:45:31 | TRACE   | query_time, 0.0007285289466381073
2024-02-14 10:45:31 | TRACE   | query_time, 0.0007526446133852005
2024-02-14 10:45:31 | TRACE   | query_time, 0.0007304996252059937
2024-02-14 10:45:31 | TRACE   | query_time, 0.0010774768888950348
2024-02-14 10:45:31 | TRACE   | query_time, 0.0011005233973264694
2024-02-14 10:45:31 | TRACE   | query_time, 0.0007528569549322128
2024-02-14 10:45:31 | TRACE   | query_time, 0.0007858965545892715
2024-02-14 10:45:31 | TRACE   | query_time, 0.0007624216377735138
2024-02-14 10:45:31 | TRACE   | query_time, 0.0007749702781438828
2024-02-14 10:45:31 | TRACE   | query_time, 0.0007562749087810516
2024-02-14 10:45:31 | TRACE   | query_time, 0.000996474176645279
2024-02-14 10:45:31 | TRACE   | query_time, 0.0007620453834533691
2024-02-14 10:45:31 | TRACE   | query_time, 0.0007444098591804504
2024-02-14 10:45:31 | TRACE   | query_time, 0.0007606316357851028
2024-02-14 10:45:31 | TRACE   | query_time, 0.0011017676442861557
2024-02-14 10:45:31 | TRACE   | query_time, 0.0007696989923715591
2024-02-14 10:45:31 | TRACE   | query_time, 0.0011106450110673904
2024-02-14 10:45:31 | TRACE   | query_time, 0.0007395055145025253
2024-02-14 10:45:31 | TRACE   | query_time, 0.0008089113980531693
2024-02-14 10:45:31 | TRACE   | query_time, 0.0007735639810562134
2024-02-14 10:45:31 | TRACE   | query_time, 0.0007428452372550964
2024-02-14 10:45:31 | TRACE   | query_time, 0.0007611401379108429
2024-02-14 10:45:31 | TRACE   | query_time, 0.0010612178593873978
2024-02-14 10:45:31 | TRACE   | query_time, 0.0007282793521881104
2024-02-14 10:45:31 | TRACE   | query_time, 0.0007630009204149246
2024-02-14 10:45:31 | TRACE   | query_time, 0.0007308889180421829
2024-02-14 10:45:31 | TRACE   | query_time, 0.0008543170988559723
2024-02-14 10:45:31 | TRACE   | query_time, 0.0007902756333351135
2024-02-14 10:45:31 | TRACE   | query_time, 0.0007567908614873886
2024-02-14 10:45:31 | TRACE   | query_time, 0.0007499530911445618
2024-02-14 10:45:31 | TRACE   | query_time, 0.0007726624608039856
2024-02-14 10:45:31 | TRACE   | query_time, 0.0007524192333221436
2024-02-14 10:45:31 | TRACE   | query_time, 0.0007547866553068161
2024-02-14 10:45:31 | TRACE   | query_time, 0.0007667317986488342
2024-02-14 10:45:31 | TRACE   | query_time, 0.0007643010467290878
2024-02-14 10:45:31 | TRACE   | query_time, 0.0009965822100639343
2024-02-14 10:45:31 | TRACE   | query_time, 0.0007372163236141205
2024-02-14 10:45:31 | TRACE   | query_time, 0.0007444154471158981
2024-02-14 10:45:31 | TRACE   | query_time, 0.0007432494312524796
2024-02-14 10:45:31 | TRACE   | query_time, 0.0011211168020963669
2024-02-14 10:45:31 | TRACE   | query_time, 0.0007295235991477966
2024-02-14 10:45:31 | TRACE   | query_time, 0.0007587559521198273
2024-02-14 10:45:31 | TRACE   | query_time, 0.0007791724056005478
2024-02-14 10:45:31 | TRACE   | query_time, 0.0011161081492900848
2024-02-14 10:45:31 | TRACE   | query_time, 0.0007272344082593918
2024-02-14 10:45:31 | TRACE   | query_time, 0.0007412619888782501
2024-02-14 10:45:31 | TRACE   | query_time, 0.00072467140853405
2024-02-14 10:45:31 | TRACE   | query_time, 0.0007605031132698059
2024-02-14 10:45:31 | TRACE   | query_time, 0.0011043921113014221
2024-02-14 10:45:31 | TRACE   | query_time, 0.0007354281842708588
2024-02-14 10:45:31 | TRACE   | query_time, 0.0007850956171751022
2024-02-14 10:45:31 | TRACE   | query_time, 0.0007398948073387146
2024-02-14 10:45:31 | TRACE   | query_time, 0.0007450133562088013
2024-02-14 10:45:31 | TRACE   | query_time, 0.0007647890597581863
2024-02-14 10:45:31 | TRACE   | query_time, 0.001005280762910843
2024-02-14 10:45:31 | TRACE   | query_time, 0.0007523428648710251
2024-02-14 10:45:31 | TRACE   | query_time, 0.0007784552872180939
2024-02-14 10:45:31 | TRACE   | query_time, 0.0007579922676086426
2024-02-14 10:45:31 | TRACE   | query_time, 0.0010230690240859985
2024-02-14 10:45:31 | TRACE   | query_time, 0.0007527600973844528
2024-02-14 10:45:31 | TRACE   | query_time, 0.001002766191959381
2024-02-14 10:45:31 | TRACE   | query_time, 0.0007397383451461792
2024-02-14 10:45:31 | TRACE   | query_time, 0.000763455405831337
2024-02-14 10:45:31 | TRACE   | query_time, 0.0011203661561012268
2024-02-14 10:45:31 | TRACE   | query_time, 0.0007876809686422348
2024-02-14 10:45:31 | TRACE   | query_time, 0.0007946770638227463
2024-02-14 10:45:31 | TRACE   | query_time, 0.0007424559444189072
2024-02-14 10:45:31 | TRACE   | query_time, 0.0007299594581127167
2024-02-14 10:45:31 | TRACE   | query_time, 0.0007406715303659439
2024-02-14 10:45:31 | TRACE   | query_time, 0.0011203344911336899
2024-02-14 10:45:31 | TRACE   | query_time, 0.0007400549948215485
2024-02-14 10:45:31 | TRACE   | query_time, 0.0008221641182899475
2024-02-14 10:45:31 | TRACE   | query_time, 0.0007347632199525833
2024-02-14 10:45:31 | TRACE   | query_time, 0.0007413905113935471
2024-02-14 10:45:31 | TRACE   | query_time, 0.0007520150393247604
2024-02-14 10:45:31 | TRACE   | query_time, 0.0007784608751535416
2024-02-14 10:45:31 | TRACE   | query_time, 0.0007288269698619843
2024-02-14 10:45:31 | TRACE   | query_time, 0.0010561756789684296
2024-02-14 10:45:31 | TRACE   | query_time, 0.0007268227636814117
2024-02-14 10:45:31 | TRACE   | query_time, 0.0007759910076856613
2024-02-14 10:45:31 | TRACE   | query_time, 0.0007650274783372879
2024-02-14 10:45:31 | TRACE   | query_time, 0.0007862597703933716
2024-02-14 10:45:31 | TRACE   | query_time, 0.0007456410676240921
2024-02-14 10:45:31 | TRACE   | query_time, 0.0008829310536384583
2024-02-14 10:45:31 | TRACE   | query_time, 0.0007552560418844223
2024-02-14 10:45:31 | TRACE   | query_time, 0.0008857753127813339
2024-02-14 10:45:31 | TRACE   | query_time, 0.0007464811205863953
2024-02-14 10:45:31 | TRACE   | query_time, 0.00112173892557621
2024-02-14 10:45:31 | TRACE   | query_time, 0.0007334090769290924
2024-02-14 10:45:31 | TRACE   | query_time, 0.0007323399186134338
2024-02-14 10:45:31 | TRACE   | query_time, 0.0007567685097455978
2024-02-14 10:45:31 | TRACE   | query_time, 0.0007422901690006256
2024-02-14 10:45:31 | TRACE   | query_time, 0.0007509496062994003
2024-02-14 10:45:31 | TRACE   | query_time, 0.0007412843406200409
2024-02-14 10:45:31 | TRACE   | query_time, 0.0007766522467136383
2024-02-14 10:45:31 | TRACE   | query_time, 0.000735890120267868
2024-02-14 10:45:31 | TRACE   | query_time, 0.000749519094824791
2024-02-14 10:45:31 | TRACE   | query_time, 0.0010531041771173477
2024-02-14 10:45:31 | TRACE   | query_time, 0.000722808763384819
2024-02-14 10:45:31 | TRACE   | query_time, 0.0007575023919343948
2024-02-14 10:45:31 | TRACE   | query_time, 0.0007613878697156906
2024-02-14 10:45:31 | TRACE   | query_time, 0.0007398929446935654
2024-02-14 10:45:31 | TRACE   | query_time, 0.0007320716977119446
2024-02-14 10:45:31 | TRACE   | query_time, 0.0007337983697652817
2024-02-14 10:45:31 | TRACE   | query_time, 0.0007532499730587006
2024-02-14 10:45:31 | TRACE   | query_time, 0.0007415395230054855
2024-02-14 10:45:31 | TRACE   | query_time, 0.000731172040104866
2024-02-14 10:45:31 | TRACE   | query_time, 0.0007415376603603363
2024-02-14 10:45:31 | TRACE   | query_time, 0.0011201351881027222
2024-02-14 10:45:31 | TRACE   | query_time, 0.0007215552031993866
2024-02-14 10:45:31 | TRACE   | query_time, 0.0007510129362344742
2024-02-14 10:45:31 | TRACE   | query_time, 0.0007603894919157028
2024-02-14 10:45:31 | TRACE   | query_time, 0.0007285252213478088
2024-02-14 10:45:31 | TRACE   | query_time, 0.0010494161397218704
2024-02-14 10:45:31 | TRACE   | query_time, 0.0007469356060028076
2024-02-14 10:45:31 | TRACE   | query_time, 0.0008017104119062424
2024-02-14 10:45:31 | TRACE   | query_time, 0.0007477644830942154
2024-02-14 10:45:31 | TRACE   | query_time, 0.0007515028119087219
2024-02-14 10:45:31 | TRACE   | query_time, 0.0007712244987487793
2024-02-14 10:45:31 | TRACE   | query_time, 0.0010559000074863434
2024-02-14 10:45:31 | TRACE   | query_time, 0.0008627977222204208
2024-02-14 10:45:31 | TRACE   | query_time, 0.0007577240467071533
2024-02-14 10:45:31 | TRACE   | query_time, 0.0007493123412132263
2024-02-14 10:45:31 | TRACE   | query_time, 0.0007377360016107559
2024-02-14 10:45:31 | TRACE   | query_time, 0.0008908715099096298
2024-02-14 10:45:31 | TRACE   | query_time, 0.0007638484239578247
2024-02-14 10:45:31 | TRACE   | query_time, 0.0008934549987316132
2024-02-14 10:45:31 | TRACE   | query_time, 0.0007589925080537796
2024-02-14 10:45:31 | TRACE   | query_time, 0.0010926034301519394
2024-02-14 10:45:31 | TRACE   | query_time, 0.000721590593457222
2024-02-14 10:45:31 | TRACE   | query_time, 0.0011098086833953857
2024-02-14 10:45:31 | TRACE   | query_time, 0.000727558508515358
2024-02-14 10:45:31 | TRACE   | query_time, 0.0007913969457149506
2024-02-14 10:45:31 | TRACE   | query_time, 0.0007474757730960846
2024-02-14 10:45:31 | TRACE   | query_time, 0.0007276516407728195
2024-02-14 10:45:31 | TRACE   | query_time, 0.0007381103932857513
2024-02-14 10:45:31 | TRACE   | query_time, 0.000765141099691391
2024-02-14 10:45:31 | TRACE   | query_time, 0.0008093751966953278
2024-02-14 10:45:31 | TRACE   | query_time, 0.0007353462278842926
2024-02-14 10:45:31 | TRACE   | query_time, 0.0007766764611005783
2024-02-14 10:45:31 | TRACE   | query_time, 0.0007408075034618378
2024-02-14 10:45:31 | TRACE   | query_time, 0.0007394216954708099
2024-02-14 10:45:31 | TRACE   | query_time, 0.0007265619933605194
2024-02-14 10:45:31 | TRACE   | query_time, 0.0007361210882663727
2024-02-14 10:45:31 | TRACE   | query_time, 0.0007298197597265244
2024-02-14 10:45:31 | TRACE   | query_time, 0.0007859412580728531
2024-02-14 10:45:31 | TRACE   | query_time, 0.000749439001083374
2024-02-14 10:45:31 | TRACE   | query_time, 0.000737970694899559
2024-02-14 10:45:31 | TRACE   | query_time, 0.0008610952645540237
2024-02-14 10:45:31 | TRACE   | query_time, 0.0008949786424636841
2024-02-14 10:45:31 | TRACE   | query_time, 0.0007343478500843048
2024-02-14 10:45:31 | TRACE   | query_time, 0.0007511172443628311
2024-02-14 10:45:31 | TRACE   | query_time, 0.0007506143301725388
2024-02-14 10:45:31 | TRACE   | query_time, 0.0007433611899614334
2024-02-14 10:45:31 | TRACE   | query_time, 0.0007332190871238708
2024-02-14 10:45:31 | TRACE   | query_time, 0.0007409453392028809
2024-02-14 10:45:31 | TRACE   | query_time, 0.0010394752025604248
2024-02-14 10:45:31 | TRACE   | query_time, 0.0007573887705802917
2024-02-14 10:45:31 | TRACE   | query_time, 0.0007437281310558319
2024-02-14 10:45:31 | TRACE   | query_time, 0.0007321294397115707
2024-02-14 10:45:31 | TRACE   | query_time, 0.0008668452501296997
2024-02-14 10:45:31 | TRACE   | query_time, 0.0007332116365432739
2024-02-14 10:45:31 | TRACE   | query_time, 0.0008190479129552841
2024-02-14 10:45:31 | TRACE   | query_time, 0.0007177237421274185
2024-02-14 10:45:31 | TRACE   | query_time, 0.000716058537364006
2024-02-14 10:45:31 | TRACE   | query_time, 0.0007090307772159576
2024-02-14 10:45:31 | TRACE   | query_time, 0.0010584089905023575
2024-02-14 10:45:31 | TRACE   | query_time, 0.0007444806396961212
2024-02-14 10:45:31 | TRACE   | query_time, 0.0007230062037706375
2024-02-14 10:45:31 | TRACE   | query_time, 0.0010953005403280258
2024-02-14 10:45:31 | TRACE   | query_time, 0.0006835237145423889
2024-02-14 10:45:31 | TRACE   | query_time, 0.0010828301310539246
2024-02-14 10:45:31 | TRACE   | query_time, 0.0006871279329061508
2024-02-14 10:45:31 | TRACE   | query_time, 0.0007157512009143829
2024-02-14 10:45:31 | TRACE   | query_time, 0.0006976127624511719
2024-02-14 10:45:31 | TRACE   | query_time, 0.0006939545273780823
2024-02-14 10:45:31 | TRACE   | query_time, 0.0009090881794691086
2024-02-14 10:45:31 | TRACE   | query_time, 0.0007092393934726715
2024-02-14 10:45:31 | TRACE   | query_time, 0.0006800740957260132
2024-02-14 10:45:31 | TRACE   | query_time, 0.0007574278861284256
2024-02-14 10:45:31 | TRACE   | query_time, 0.0006953608244657516
2024-02-14 10:45:31 | TRACE   | query_time, 0.0007216725498437881
2024-02-14 10:45:31 | TRACE   | query_time, 0.0007030144333839417
2024-02-14 10:45:31 | TRACE   | query_time, 0.0008424874395132065
2024-02-14 10:45:31 | TRACE   | query_time, 0.0007236935198307037
2024-02-14 10:45:31 | TRACE   | query_time, 0.000708242878317833
2024-02-14 10:45:31 | TRACE   | query_time, 0.00786258652806282
2024-02-14 10:45:31 | TRACE   | query_time, 0.008141402155160904
2024-02-14 10:45:31 | TRACE   | query_time, 0.007181404158473015
2024-02-14 10:45:31 | TRACE   | query_time, 0.007030509412288666
2024-02-14 10:45:31 | TRACE   | query_time, 0.0074115414172410965
2024-02-14 10:45:31 | TRACE   | query_time, 0.0070141516625881195
2024-02-14 10:45:31 | TRACE   | query_time, 0.006934976205229759
2024-02-14 10:45:31 | TRACE   | query_time, 0.007235849276185036
2024-02-14 10:45:31 | TRACE   | query_time, 0.006825976073741913
2024-02-14 10:45:31 | TRACE   | query_time, 0.006923474371433258
2024-02-14 10:45:31 | TRACE   | query_time, 0.007245589047670364
2024-02-14 10:45:31 | TRACE   | query_time, 0.0069486163556575775
2024-02-14 10:45:31 | TRACE   | query_time, 0.007198186591267586
2024-02-14 10:45:31 | TRACE   | query_time, 0.006911346688866615
2024-02-14 10:45:31 | TRACE   | query_time, 0.006855294108390808
2024-02-14 10:45:31 | TRACE   | query_time, 0.007075818255543709
2024-02-14 10:45:31 | TRACE   | query_time, 0.00736246258020401
2024-02-14 10:45:31 | TRACE   | query_time, 0.006857583299279213
2024-02-14 10:45:31 | TRACE   | query_time, 0.006866743788123131
2024-02-14 10:45:31 | TRACE   | query_time, 0.0067872460931539536
2024-02-14 10:45:31 | TRACE   | query_time, 0.0065950676798820496
2024-02-14 10:45:31 | TRACE   | query_time, 0.007148547098040581
2024-02-14 10:45:31 | TRACE   | query_time, 0.006476720795035362
2024-02-14 10:45:31 | TRACE   | query_time, 0.006767936050891876
2024-02-14 10:45:31 | TRACE   | query_time, 0.00715116411447525
2024-02-14 10:45:31 | TRACE   | query_time, 0.007074208930134773
2024-02-14 10:45:31 | TRACE   | query_time, 0.007147207856178284
2024-02-14 10:45:31 | TRACE   | query_time, 0.007146542891860008
2024-02-14 10:45:31 | TRACE   | query_time, 0.007030444219708443
2024-02-14 10:45:31 | TRACE   | query_time, 0.006541656330227852
2024-02-14 10:45:31 | TRACE   | query_time, 0.0064103249460458755
2024-02-14 10:45:31 | TRACE   | query_time, 0.006857352331280708
2024-02-14 10:45:31 | TRACE   | query_time, 0.0065282415598630905
2024-02-14 10:45:31 | TRACE   | query_time, 0.007269924506545067
2024-02-14 10:45:31 | TRACE   | query_time, 0.006705250591039658
2024-02-14 10:45:31 | TRACE   | query_time, 0.006436726078391075
2024-02-14 10:45:31 | TRACE   | query_time, 0.006695227697491646
2024-02-14 10:45:31 | TRACE   | query_time, 0.00704214908182621
2024-02-14 10:45:31 | TRACE   | query_time, 0.0069195982068777084
2024-02-14 10:45:31 | TRACE   | query_time, 0.00656004436314106
2024-02-14 10:45:31 | TRACE   | query_time, 0.006765374913811684
2024-02-14 10:45:31 | TRACE   | query_time, 0.006442852318286896
2024-02-14 10:45:31 | TRACE   | query_time, 0.006768496707081795
2024-02-14 10:45:31 | TRACE   | query_time, 0.006742851808667183
2024-02-14 10:45:31 | TRACE   | query_time, 0.006921878084540367
2024-02-14 10:45:31 | TRACE   | query_time, 0.006730521097779274
2024-02-14 10:45:31 | TRACE   | query_time, 0.006748491898179054
2024-02-14 10:45:31 | TRACE   | query_time, 0.006986405700445175
2024-02-14 10:45:31 | TRACE   | query_time, 0.006775025278329849
2024-02-14 10:45:31 | TRACE   | query_time, 0.006786974146962166
2024-02-14 10:45:31 | TRACE   | query_time, 0.006721813231706619
2024-02-14 10:45:31 | TRACE   | query_time, 0.006966773420572281
2024-02-14 10:45:31 | TRACE   | query_time, 0.006876353174448013
2024-02-14 10:45:31 | TRACE   | query_time, 0.007150912657380104
2024-02-14 10:45:31 | TRACE   | query_time, 0.006739513948559761
2024-02-14 10:45:31 | TRACE   | query_time, 0.004771653562784195
2024-02-14 10:45:31 | TRACE   | query_time, 0.007137909531593323
2024-02-14 10:45:31 | TRACE   | query_time, 0.007040414959192276
2024-02-14 10:45:31 | TRACE   | query_time, 0.007528197020292282
2024-02-14 10:45:31 | TRACE   | query_time, 0.006955383345484734
2024-02-14 10:45:31 | TRACE   | query_time, 0.00672173872590065
2024-02-14 10:45:31 | TRACE   | query_time, 0.00705488957464695
2024-02-14 10:45:31 | TRACE   | query_time, 0.007563784718513489
2024-02-14 10:45:31 | TRACE   | query_time, 0.0070225149393081665
2024-02-14 10:45:31 | TRACE   | query_time, 0.007730700075626373
2024-02-14 10:45:31 | TRACE   | query_time, 0.007943196222186089
2024-02-14 10:45:31 | TRACE   | query_time, 0.007139671593904495
2024-02-14 10:45:31 | TRACE   | query_time, 0.004697252064943314
2024-02-14 10:45:31 | TRACE   | query_time, 0.007072584703564644
2024-02-14 10:45:31 | TRACE   | query_time, 0.006758207455277443
2024-02-14 10:45:31 | TRACE   | query_time, 0.006961241364479065
2024-02-14 10:45:31 | TRACE   | query_time, 0.0066419560462236404
2024-02-14 10:45:31 | TRACE   | query_time, 0.00671248696744442
2024-02-14 10:45:31 | TRACE   | query_time, 0.006672551855444908
2024-02-14 10:45:31 | TRACE   | query_time, 0.006803272292017937
2024-02-14 10:45:31 | TRACE   | query_time, 0.0066649820655584335
2024-02-14 10:45:31 | TRACE   | query_time, 0.006642743945121765
2024-02-14 10:45:31 | TRACE   | query_time, 0.006751436740159988
2024-02-14 10:45:31 | TRACE   | query_time, 0.006600761786103249
2024-02-14 10:45:31 | TRACE   | query_time, 0.006632864475250244
2024-02-14 10:45:31 | TRACE   | query_time, 0.006608100607991219
2024-02-14 10:45:31 | TRACE   | query_time, 0.00699213333427906
2024-02-14 10:45:31 | TRACE   | query_time, 0.0075781866908073425
2024-02-14 10:45:31 | TRACE   | query_time, 0.006890607997775078
2024-02-14 10:45:31 | TRACE   | query_time, 0.0069698672741651535
2024-02-14 10:45:31 | TRACE   | query_time, 0.004680369049310684
2024-02-14 10:45:31 | TRACE   | query_time, 0.005307106301188469
2024-02-14 10:45:31 | TRACE   | query_time, 0.0052332039922475815
2024-02-14 10:45:31 | TRACE   | query_time, 0.005047952756285667
2024-02-14 10:45:31 | TRACE   | query_time, 0.004890797659754753
2024-02-14 10:45:31 | TRACE   | query_time, 0.005183486267924309
2024-02-14 10:45:31 | TRACE   | query_time, 0.007162615656852722
2024-02-14 10:45:31 | TRACE   | query_time, 0.006883488968014717
2024-02-14 10:45:31 | TRACE   | query_time, 0.007017051801085472
2024-02-14 10:45:31 | TRACE   | query_time, 0.007678613066673279
2024-02-14 10:45:31 | TRACE   | query_time, 0.004786254838109016
2024-02-14 10:45:31 | TRACE   | query_time, 0.007917067036032677
2024-02-14 10:45:31 | TRACE   | query_time, 0.006967820227146149
2024-02-14 10:45:31 | TRACE   | query_time, 0.004617439582943916
2024-02-14 10:45:31 | TRACE   | query_time, 0.0048501137644052505
2024-02-14 10:45:31 | TRACE   | query_time, 0.0052324328571558
2024-02-14 10:45:31 | TRACE   | query_time, 0.004943434149026871
2024-02-14 10:45:31 | TRACE   | query_time, 0.004927201196551323
2024-02-14 10:45:31 | TRACE   | query_time, 0.005303787067532539
2024-02-14 10:45:31 | TRACE   | query_time, 0.0069951340556144714
2024-02-14 10:45:31 | TRACE   | query_time, 0.004610966891050339
2024-02-14 10:45:31 | TRACE   | query_time, 0.005074487999081612
2024-02-14 10:45:31 | TRACE   | query_time, 0.005244871601462364
2024-02-14 10:45:31 | TRACE   | query_time, 0.005205048248171806
2024-02-14 10:45:31 | TRACE   | query_time, 0.0071448590606451035
2024-02-14 10:45:31 | TRACE   | query_time, 0.004984036087989807
2024-02-14 10:45:31 | TRACE   | query_time, 0.007733592763543129
2024-02-14 10:45:31 | TRACE   | query_time, 0.007502743974328041
2024-02-14 10:45:31 | TRACE   | query_time, 0.005062952637672424
2024-02-14 10:45:32 | TRACE   | query_time, 0.005162116140127182
2024-02-14 10:45:32 | TRACE   | query_time, 0.004935864359140396
2024-02-14 10:45:32 | TRACE   | query_time, 0.005064414814114571
2024-02-14 10:45:32 | TRACE   | query_time, 0.005178084596991539
2024-02-14 10:45:32 | TRACE   | query_time, 0.004770079627633095
2024-02-14 10:45:32 | TRACE   | query_time, 0.0049158260226249695
2024-02-14 10:45:32 | TRACE   | query_time, 0.00531347282230854
2024-02-14 10:45:32 | TRACE   | query_time, 0.007466841489076614
2024-02-14 10:45:32 | TRACE   | query_time, 0.004849324002861977
2024-02-14 10:45:32 | TRACE   | query_time, 0.0054327938705682755
2024-02-14 10:45:32 | TRACE   | query_time, 0.005320234224200249
2024-02-14 10:45:32 | TRACE   | query_time, 0.01122855581343174
2024-02-14 10:45:32 | TRACE   | query_time, 0.01073756255209446
2024-02-14 10:45:32 | TRACE   | query_time, 0.010886106640100479
2024-02-14 10:45:32 | TRACE   | query_time, 0.010631958022713661
2024-02-14 10:45:32 | TRACE   | query_time, 0.010583003982901573
2024-02-14 10:45:32 | TRACE   | query_time, 0.010679282248020172
2024-02-14 10:45:32 | TRACE   | query_time, 0.010755199939012527
2024-02-14 10:45:32 | TRACE   | query_time, 0.010701771825551987
2024-02-14 10:45:32 | TRACE   | query_time, 0.010635720565915108
2024-02-14 10:45:32 | TRACE   | query_time, 0.010846640914678574
2024-02-14 10:45:32 | TRACE   | query_time, 0.010894931852817535
2024-02-14 10:45:32 | TRACE   | query_time, 0.010500425472855568
2024-02-14 10:45:32 | TRACE   | query_time, 0.010502815246582031
2024-02-14 10:45:32 | TRACE   | query_time, 0.01028125174343586
2024-02-14 10:45:32 | TRACE   | query_time, 0.01044837199151516
2024-02-14 10:45:32 | TRACE   | query_time, 0.010465061292052269
2024-02-14 10:45:32 | TRACE   | query_time, 0.010345079004764557
2024-02-14 10:45:32 | TRACE   | query_time, 0.010455729439854622
2024-02-14 10:45:32 | TRACE   | query_time, 0.010356556624174118
2024-02-14 10:45:32 | TRACE   | query_time, 0.010147441178560257
2024-02-14 10:45:32 | TRACE   | query_time, 0.010311078280210495
2024-02-14 10:45:32 | TRACE   | query_time, 0.01031319797039032
2024-02-14 10:45:32 | TRACE   | query_time, 0.010924337431788445
2024-02-14 10:45:32 | TRACE   | query_time, 0.0102169718593359
2024-02-14 10:45:32 | TRACE   | query_time, 0.010454880073666573
2024-02-14 10:45:32 | TRACE   | query_time, 0.010414360091090202
2024-02-14 10:45:32 | TRACE   | query_time, 0.010015811771154404
2024-02-14 10:45:32 | TRACE   | query_time, 0.010242106392979622
2024-02-14 10:45:32 | TRACE   | query_time, 0.01008605770766735
2024-02-14 10:45:32 | TRACE   | query_time, 0.010371459648013115
2024-02-14 10:45:32 | TRACE   | query_time, 0.009998893365263939
2024-02-14 10:45:32 | TRACE   | query_time, 0.009973539039492607
2024-02-14 10:45:32 | TRACE   | query_time, 0.010181773453950882
2024-02-14 10:45:32 | TRACE   | query_time, 0.009960094466805458
2024-02-14 10:45:32 | TRACE   | query_time, 0.010103300213813782
2024-02-14 10:45:32 | TRACE   | query_time, 0.010320022702217102
2024-02-14 10:45:32 | TRACE   | query_time, 0.010131154209375381
2024-02-14 10:45:32 | TRACE   | query_time, 0.009997604414820671
2024-02-14 10:45:32 | TRACE   | query_time, 0.010259697213768959
2024-02-14 10:45:32 | TRACE   | query_time, 0.009965617209672928
2024-02-14 10:45:32 | TRACE   | query_time, 0.010275108739733696
2024-02-14 10:45:32 | TRACE   | query_time, 0.010132577270269394
2024-02-14 10:45:32 | TRACE   | query_time, 0.010072067379951477
2024-02-14 10:45:32 | TRACE   | query_time, 0.010299231857061386
2024-02-14 10:45:32 | TRACE   | query_time, 0.010099804028868675
2024-02-14 10:45:32 | TRACE   | query_time, 0.01013270579278469
2024-02-14 10:45:32 | TRACE   | query_time, 0.010095223784446716
2024-02-14 10:45:32 | TRACE   | query_time, 0.009858906269073486
2024-02-14 10:45:32 | TRACE   | query_time, 0.009973248466849327
2024-02-14 10:45:32 | TRACE   | query_time, 0.009850451722741127
2024-02-14 10:45:32 | TRACE   | query_time, 0.010161060839891434
2024-02-14 10:45:32 | TRACE   | query_time, 0.010033814236521721
2024-02-14 10:45:32 | TRACE   | query_time, 0.010027684271335602
2024-02-14 10:45:32 | TRACE   | query_time, 0.009873606264591217
2024-02-14 10:45:32 | TRACE   | query_time, 0.009846676141023636
2024-02-14 10:45:32 | TRACE   | query_time, 0.009937455877661705
2024-02-14 10:45:32 | TRACE   | query_time, 0.009940370917320251
2024-02-14 10:45:32 | TRACE   | query_time, 0.009883414953947067
2024-02-14 10:45:32 | TRACE   | query_time, 0.009770723059773445
2024-02-14 10:45:32 | TRACE   | query_time, 0.010112738236784935
2024-02-14 10:45:32 | TRACE   | query_time, 0.009913835674524307
2024-02-14 10:45:32 | TRACE   | query_time, 0.009940534830093384
2024-02-14 10:45:32 | TRACE   | query_time, 0.00970054604113102
2024-02-14 10:45:32 | TRACE   | query_time, 0.00996018759906292
2024-02-14 10:45:32 | TRACE   | query_time, 0.009942185133695602
2024-02-14 10:45:32 | TRACE   | query_time, 0.009795082733035088
2024-02-14 10:45:32 | TRACE   | query_time, 0.00994100421667099
2024-02-14 10:45:32 | TRACE   | query_time, 0.009878899902105331
2024-02-14 10:45:32 | TRACE   | query_time, 0.009943325072526932
2024-02-14 10:45:32 | TRACE   | query_time, 0.009875847026705742
2024-02-14 10:45:32 | TRACE   | query_time, 0.009740728884935379
2024-02-14 10:45:32 | TRACE   | query_time, 0.00989687442779541
2024-02-14 10:45:32 | TRACE   | query_time, 0.009908143430948257
2024-02-14 10:45:32 | TRACE   | query_time, 0.009811196476221085
2024-02-14 10:45:32 | TRACE   | query_time, 0.009902605786919594
2024-02-14 10:45:32 | TRACE   | query_time, 0.009792372584342957
2024-02-14 10:45:32 | TRACE   | query_time, 0.009776540100574493
2024-02-14 10:45:32 | TRACE   | query_time, 0.009642759338021278
2024-02-14 10:45:32 | TRACE   | query_time, 0.009764939546585083
2024-02-14 10:45:32 | TRACE   | query_time, 0.009816471487283707
2024-02-14 10:45:32 | TRACE   | query_time, 0.009805085137486458
2024-02-14 10:45:32 | TRACE   | query_time, 0.00986938364803791
2024-02-14 10:45:32 | TRACE   | query_time, 0.009734978899359703
2024-02-14 10:45:32 | TRACE   | query_time, 0.010023640468716621
2024-02-14 10:45:32 | TRACE   | query_time, 0.009683798998594284
2024-02-14 10:45:32 | TRACE   | query_time, 0.00983542948961258
2024-02-14 10:45:32 | TRACE   | query_time, 0.009750483557581902
2024-02-14 10:45:32 | TRACE   | query_time, 0.00546875037252903
2024-02-14 10:45:32 | TRACE   | query_time, 0.010188257321715355
2024-02-14 10:45:32 | TRACE   | query_time, 0.009837459772825241
2024-02-14 10:45:32 | TRACE   | query_time, 0.010071991011500359
2024-02-14 10:45:32 | TRACE   | query_time, 0.009890314191579819
2024-02-14 10:45:33 | TRACE   | query_time, 0.009948709979653358
2024-02-14 10:45:33 | TRACE   | query_time, 0.009633315727114677
2024-02-14 10:45:33 | TRACE   | query_time, 0.009485838934779167
2024-02-14 10:45:33 | TRACE   | query_time, 0.009549515321850777
2024-02-14 10:45:33 | TRACE   | query_time, 0.009731246158480644
2024-02-14 10:45:33 | TRACE   | query_time, 0.00979919545352459
2024-02-14 10:45:33 | TRACE   | query_time, 0.009848266839981079
2024-02-14 10:45:33 | TRACE   | query_time, 0.009722873568534851
2024-02-14 10:45:33 | TRACE   | query_time, 0.009568268433213234
2024-02-14 10:45:33 | TRACE   | query_time, 0.009797044098377228
2024-02-14 10:45:33 | TRACE   | query_time, 0.009553566575050354
2024-02-14 10:45:33 | TRACE   | query_time, 0.00956103578209877
2024-02-14 10:45:33 | TRACE   | query_time, 0.009841138496994972
2024-02-14 10:45:33 | TRACE   | query_time, 0.009693088009953499
2024-02-14 10:45:33 | TRACE   | query_time, 0.009776027873158455
2024-02-14 10:45:33 | TRACE   | query_time, 0.009699316695332527
2024-02-14 10:45:33 | TRACE   | query_time, 0.009550122544169426
2024-02-14 10:45:33 | TRACE   | query_time, 0.009633272886276245
2024-02-14 10:45:33 | TRACE   | query_time, 0.009640000760555267
2024-02-14 10:45:33 | TRACE   | query_time, 0.009668447077274323
2024-02-14 10:45:33 | TRACE   | query_time, 0.00976502150297165
2024-02-14 10:45:33 | TRACE   | query_time, 0.009739743545651436
2024-02-14 10:45:33 | TRACE   | query_time, 0.009865043684840202
2024-02-14 10:45:33 | TRACE   | query_time, 0.009601861238479614
2024-02-14 10:45:33 | TRACE   | query_time, 0.00971735455095768
2024-02-14 10:45:33 | TRACE   | query_time, 0.00966295413672924
2024-02-14 10:45:33 | TRACE   | query_time, 0.009689735248684883
2024-02-14 10:45:33 | TRACE   | query_time, 0.009648386389017105
2024-02-14 10:45:33 | TRACE   | query_time, 0.009591484442353249
2024-02-14 10:45:33 | TRACE   | query_time, 0.009562529623508453
2024-02-14 10:45:33 | TRACE   | query_time, 0.009955121204257011
2024-02-14 10:45:33 | TRACE   | query_time, 0.009549029171466827
2024-02-14 10:45:33 | TRACE   | query_time, 0.00951724499464035
2024-02-14 10:45:33 | TRACE   | query_time, 0.009574083611369133
2024-02-14 10:45:33 | TRACE   | query_time, 0.009758410975337029
2024-02-14 10:45:33 | TRACE   | query_time, 0.00978570431470871
2024-02-14 10:45:33 | TRACE   | query_time, 0.009332997724413872
2024-02-14 10:45:33 | TRACE   | query_time, 0.009513571858406067
2024-02-14 10:45:33 | TRACE   | query_time, 0.009644895792007446
2024-02-14 10:45:33 | TRACE   | query_time, 0.009281201288104057
2024-02-14 10:45:33 | TRACE   | query_time, 0.009609736502170563
2024-02-14 10:45:33 | TRACE   | query_time, 0.009570803493261337
2024-02-14 10:45:33 | TRACE   | query_time, 0.009721916168928146
2024-02-14 10:45:33 | TRACE   | query_time, 0.00959283672273159
2024-02-14 10:45:33 | TRACE   | query_time, 0.00974816270172596
2024-02-14 10:45:33 | TRACE   | query_time, 0.00935399904847145
2024-02-14 10:45:33 | TRACE   | query_time, 0.009435834363102913
2024-02-14 10:45:33 | TRACE   | query_time, 0.009402051568031311
