2024-02-14 10:39:34 | DEBUG   | {'input': PosixPath('data/open_data_usa/indices/microbenchmarks/rebinning-k350.zst'), 'input_type': 'index', 'queries': PosixPath('data/open_data_usa/queries/microbenchmarks.zst'), 'estimation_mode': None, 'index_mode': 'recall', 'output': None, 'workers': None, 'frequency_hists': False, 'suppress_results': True, 'log_level': 'INFO', 'log_file': PosixPath('logs/microbenchmarks/runtime/open_data_usa-rebinning-k350-single_suppressed-5.log')}
2024-02-14 10:39:34 | DEBUG   | Loading input data from data/open_data_usa/indices/microbenchmarks/rebinning-k350.zst
2024-02-14 10:39:34 | DEBUG   | Loading queries from data/open_data_usa/queries/microbenchmarks.zst
2024-02-14 10:39:34 | TRACE   | bootstrap_time, 0.12536169216036797
2024-02-14 10:39:34 | DEBUG   | Starting execution
2024-02-14 10:39:34 | TRACE   | query_time, 0.0005000345408916473
2024-02-14 10:39:34 | TRACE   | query_time, 0.00032701529562473297
2024-02-14 10:39:34 | TRACE   | query_time, 0.00031758658587932587
2024-02-14 10:39:34 | TRACE   | query_time, 0.00031771324574947357
2024-02-14 10:39:34 | TRACE   | query_time, 0.0003101043403148651
2024-02-14 10:39:34 | TRACE   | query_time, 0.0003066025674343109
2024-02-14 10:39:34 | TRACE   | query_time, 0.0003945492208003998
2024-02-14 10:39:34 | TRACE   | query_time, 0.00031773559749126434
2024-02-14 10:39:34 | TRACE   | query_time, 0.0003075581043958664
2024-02-14 10:39:34 | TRACE   | query_time, 0.0003360174596309662
2024-02-14 10:39:34 | TRACE   | query_time, 0.0003070458769798279
2024-02-14 10:39:34 | TRACE   | query_time, 0.00030860118567943573
2024-02-14 10:39:34 | TRACE   | query_time, 0.0003159213811159134
2024-02-14 10:39:34 | TRACE   | query_time, 0.00031526386737823486
2024-02-14 10:39:34 | TRACE   | query_time, 0.0003056321293115616
2024-02-14 10:39:34 | TRACE   | query_time, 0.00030463002622127533
2024-02-14 10:39:34 | TRACE   | query_time, 0.00030905939638614655
2024-02-14 10:39:34 | TRACE   | query_time, 0.00030546076595783234
2024-02-14 10:39:34 | TRACE   | query_time, 0.0003037061542272568
2024-02-14 10:39:34 | TRACE   | query_time, 0.00031640566885471344
2024-02-14 10:39:34 | TRACE   | query_time, 0.00036288611590862274
2024-02-14 10:39:34 | TRACE   | query_time, 0.00030747242271900177
2024-02-14 10:39:34 | TRACE   | query_time, 0.000316740944981575
2024-02-14 10:39:34 | TRACE   | query_time, 0.00030528195202350616
2024-02-14 10:39:34 | TRACE   | query_time, 0.00030461885035037994
2024-02-14 10:39:34 | TRACE   | query_time, 0.00031484663486480713
2024-02-14 10:39:34 | TRACE   | query_time, 0.00030560605227947235
2024-02-14 10:39:34 | TRACE   | query_time, 0.00033670663833618164
2024-02-14 10:39:34 | TRACE   | query_time, 0.0003145262598991394
2024-02-14 10:39:34 | TRACE   | query_time, 0.0003068950027227402
2024-02-14 10:39:34 | TRACE   | query_time, 0.00039414502680301666
2024-02-14 10:39:34 | TRACE   | query_time, 0.0003175027668476105
2024-02-14 10:39:34 | TRACE   | query_time, 0.0003213603049516678
2024-02-14 10:39:34 | TRACE   | query_time, 0.00031609460711479187
2024-02-14 10:39:34 | TRACE   | query_time, 0.0003151204437017441
2024-02-14 10:39:34 | TRACE   | query_time, 0.00030734576284885406
2024-02-14 10:39:34 | TRACE   | query_time, 0.00030502118170261383
2024-02-14 10:39:34 | TRACE   | query_time, 0.0003919824957847595
2024-02-14 10:39:34 | TRACE   | query_time, 0.00031690672039985657
2024-02-14 10:39:34 | TRACE   | query_time, 0.00036365725100040436
2024-02-14 10:39:34 | TRACE   | query_time, 0.00030781328678131104
2024-02-14 10:39:34 | TRACE   | query_time, 0.00038422830402851105
2024-02-14 10:39:34 | TRACE   | query_time, 0.0003181006759405136
2024-02-14 10:39:34 | TRACE   | query_time, 0.00036387890577316284
2024-02-14 10:39:34 | TRACE   | query_time, 0.0003160834312438965
2024-02-14 10:39:34 | TRACE   | query_time, 0.00031599029898643494
2024-02-14 10:39:34 | TRACE   | query_time, 0.00031582824885845184
2024-02-14 10:39:34 | TRACE   | query_time, 0.0003341585397720337
2024-02-14 10:39:34 | TRACE   | query_time, 0.00030679255723953247
2024-02-14 10:39:34 | TRACE   | query_time, 0.0003088582307100296
2024-02-14 10:39:34 | TRACE   | query_time, 0.0003929268568754196
2024-02-14 10:39:34 | TRACE   | query_time, 0.0003147833049297333
2024-02-14 10:39:34 | TRACE   | query_time, 0.00040446408092975616
2024-02-14 10:39:34 | TRACE   | query_time, 0.00030572712421417236
2024-02-14 10:39:34 | TRACE   | query_time, 0.00030439160764217377
2024-02-14 10:39:34 | TRACE   | query_time, 0.0003612656146287918
2024-02-14 10:39:34 | TRACE   | query_time, 0.0003050919622182846
2024-02-14 10:39:34 | TRACE   | query_time, 0.00030371174216270447
2024-02-14 10:39:34 | TRACE   | query_time, 0.00031019747257232666
2024-02-14 10:39:34 | TRACE   | query_time, 0.0003025997430086136
2024-02-14 10:39:34 | TRACE   | query_time, 0.0003030411899089813
2024-02-14 10:39:34 | TRACE   | query_time, 0.00030393898487091064
2024-02-14 10:39:34 | TRACE   | query_time, 0.00039134174585342407
2024-02-14 10:39:34 | TRACE   | query_time, 0.00031210482120513916
2024-02-14 10:39:34 | TRACE   | query_time, 0.00031411461532115936
2024-02-14 10:39:34 | TRACE   | query_time, 0.00030468404293060303
2024-02-14 10:39:34 | TRACE   | query_time, 0.0003018788993358612
2024-02-14 10:39:34 | TRACE   | query_time, 0.0003038402646780014
2024-02-14 10:39:34 | TRACE   | query_time, 0.0003043580800294876
2024-02-14 10:39:34 | TRACE   | query_time, 0.0003134123980998993
2024-02-14 10:39:34 | TRACE   | query_time, 0.0003033280372619629
2024-02-14 10:39:34 | TRACE   | query_time, 0.0003038216382265091
2024-02-14 10:39:34 | TRACE   | query_time, 0.0003039948642253876
2024-02-14 10:39:34 | TRACE   | query_time, 0.00031167082488536835
2024-02-14 10:39:34 | TRACE   | query_time, 0.0003619398921728134
2024-02-14 10:39:34 | TRACE   | query_time, 0.0003145430237054825
2024-02-14 10:39:34 | TRACE   | query_time, 0.00030395016074180603
2024-02-14 10:39:34 | TRACE   | query_time, 0.0003130938857793808
2024-02-14 10:39:34 | TRACE   | query_time, 0.0003025233745574951
2024-02-14 10:39:34 | TRACE   | query_time, 0.00030340440571308136
2024-02-14 10:39:34 | TRACE   | query_time, 0.00031107477843761444
2024-02-14 10:39:34 | TRACE   | query_time, 0.00031263940036296844
2024-02-14 10:39:34 | TRACE   | query_time, 0.0003025773912668228
2024-02-14 10:39:34 | TRACE   | query_time, 0.0003898162394762039
2024-02-14 10:39:34 | TRACE   | query_time, 0.0003085285425186157
2024-02-14 10:39:34 | TRACE   | query_time, 0.00033263303339481354
2024-02-14 10:39:34 | TRACE   | query_time, 0.000312168151140213
2024-02-14 10:39:34 | TRACE   | query_time, 0.000312289223074913
2024-02-14 10:39:34 | TRACE   | query_time, 0.00031271204352378845
2024-02-14 10:39:34 | TRACE   | query_time, 0.0003041718155145645
2024-02-14 10:39:34 | TRACE   | query_time, 0.00038773007690906525
2024-02-14 10:39:34 | TRACE   | query_time, 0.0003034323453903198
2024-02-14 10:39:34 | TRACE   | query_time, 0.00030561722815036774
2024-02-14 10:39:34 | TRACE   | query_time, 0.00031265802681446075
2024-02-14 10:39:34 | TRACE   | query_time, 0.0003036241978406906
2024-02-14 10:39:34 | TRACE   | query_time, 0.0022941678762435913
2024-02-14 10:39:34 | TRACE   | query_time, 0.00034546293318271637
2024-02-14 10:39:34 | TRACE   | query_time, 0.0003056284040212631
2024-02-14 10:39:34 | TRACE   | query_time, 0.0003050081431865692
2024-02-14 10:39:34 | TRACE   | query_time, 0.00030449219048023224
2024-02-14 10:39:34 | TRACE   | query_time, 0.0004139132797718048
2024-02-14 10:39:34 | TRACE   | query_time, 0.000332443043589592
2024-02-14 10:39:34 | TRACE   | query_time, 0.00031692907214164734
2024-02-14 10:39:34 | TRACE   | query_time, 0.0003135446459054947
2024-02-14 10:39:34 | TRACE   | query_time, 0.0003055185079574585
2024-02-14 10:39:34 | TRACE   | query_time, 0.00030397623777389526
2024-02-14 10:39:34 | TRACE   | query_time, 0.00030457228422164917
2024-02-14 10:39:34 | TRACE   | query_time, 0.000314466655254364
2024-02-14 10:39:34 | TRACE   | query_time, 0.0003043524920940399
2024-02-14 10:39:34 | TRACE   | query_time, 0.0003073588013648987
2024-02-14 10:39:34 | TRACE   | query_time, 0.0003100503236055374
2024-02-14 10:39:34 | TRACE   | query_time, 0.0003057606518268585
2024-02-14 10:39:34 | TRACE   | query_time, 0.0003961678594350815
2024-02-14 10:39:34 | TRACE   | query_time, 0.00031689926981925964
2024-02-14 10:39:34 | TRACE   | query_time, 0.0003044884651899338
2024-02-14 10:39:34 | TRACE   | query_time, 0.00036664120852947235
2024-02-14 10:39:34 | TRACE   | query_time, 0.0003910306841135025
2024-02-14 10:39:34 | TRACE   | query_time, 0.0003021657466888428
2024-02-14 10:39:34 | TRACE   | query_time, 0.0003143586218357086
2024-02-14 10:39:34 | TRACE   | query_time, 0.0003890935331583023
2024-02-14 10:39:34 | TRACE   | query_time, 0.0003073792904615402
2024-02-14 10:39:34 | TRACE   | query_time, 0.0003036763519048691
2024-02-14 10:39:34 | TRACE   | query_time, 0.00033501535654067993
2024-02-14 10:39:34 | TRACE   | query_time, 0.0003144610673189163
2024-02-14 10:39:34 | TRACE   | query_time, 0.0003146398812532425
2024-02-14 10:39:34 | TRACE   | query_time, 0.0003148019313812256
2024-02-14 10:39:34 | TRACE   | query_time, 0.000302901491522789
2024-02-14 10:39:34 | TRACE   | query_time, 0.00030487217009067535
2024-02-14 10:39:34 | TRACE   | query_time, 0.00030417926609516144
2024-02-14 10:39:34 | TRACE   | query_time, 0.0003328640013933182
2024-02-14 10:39:34 | TRACE   | query_time, 0.0003138892352581024
2024-02-14 10:39:34 | TRACE   | query_time, 0.00031144917011260986
2024-02-14 10:39:34 | TRACE   | query_time, 0.00030460767447948456
2024-02-14 10:39:34 | TRACE   | query_time, 0.0003141965717077255
2024-02-14 10:39:34 | TRACE   | query_time, 0.00031511299312114716
2024-02-14 10:39:34 | TRACE   | query_time, 0.0003880169242620468
2024-02-14 10:39:34 | TRACE   | query_time, 0.0003050547093153
2024-02-14 10:39:34 | TRACE   | query_time, 0.00031405314803123474
2024-02-14 10:39:34 | TRACE   | query_time, 0.00031348690390586853
2024-02-14 10:39:34 | TRACE   | query_time, 0.00036138854920864105
2024-02-14 10:39:34 | TRACE   | query_time, 0.0003033168613910675
2024-02-14 10:39:34 | TRACE   | query_time, 0.0003034379333257675
2024-02-14 10:39:34 | TRACE   | query_time, 0.0003195330500602722
2024-02-14 10:39:34 | TRACE   | query_time, 0.00030296482145786285
2024-02-14 10:39:34 | TRACE   | query_time, 0.0003877636045217514
2024-02-14 10:39:34 | TRACE   | query_time, 0.00031262636184692383
2024-02-14 10:39:34 | TRACE   | query_time, 0.00038863159716129303
2024-02-14 10:39:34 | TRACE   | query_time, 0.00030456483364105225
2024-02-14 10:39:34 | TRACE   | query_time, 0.0003038085997104645
2024-02-14 10:39:34 | TRACE   | query_time, 0.0003023073077201843
2024-02-14 10:39:34 | TRACE   | query_time, 0.00039156898856163025
2024-02-14 10:39:34 | TRACE   | query_time, 0.0003942865878343582
2024-02-14 10:39:34 | TRACE   | query_time, 0.0003163982182741165
2024-02-14 10:39:34 | TRACE   | query_time, 0.00031406618654727936
2024-02-14 10:39:34 | TRACE   | query_time, 0.0003044120967388153
2024-02-14 10:39:34 | TRACE   | query_time, 0.0003135558217763901
2024-02-14 10:39:34 | TRACE   | query_time, 0.0003033224493265152
2024-02-14 10:39:34 | TRACE   | query_time, 0.0003577452152967453
2024-02-14 10:39:34 | TRACE   | query_time, 0.00031211040914058685
2024-02-14 10:39:34 | TRACE   | query_time, 0.0003027021884918213
2024-02-14 10:39:34 | TRACE   | query_time, 0.00030291639268398285
2024-02-14 10:39:34 | TRACE   | query_time, 0.0003879927098751068
2024-02-14 10:39:34 | TRACE   | query_time, 0.0003164205700159073
2024-02-14 10:39:34 | TRACE   | query_time, 0.00039129890501499176
2024-02-14 10:39:34 | TRACE   | query_time, 0.00030250661075115204
2024-02-14 10:39:34 | TRACE   | query_time, 0.0003316793590784073
2024-02-14 10:39:34 | TRACE   | query_time, 0.00031137093901634216
2024-02-14 10:39:34 | TRACE   | query_time, 0.0003035925328731537
2024-02-14 10:39:34 | TRACE   | query_time, 0.0003029610961675644
2024-02-14 10:39:34 | TRACE   | query_time, 0.0003867391496896744
2024-02-14 10:39:34 | TRACE   | query_time, 0.0003025699406862259
2024-02-14 10:39:34 | TRACE   | query_time, 0.00031162798404693604
2024-02-14 10:39:34 | TRACE   | query_time, 0.00030407123267650604
2024-02-14 10:39:34 | TRACE   | query_time, 0.0003358088433742523
2024-02-14 10:39:34 | TRACE   | query_time, 0.0003137905150651932
2024-02-14 10:39:34 | TRACE   | query_time, 0.0003024507313966751
2024-02-14 10:39:34 | TRACE   | query_time, 0.00031189434230327606
2024-02-14 10:39:34 | TRACE   | query_time, 0.00031116604804992676
2024-02-14 10:39:34 | TRACE   | query_time, 0.00030355900526046753
2024-02-14 10:39:34 | TRACE   | query_time, 0.00031223148107528687
2024-02-14 10:39:34 | TRACE   | query_time, 0.0003122743219137192
2024-02-14 10:39:34 | TRACE   | query_time, 0.0003015361726284027
2024-02-14 10:39:34 | TRACE   | query_time, 0.00036007724702358246
2024-02-14 10:39:34 | TRACE   | query_time, 0.0003060437738895416
2024-02-14 10:39:34 | TRACE   | query_time, 0.00030136480927467346
2024-02-14 10:39:34 | TRACE   | query_time, 0.000303659588098526
2024-02-14 10:39:34 | TRACE   | query_time, 0.000388583168387413
2024-02-14 10:39:34 | TRACE   | query_time, 0.00030229799449443817
2024-02-14 10:39:34 | TRACE   | query_time, 0.0003123786300420761
2024-02-14 10:39:34 | TRACE   | query_time, 0.0003140140324831009
2024-02-14 10:39:34 | TRACE   | query_time, 0.00038909539580345154
2024-02-14 10:39:34 | TRACE   | query_time, 0.000304345041513443
2024-02-14 10:39:34 | TRACE   | query_time, 0.0003044772893190384
2024-02-14 10:39:34 | TRACE   | query_time, 0.00030171871185302734
2024-02-14 10:39:34 | TRACE   | query_time, 0.0003069080412387848
2024-02-14 10:39:34 | TRACE   | query_time, 0.0003880932927131653
2024-02-14 10:39:34 | TRACE   | query_time, 0.0003038756549358368
2024-02-14 10:39:34 | TRACE   | query_time, 0.0003118012100458145
2024-02-14 10:39:34 | TRACE   | query_time, 0.00030303746461868286
2024-02-14 10:39:34 | TRACE   | query_time, 0.00030353106558322906
2024-02-14 10:39:34 | TRACE   | query_time, 0.00030362606048583984
2024-02-14 10:39:34 | TRACE   | query_time, 0.00036198273301124573
2024-02-14 10:39:34 | TRACE   | query_time, 0.0003138333559036255
2024-02-14 10:39:34 | TRACE   | query_time, 0.000314587727189064
2024-02-14 10:39:34 | TRACE   | query_time, 0.0003031175583600998
2024-02-14 10:39:34 | TRACE   | query_time, 0.0003825109452009201
2024-02-14 10:39:34 | TRACE   | query_time, 0.00031298771500587463
2024-02-14 10:39:34 | TRACE   | query_time, 0.0003583282232284546
2024-02-14 10:39:34 | TRACE   | query_time, 0.0003033224493265152
2024-02-14 10:39:34 | TRACE   | query_time, 0.0003121905028820038
2024-02-14 10:39:34 | TRACE   | query_time, 0.0003885999321937561
2024-02-14 10:39:34 | TRACE   | query_time, 0.00033151544630527496
2024-02-14 10:39:34 | TRACE   | query_time, 0.0003128405660390854
2024-02-14 10:39:34 | TRACE   | query_time, 0.00031242333352565765
2024-02-14 10:39:34 | TRACE   | query_time, 0.0003032814711332321
2024-02-14 10:39:34 | TRACE   | query_time, 0.00030973926186561584
2024-02-14 10:39:34 | TRACE   | query_time, 0.00038811005651950836
2024-02-14 10:39:34 | TRACE   | query_time, 0.0003120005130767822
2024-02-14 10:39:34 | TRACE   | query_time, 0.0003313906490802765
2024-02-14 10:39:34 | TRACE   | query_time, 0.0003041476011276245
2024-02-14 10:39:34 | TRACE   | query_time, 0.00030282512307167053
2024-02-14 10:39:34 | TRACE   | query_time, 0.0003117099404335022
2024-02-14 10:39:34 | TRACE   | query_time, 0.00031335651874542236
2024-02-14 10:39:34 | TRACE   | query_time, 0.0003018733114004135
2024-02-14 10:39:34 | TRACE   | query_time, 0.0003869868814945221
2024-02-14 10:39:34 | TRACE   | query_time, 0.00030532293021678925
2024-02-14 10:39:34 | TRACE   | query_time, 0.00031297095119953156
2024-02-14 10:39:34 | TRACE   | query_time, 0.0003124084323644638
2024-02-14 10:39:34 | TRACE   | query_time, 0.0003130640834569931
2024-02-14 10:39:34 | TRACE   | query_time, 0.00030328333377838135
2024-02-14 10:39:34 | TRACE   | query_time, 0.0003591887652873993
2024-02-14 10:39:34 | TRACE   | query_time, 0.00030295737087726593
2024-02-14 10:39:34 | TRACE   | query_time, 0.0003585163503885269
2024-02-14 10:39:34 | TRACE   | query_time, 0.0003029555082321167
2024-02-14 10:39:34 | TRACE   | query_time, 0.0003901869058609009
2024-02-14 10:39:34 | TRACE   | query_time, 0.0003055352717638016
2024-02-14 10:39:34 | TRACE   | query_time, 0.00030854158103466034
2024-02-14 10:39:34 | TRACE   | query_time, 0.0003090761601924896
2024-02-14 10:39:34 | TRACE   | query_time, 0.0003096386790275574
2024-02-14 10:39:34 | TRACE   | query_time, 0.00031776726245880127
2024-02-14 10:39:34 | TRACE   | query_time, 0.0003172922879457474
2024-02-14 10:39:34 | TRACE   | query_time, 0.00031885504722595215
2024-02-14 10:39:34 | TRACE   | query_time, 0.0003083236515522003
2024-02-14 10:39:34 | TRACE   | query_time, 0.0003093760460615158
2024-02-14 10:39:34 | TRACE   | query_time, 0.00039299018681049347
2024-02-14 10:39:34 | TRACE   | query_time, 0.0003091152757406235
2024-02-14 10:39:34 | TRACE   | query_time, 0.00032155588269233704
2024-02-14 10:39:34 | TRACE   | query_time, 0.0003087148070335388
2024-02-14 10:39:34 | TRACE   | query_time, 0.00031011179089546204
2024-02-14 10:39:34 | TRACE   | query_time, 0.0003093332052230835
2024-02-14 10:39:34 | TRACE   | query_time, 0.000308135524392128
2024-02-14 10:39:34 | TRACE   | query_time, 0.000307619571685791
2024-02-14 10:39:34 | TRACE   | query_time, 0.00030726753175258636
2024-02-14 10:39:34 | TRACE   | query_time, 0.00030767545104026794
2024-02-14 10:39:34 | TRACE   | query_time, 0.0003181956708431244
2024-02-14 10:39:34 | TRACE   | query_time, 0.00039487890899181366
2024-02-14 10:39:34 | TRACE   | query_time, 0.0003077704459428787
2024-02-14 10:39:34 | TRACE   | query_time, 0.0003128480166196823
2024-02-14 10:39:34 | TRACE   | query_time, 0.00031826645135879517
2024-02-14 10:39:34 | TRACE   | query_time, 0.0003050379455089569
2024-02-14 10:39:34 | TRACE   | query_time, 0.00039372965693473816
2024-02-14 10:39:34 | TRACE   | query_time, 0.00031387805938720703
2024-02-14 10:39:34 | TRACE   | query_time, 0.0003382451832294464
2024-02-14 10:39:34 | TRACE   | query_time, 0.0003043990582227707
2024-02-14 10:39:34 | TRACE   | query_time, 0.00031773559749126434
2024-02-14 10:39:34 | TRACE   | query_time, 0.00031369738280773163
2024-02-14 10:39:34 | TRACE   | query_time, 0.00039513595402240753
2024-02-14 10:39:34 | TRACE   | query_time, 0.00036436133086681366
2024-02-14 10:39:34 | TRACE   | query_time, 0.0003175456076860428
2024-02-14 10:39:34 | TRACE   | query_time, 0.0003041699528694153
2024-02-14 10:39:34 | TRACE   | query_time, 0.0003097318112850189
2024-02-14 10:39:34 | TRACE   | query_time, 0.0003855135291814804
2024-02-14 10:39:34 | TRACE   | query_time, 0.00031879544258117676
2024-02-14 10:39:34 | TRACE   | query_time, 0.0003618896007537842
2024-02-14 10:39:34 | TRACE   | query_time, 0.0003180447965860367
2024-02-14 10:39:34 | TRACE   | query_time, 0.0003911685198545456
2024-02-14 10:39:34 | TRACE   | query_time, 0.00030834972858428955
2024-02-14 10:39:34 | TRACE   | query_time, 0.00039817579090595245
2024-02-14 10:39:34 | TRACE   | query_time, 0.00030441582202911377
2024-02-14 10:39:34 | TRACE   | query_time, 0.0003368742763996124
2024-02-14 10:39:34 | TRACE   | query_time, 0.0003143083304166794
2024-02-14 10:39:34 | TRACE   | query_time, 0.0003094710409641266
2024-02-14 10:39:34 | TRACE   | query_time, 0.0003094952553510666
2024-02-14 10:39:34 | TRACE   | query_time, 0.00031784921884536743
2024-02-14 10:39:34 | TRACE   | query_time, 0.00033447518944740295
2024-02-14 10:39:34 | TRACE   | query_time, 0.00030674785375595093
2024-02-14 10:39:34 | TRACE   | query_time, 0.00031658634543418884
2024-02-14 10:39:34 | TRACE   | query_time, 0.00030369125306606293
2024-02-14 10:39:34 | TRACE   | query_time, 0.000310264527797699
2024-02-14 10:39:34 | TRACE   | query_time, 0.0003078524023294449
2024-02-14 10:39:34 | TRACE   | query_time, 0.00030594319105148315
2024-02-14 10:39:34 | TRACE   | query_time, 0.00030880048871040344
2024-02-14 10:39:34 | TRACE   | query_time, 0.0003198403865098953
2024-02-14 10:39:34 | TRACE   | query_time, 0.0003124140202999115
2024-02-14 10:39:34 | TRACE   | query_time, 0.0003078300505876541
2024-02-14 10:39:34 | TRACE   | query_time, 0.0003676656633615494
2024-02-14 10:39:34 | TRACE   | query_time, 0.00036493130028247833
2024-02-14 10:39:34 | TRACE   | query_time, 0.0003079026937484741
2024-02-14 10:39:34 | TRACE   | query_time, 0.0003224201500415802
2024-02-14 10:39:34 | TRACE   | query_time, 0.00031457841396331787
2024-02-14 10:39:34 | TRACE   | query_time, 0.00030959583818912506
2024-02-14 10:39:34 | TRACE   | query_time, 0.00030815228819847107
2024-02-14 10:39:34 | TRACE   | query_time, 0.00031697750091552734
2024-02-14 10:39:34 | TRACE   | query_time, 0.0003897249698638916
2024-02-14 10:39:34 | TRACE   | query_time, 0.0003187544643878937
2024-02-14 10:39:34 | TRACE   | query_time, 0.00030421651899814606
2024-02-14 10:39:34 | TRACE   | query_time, 0.0003077574074268341
2024-02-14 10:39:34 | TRACE   | query_time, 0.0003675762563943863
2024-02-14 10:39:34 | TRACE   | query_time, 0.00030785612761974335
2024-02-14 10:39:34 | TRACE   | query_time, 0.0003650300204753876
2024-02-14 10:39:34 | TRACE   | query_time, 0.0003085695207118988
2024-02-14 10:39:34 | TRACE   | query_time, 0.0003101453185081482
2024-02-14 10:39:34 | TRACE   | query_time, 0.00031829066574573517
2024-02-14 10:39:34 | TRACE   | query_time, 0.0003920663148164749
2024-02-14 10:39:34 | TRACE   | query_time, 0.00031064823269844055
2024-02-14 10:39:34 | TRACE   | query_time, 0.00031856074929237366
2024-02-14 10:39:34 | TRACE   | query_time, 0.00039335526525974274
2024-02-14 10:39:34 | TRACE   | query_time, 0.0003106147050857544
2024-02-14 10:39:34 | TRACE   | query_time, 0.00039613619446754456
2024-02-14 10:39:34 | TRACE   | query_time, 0.0003064461052417755
2024-02-14 10:39:34 | TRACE   | query_time, 0.00031761452555656433
2024-02-14 10:39:34 | TRACE   | query_time, 0.0003142431378364563
2024-02-14 10:39:34 | TRACE   | query_time, 0.00030841678380966187
2024-02-14 10:39:34 | TRACE   | query_time, 0.00039382651448249817
2024-02-14 10:39:34 | TRACE   | query_time, 0.00030489079654216766
2024-02-14 10:39:34 | TRACE   | query_time, 0.00030848942697048187
2024-02-14 10:39:34 | TRACE   | query_time, 0.0003372449427843094
2024-02-14 10:39:34 | TRACE   | query_time, 0.0003137551248073578
2024-02-14 10:39:34 | TRACE   | query_time, 0.0003088824450969696
2024-02-14 10:39:34 | TRACE   | query_time, 0.0003120340406894684
2024-02-14 10:39:34 | TRACE   | query_time, 0.0003650002181529999
2024-02-14 10:39:34 | TRACE   | query_time, 0.0003184322267770767
2024-02-14 10:39:34 | TRACE   | query_time, 0.00030422769486904144
2024-02-14 10:39:34 | TRACE   | query_time, 0.0017568469047546387
2024-02-14 10:39:34 | TRACE   | query_time, 0.0017774086445569992
2024-02-14 10:39:34 | TRACE   | query_time, 0.001520410180091858
2024-02-14 10:39:34 | TRACE   | query_time, 0.0015265736728906631
2024-02-14 10:39:34 | TRACE   | query_time, 0.0015698429197072983
2024-02-14 10:39:34 | TRACE   | query_time, 0.0014673545956611633
2024-02-14 10:39:34 | TRACE   | query_time, 0.0015005320310592651
2024-02-14 10:39:34 | TRACE   | query_time, 0.001539573073387146
2024-02-14 10:39:34 | TRACE   | query_time, 0.0014870595186948776
2024-02-14 10:39:34 | TRACE   | query_time, 0.0014538802206516266
2024-02-14 10:39:34 | TRACE   | query_time, 0.0015322919934988022
2024-02-14 10:39:34 | TRACE   | query_time, 0.0014805551618337631
2024-02-14 10:39:34 | TRACE   | query_time, 0.001528838649392128
2024-02-14 10:39:34 | TRACE   | query_time, 0.0014576707035303116
2024-02-14 10:39:34 | TRACE   | query_time, 0.0014748815447092056
2024-02-14 10:39:34 | TRACE   | query_time, 0.0014942511916160583
2024-02-14 10:39:34 | TRACE   | query_time, 0.0015762466937303543
2024-02-14 10:39:34 | TRACE   | query_time, 0.0014822948724031448
2024-02-14 10:39:34 | TRACE   | query_time, 0.0014825351536273956
2024-02-14 10:39:34 | TRACE   | query_time, 0.001457206904888153
2024-02-14 10:39:34 | TRACE   | query_time, 0.0014347359538078308
2024-02-14 10:39:34 | TRACE   | query_time, 0.0015151407569646835
2024-02-14 10:39:34 | TRACE   | query_time, 0.0014060009270906448
2024-02-14 10:39:34 | TRACE   | query_time, 0.0014619585126638412
2024-02-14 10:39:34 | TRACE   | query_time, 0.0015261471271514893
2024-02-14 10:39:34 | TRACE   | query_time, 0.001498514786362648
2024-02-14 10:39:34 | TRACE   | query_time, 0.0015296395868062973
2024-02-14 10:39:34 | TRACE   | query_time, 0.0015355460345745087
2024-02-14 10:39:34 | TRACE   | query_time, 0.0014895722270011902
2024-02-14 10:39:34 | TRACE   | query_time, 0.0013890713453292847
2024-02-14 10:39:34 | TRACE   | query_time, 0.001387525349855423
2024-02-14 10:39:34 | TRACE   | query_time, 0.0014790184795856476
2024-02-14 10:39:34 | TRACE   | query_time, 0.0014179255813360214
2024-02-14 10:39:34 | TRACE   | query_time, 0.0015423782169818878
2024-02-14 10:39:34 | TRACE   | query_time, 0.0014515053480863571
2024-02-14 10:39:34 | TRACE   | query_time, 0.0013671480119228363
2024-02-14 10:39:34 | TRACE   | query_time, 0.0014596562832593918
2024-02-14 10:39:34 | TRACE   | query_time, 0.00151776522397995
2024-02-14 10:39:34 | TRACE   | query_time, 0.001471521332859993
2024-02-14 10:39:34 | TRACE   | query_time, 0.0014361422508955002
2024-02-14 10:39:34 | TRACE   | query_time, 0.0014773644506931305
2024-02-14 10:39:34 | TRACE   | query_time, 0.0013945866376161575
2024-02-14 10:39:34 | TRACE   | query_time, 0.0014745891094207764
2024-02-14 10:39:34 | TRACE   | query_time, 0.0014815516769886017
2024-02-14 10:39:34 | TRACE   | query_time, 0.0014957673847675323
2024-02-14 10:39:34 | TRACE   | query_time, 0.0014829356223344803
2024-02-14 10:39:34 | TRACE   | query_time, 0.0014759767800569534
2024-02-14 10:39:34 | TRACE   | query_time, 0.0014716330915689468
2024-02-14 10:39:34 | TRACE   | query_time, 0.001463472843170166
2024-02-14 10:39:34 | TRACE   | query_time, 0.0014730095863342285
2024-02-14 10:39:34 | TRACE   | query_time, 0.0014641620218753815
2024-02-14 10:39:34 | TRACE   | query_time, 0.0014883596450090408
2024-02-14 10:39:34 | TRACE   | query_time, 0.0014942176640033722
2024-02-14 10:39:34 | TRACE   | query_time, 0.0015454906970262527
2024-02-14 10:39:34 | TRACE   | query_time, 0.0014689993113279343
2024-02-14 10:39:34 | TRACE   | query_time, 0.0013827886432409286
2024-02-14 10:39:34 | TRACE   | query_time, 0.00146489217877388
2024-02-14 10:39:34 | TRACE   | query_time, 0.0015139561146497726
2024-02-14 10:39:34 | TRACE   | query_time, 0.001458544284105301
2024-02-14 10:39:34 | TRACE   | query_time, 0.0014894325286149979
2024-02-14 10:39:34 | TRACE   | query_time, 0.0014738496392965317
2024-02-14 10:39:34 | TRACE   | query_time, 0.0015347618609666824
2024-02-14 10:39:34 | TRACE   | query_time, 0.0016897637397050858
2024-02-14 10:39:34 | TRACE   | query_time, 0.0015286263078451157
2024-02-14 10:39:34 | TRACE   | query_time, 0.0016869790852069855
2024-02-14 10:39:34 | TRACE   | query_time, 0.0017706416547298431
2024-02-14 10:39:34 | TRACE   | query_time, 0.0015515200793743134
2024-02-14 10:39:34 | TRACE   | query_time, 0.0013787373900413513
2024-02-14 10:39:34 | TRACE   | query_time, 0.0014687515795230865
2024-02-14 10:39:34 | TRACE   | query_time, 0.0014701392501592636
2024-02-14 10:39:34 | TRACE   | query_time, 0.001501249149441719
2024-02-14 10:39:34 | TRACE   | query_time, 0.0014612916857004166
2024-02-14 10:39:34 | TRACE   | query_time, 0.0014589689671993256
2024-02-14 10:39:34 | TRACE   | query_time, 0.0014645811170339584
2024-02-14 10:39:34 | TRACE   | query_time, 0.0014847088605165482
2024-02-14 10:39:34 | TRACE   | query_time, 0.0014713574200868607
2024-02-14 10:39:34 | TRACE   | query_time, 0.001472892239689827
2024-02-14 10:39:34 | TRACE   | query_time, 0.0014841556549072266
2024-02-14 10:39:34 | TRACE   | query_time, 0.0014711730182170868
2024-02-14 10:39:34 | TRACE   | query_time, 0.0014570057392120361
2024-02-14 10:39:34 | TRACE   | query_time, 0.00146552175283432
2024-02-14 10:39:34 | TRACE   | query_time, 0.0015463102608919144
2024-02-14 10:39:34 | TRACE   | query_time, 0.0017096642404794693
2024-02-14 10:39:34 | TRACE   | query_time, 0.0015263631939888
2024-02-14 10:39:34 | TRACE   | query_time, 0.001545693725347519
2024-02-14 10:39:34 | TRACE   | query_time, 0.0013852212578058243
2024-02-14 10:39:34 | TRACE   | query_time, 0.0014909058809280396
2024-02-14 10:39:34 | TRACE   | query_time, 0.0014629587531089783
2024-02-14 10:39:34 | TRACE   | query_time, 0.0014128871262073517
2024-02-14 10:39:34 | TRACE   | query_time, 0.001379629597067833
2024-02-14 10:39:34 | TRACE   | query_time, 0.0014596451073884964
2024-02-14 10:39:34 | TRACE   | query_time, 0.0015419535338878632
2024-02-14 10:39:34 | TRACE   | query_time, 0.0015352070331573486
2024-02-14 10:39:34 | TRACE   | query_time, 0.0015391316264867783
2024-02-14 10:39:34 | TRACE   | query_time, 0.0017507299780845642
2024-02-14 10:39:34 | TRACE   | query_time, 0.001441221684217453
2024-02-14 10:39:34 | TRACE   | query_time, 0.0017240364104509354
2024-02-14 10:39:34 | TRACE   | query_time, 0.0015481729060411453
2024-02-14 10:39:34 | TRACE   | query_time, 0.0013893190771341324
2024-02-14 10:39:34 | TRACE   | query_time, 0.0013813413679599762
2024-02-14 10:39:34 | TRACE   | query_time, 0.0014823488891124725
2024-02-14 10:39:34 | TRACE   | query_time, 0.0014053042978048325
2024-02-14 10:39:34 | TRACE   | query_time, 0.0013817064464092255
2024-02-14 10:39:34 | TRACE   | query_time, 0.0014896299690008163
2024-02-14 10:39:34 | TRACE   | query_time, 0.0015171021223068237
2024-02-14 10:39:34 | TRACE   | query_time, 0.0013794377446174622
2024-02-14 10:39:34 | TRACE   | query_time, 0.0014603901654481888
2024-02-14 10:39:34 | TRACE   | query_time, 0.0014847386628389359
2024-02-14 10:39:34 | TRACE   | query_time, 0.0014576781541109085
2024-02-14 10:39:34 | TRACE   | query_time, 0.001542871817946434
2024-02-14 10:39:34 | TRACE   | query_time, 0.0014819670468568802
2024-02-14 10:39:34 | TRACE   | query_time, 0.0017023906111717224
2024-02-14 10:39:34 | TRACE   | query_time, 0.0017200373113155365
2024-02-14 10:39:34 | TRACE   | query_time, 0.001506168395280838
2024-02-14 10:39:34 | TRACE   | query_time, 0.001485183835029602
2024-02-14 10:39:34 | TRACE   | query_time, 0.001434415578842163
2024-02-14 10:39:34 | TRACE   | query_time, 0.0014602001756429672
2024-02-14 10:39:34 | TRACE   | query_time, 0.0014760736376047134
2024-02-14 10:39:34 | TRACE   | query_time, 0.0013742465525865555
2024-02-14 10:39:34 | TRACE   | query_time, 0.001445319503545761
2024-02-14 10:39:34 | TRACE   | query_time, 0.0014971159398555756
2024-02-14 10:39:34 | TRACE   | query_time, 0.0016567837446928024
2024-02-14 10:39:34 | TRACE   | query_time, 0.0014683790504932404
2024-02-14 10:39:34 | TRACE   | query_time, 0.0015354398638010025
2024-02-14 10:39:34 | TRACE   | query_time, 0.0014929287135601044
2024-02-14 10:39:34 | TRACE   | query_time, 0.0015707053244113922
2024-02-14 10:39:34 | TRACE   | query_time, 0.0015596989542245865
2024-02-14 10:39:34 | TRACE   | query_time, 0.0016364287585020065
2024-02-14 10:39:34 | TRACE   | query_time, 0.0015466343611478806
2024-02-14 10:39:34 | TRACE   | query_time, 0.0016193967312574387
2024-02-14 10:39:34 | TRACE   | query_time, 0.0015289690345525742
2024-02-14 10:39:34 | TRACE   | query_time, 0.001642134040594101
2024-02-14 10:39:34 | TRACE   | query_time, 0.0016569588333368301
2024-02-14 10:39:34 | TRACE   | query_time, 0.0016588401049375534
2024-02-14 10:39:34 | TRACE   | query_time, 0.0018283464014530182
2024-02-14 10:39:34 | TRACE   | query_time, 0.0016511939465999603
2024-02-14 10:39:34 | TRACE   | query_time, 0.0015545450150966644
2024-02-14 10:39:34 | TRACE   | query_time, 0.0015981066972017288
2024-02-14 10:39:34 | TRACE   | query_time, 0.0015466883778572083
2024-02-14 10:39:34 | TRACE   | query_time, 0.0015654191374778748
2024-02-14 10:39:34 | TRACE   | query_time, 0.0016512423753738403
2024-02-14 10:39:34 | TRACE   | query_time, 0.001611972227692604
2024-02-14 10:39:34 | TRACE   | query_time, 0.0016197673976421356
2024-02-14 10:39:34 | TRACE   | query_time, 0.0016255732625722885
2024-02-14 10:39:34 | TRACE   | query_time, 0.0016026459634304047
2024-02-14 10:39:34 | TRACE   | query_time, 0.0015349481254816055
2024-02-14 10:39:34 | TRACE   | query_time, 0.0015609338879585266
2024-02-14 10:39:34 | TRACE   | query_time, 0.0015993863344192505
2024-02-14 10:39:34 | TRACE   | query_time, 0.0016143694519996643
2024-02-14 10:39:34 | TRACE   | query_time, 0.001785358414053917
2024-02-14 10:39:34 | TRACE   | query_time, 0.0018114428967237473
2024-02-14 10:39:34 | TRACE   | query_time, 0.0016598906368017197
2024-02-14 10:39:34 | TRACE   | query_time, 0.0015367642045021057
2024-02-14 10:39:34 | TRACE   | query_time, 0.0015340130776166916
2024-02-14 10:39:34 | TRACE   | query_time, 0.0016069039702415466
2024-02-14 10:39:34 | TRACE   | query_time, 0.0016416124999523163
2024-02-14 10:39:34 | TRACE   | query_time, 0.0016453191637992859
2024-02-14 10:39:34 | TRACE   | query_time, 0.0017789006233215332
2024-02-14 10:39:34 | TRACE   | query_time, 0.0016522370278835297
2024-02-14 10:39:34 | TRACE   | query_time, 0.0018073320388793945
2024-02-14 10:39:34 | TRACE   | query_time, 0.0016224365681409836
2024-02-14 10:39:34 | TRACE   | query_time, 0.0016212854534387589
2024-02-14 10:39:34 | TRACE   | query_time, 0.0016251374036073685
2024-02-14 10:39:34 | TRACE   | query_time, 0.001601317897439003
2024-02-14 10:39:34 | TRACE   | query_time, 0.0015590786933898926
2024-02-14 10:39:34 | TRACE   | query_time, 0.0016142595559358597
2024-02-14 10:39:34 | TRACE   | query_time, 0.001646667718887329
2024-02-14 10:39:34 | TRACE   | query_time, 0.0016153883188962936
2024-02-14 10:39:34 | TRACE   | query_time, 0.001600697636604309
2024-02-14 10:39:34 | TRACE   | query_time, 0.0018067173659801483
2024-02-14 10:39:34 | TRACE   | query_time, 0.0016047749668359756
2024-02-14 10:39:34 | TRACE   | query_time, 0.0016098544001579285
2024-02-14 10:39:34 | TRACE   | query_time, 0.001548057422041893
2024-02-14 10:39:34 | TRACE   | query_time, 0.001665368676185608
2024-02-14 10:39:34 | TRACE   | query_time, 0.001541154459118843
2024-02-14 10:39:34 | TRACE   | query_time, 0.001619568094611168
2024-02-14 10:39:34 | TRACE   | query_time, 0.0015278719365596771
2024-02-14 10:39:34 | TRACE   | query_time, 0.0016060136258602142
2024-02-14 10:39:34 | TRACE   | query_time, 0.0018060766160488129
2024-02-14 10:39:34 | TRACE   | query_time, 0.0016797762364149094
2024-02-14 10:39:34 | TRACE   | query_time, 0.0016253944486379623
2024-02-14 10:39:34 | TRACE   | query_time, 0.0015676375478506088
2024-02-14 10:39:34 | TRACE   | query_time, 0.0016080215573310852
2024-02-14 10:39:34 | TRACE   | query_time, 0.001654820516705513
2024-02-14 10:39:34 | TRACE   | query_time, 0.0016050413250923157
2024-02-14 10:39:34 | TRACE   | query_time, 0.001618359237909317
2024-02-14 10:39:34 | TRACE   | query_time, 0.0016035456210374832
2024-02-14 10:39:34 | TRACE   | query_time, 0.0016542114317417145
2024-02-14 10:39:34 | TRACE   | query_time, 0.0016691964119672775
2024-02-14 10:39:34 | TRACE   | query_time, 0.0015962980687618256
2024-02-14 10:39:34 | TRACE   | query_time, 0.0016168206930160522
2024-02-14 10:39:34 | TRACE   | query_time, 0.0015414562076330185
2024-02-14 10:39:34 | TRACE   | query_time, 0.0016135908663272858
2024-02-14 10:39:34 | TRACE   | query_time, 0.0015543997287750244
2024-02-14 10:39:34 | TRACE   | query_time, 0.0016010105609893799
2024-02-14 10:39:34 | TRACE   | query_time, 0.00161733478307724
2024-02-14 10:39:34 | TRACE   | query_time, 0.0016344841569662094
2024-02-14 10:39:34 | TRACE   | query_time, 0.0016206447035074234
2024-02-14 10:39:34 | TRACE   | query_time, 0.0016055181622505188
2024-02-14 10:39:34 | TRACE   | query_time, 0.0016726106405258179
2024-02-14 10:39:34 | TRACE   | query_time, 0.0017897244542837143
2024-02-14 10:39:34 | TRACE   | query_time, 0.0015856698155403137
2024-02-14 10:39:34 | TRACE   | query_time, 0.0016536843031644821
2024-02-14 10:39:34 | TRACE   | query_time, 0.0016703754663467407
2024-02-14 10:39:34 | TRACE   | query_time, 0.0015789549797773361
2024-02-14 10:39:34 | TRACE   | query_time, 0.001625964418053627
2024-02-14 10:39:34 | TRACE   | query_time, 0.001652183011174202
2024-02-14 10:39:34 | TRACE   | query_time, 0.0016248133033514023
2024-02-14 10:39:34 | TRACE   | query_time, 0.0015970468521118164
2024-02-14 10:39:34 | TRACE   | query_time, 0.0018289480358362198
2024-02-14 10:39:34 | TRACE   | query_time, 0.0015818960964679718
2024-02-14 10:39:34 | TRACE   | query_time, 0.0016128364950418472
2024-02-14 10:39:34 | TRACE   | query_time, 0.002106156200170517
2024-02-14 10:39:34 | TRACE   | query_time, 0.001627197489142418
2024-02-14 10:39:34 | TRACE   | query_time, 0.001679772511124611
2024-02-14 10:39:34 | TRACE   | query_time, 0.0015445966273546219
2024-02-14 10:39:34 | TRACE   | query_time, 0.0015378762036561966
2024-02-14 10:39:34 | TRACE   | query_time, 0.0016281027346849442
2024-02-14 10:39:34 | TRACE   | query_time, 0.0016531925648450851
2024-02-14 10:39:34 | TRACE   | query_time, 0.0018288921564817429
2024-02-14 10:39:34 | TRACE   | query_time, 0.0016673784703016281
2024-02-14 10:39:34 | TRACE   | query_time, 0.0016170945018529892
2024-02-14 10:39:34 | TRACE   | query_time, 0.001624586060643196
2024-02-14 10:39:34 | TRACE   | query_time, 0.001623069867491722
2024-02-14 10:39:34 | TRACE   | query_time, 0.0016003940254449844
2024-02-14 10:39:35 | TRACE   | query_time, 0.0017636381089687347
2024-02-14 10:39:35 | TRACE   | query_time, 0.0018213540315628052
2024-02-14 10:39:35 | TRACE   | query_time, 0.0016253311187028885
2024-02-14 10:39:35 | TRACE   | query_time, 0.0016776900738477707
2024-02-14 10:39:35 | TRACE   | query_time, 0.0015382692217826843
2024-02-14 10:39:35 | TRACE   | query_time, 0.0016301870346069336
2024-02-14 10:39:35 | TRACE   | query_time, 0.0015508010983467102
2024-02-14 10:39:35 | TRACE   | query_time, 0.0016088280826807022
2024-02-14 10:39:35 | TRACE   | query_time, 0.0016199685633182526
2024-02-14 10:39:35 | TRACE   | query_time, 0.0016258079558610916
2024-02-14 10:39:35 | TRACE   | query_time, 0.0016067549586296082
2024-02-14 10:39:35 | TRACE   | query_time, 0.0015243962407112122
2024-02-14 10:39:35 | TRACE   | query_time, 0.00161837600171566
2024-02-14 10:39:35 | TRACE   | query_time, 0.0016113556921482086
2024-02-14 10:39:35 | TRACE   | query_time, 0.0015892069786787033
2024-02-14 10:39:35 | TRACE   | query_time, 0.0016511566936969757
2024-02-14 10:39:35 | TRACE   | query_time, 0.0016201324760913849
2024-02-14 10:39:35 | TRACE   | query_time, 0.0016254279762506485
2024-02-14 10:39:35 | TRACE   | query_time, 0.001544564962387085
2024-02-14 10:39:35 | TRACE   | query_time, 0.0016141831874847412
2024-02-14 10:39:35 | TRACE   | query_time, 0.0016358382999897003
2024-02-14 10:39:35 | TRACE   | query_time, 0.0016070511192083359
2024-02-14 10:39:35 | TRACE   | query_time, 0.0015438944101333618
2024-02-14 10:39:35 | TRACE   | query_time, 0.0016200970858335495
2024-02-14 10:39:35 | TRACE   | query_time, 0.0015773698687553406
2024-02-14 10:39:35 | TRACE   | query_time, 0.001619512215256691
2024-02-14 10:39:35 | TRACE   | query_time, 0.0015812516212463379
2024-02-14 10:39:35 | TRACE   | query_time, 0.0016399845480918884
2024-02-14 10:39:35 | TRACE   | query_time, 0.0016330983489751816
2024-02-14 10:39:35 | TRACE   | query_time, 0.0016389526426792145
2024-02-14 10:39:35 | TRACE   | query_time, 0.0015508048236370087
2024-02-14 10:39:35 | TRACE   | query_time, 0.0016693994402885437
2024-02-14 10:39:35 | TRACE   | query_time, 0.0016163121908903122
2024-02-14 10:39:35 | TRACE   | query_time, 0.0015642791986465454
