2024-02-14 10:39:35 | DEBUG   | {'input': PosixPath('data/open_data_usa/indices/microbenchmarks/rebinning-k950.zst'), 'input_type': 'index', 'queries': PosixPath('data/open_data_usa/queries/microbenchmarks.zst'), 'estimation_mode': None, 'index_mode': 'recall', 'output': None, 'workers': None, 'frequency_hists': False, 'suppress_results': True, 'log_level': 'INFO', 'log_file': PosixPath('logs/microbenchmarks/runtime/open_data_usa-rebinning-k950-single_suppressed-1.log')}
2024-02-14 10:39:35 | DEBUG   | Loading input data from data/open_data_usa/indices/microbenchmarks/rebinning-k950.zst
2024-02-14 10:39:35 | DEBUG   | Loading queries from data/open_data_usa/queries/microbenchmarks.zst
2024-02-14 10:39:35 | TRACE   | bootstrap_time, 0.10771763604134321
2024-02-14 10:39:35 | DEBUG   | Starting execution
2024-02-14 10:39:35 | TRACE   | query_time, 0.0015165219083428383
2024-02-14 10:39:35 | TRACE   | query_time, 0.0011061602272093296
2024-02-14 10:39:35 | TRACE   | query_time, 0.0010681147687137127
2024-02-14 10:39:35 | TRACE   | query_time, 0.0010197069495916367
2024-02-14 10:39:35 | TRACE   | query_time, 0.0010175183415412903
2024-02-14 10:39:35 | TRACE   | query_time, 0.0010161479003727436
2024-02-14 10:39:35 | TRACE   | query_time, 0.0012840935960412025
2024-02-14 10:39:35 | TRACE   | query_time, 0.0010581566020846367
2024-02-14 10:39:35 | TRACE   | query_time, 0.0010040760971605778
2024-02-14 10:39:35 | TRACE   | query_time, 0.00112922303378582
2024-02-14 10:39:35 | TRACE   | query_time, 0.0010260660201311111
2024-02-14 10:39:35 | TRACE   | query_time, 0.0010325098410248756
2024-02-14 10:39:35 | TRACE   | query_time, 0.0010155299678444862
2024-02-14 10:39:35 | TRACE   | query_time, 0.0010668439790606499
2024-02-14 10:39:35 | TRACE   | query_time, 0.0010228948667645454
2024-02-14 10:39:35 | TRACE   | query_time, 0.0010047550313174725
2024-02-14 10:39:35 | TRACE   | query_time, 0.0010199169628322124
2024-02-14 10:39:35 | TRACE   | query_time, 0.00101851811632514
2024-02-14 10:39:35 | TRACE   | query_time, 0.0010426519438624382
2024-02-14 10:39:35 | TRACE   | query_time, 0.0010616928339004517
2024-02-14 10:39:35 | TRACE   | query_time, 0.0012262309901416302
2024-02-14 10:39:35 | TRACE   | query_time, 0.0010334081016480923
2024-02-14 10:39:35 | TRACE   | query_time, 0.0010431972332298756
2024-02-14 10:39:35 | TRACE   | query_time, 0.0010172347538173199
2024-02-14 10:39:35 | TRACE   | query_time, 0.0010009179823100567
2024-02-14 10:39:35 | TRACE   | query_time, 0.0010496466420590878
2024-02-14 10:39:35 | TRACE   | query_time, 0.0010179579257965088
2024-02-14 10:39:35 | TRACE   | query_time, 0.0011356058530509472
2024-02-14 10:39:35 | TRACE   | query_time, 0.0010287961922585964
2024-02-14 10:39:35 | TRACE   | query_time, 0.001002817414700985
2024-02-14 10:39:35 | TRACE   | query_time, 0.001274385955184698
2024-02-14 10:39:35 | TRACE   | query_time, 0.0010736039839684963
2024-02-14 10:39:35 | TRACE   | query_time, 0.0010598157532513142
2024-02-14 10:39:35 | TRACE   | query_time, 0.0010143648833036423
2024-02-14 10:39:35 | TRACE   | query_time, 0.001057696994394064
2024-02-14 10:39:35 | TRACE   | query_time, 0.0010254792869091034
2024-02-14 10:39:35 | TRACE   | query_time, 0.0010009338147938251
2024-02-14 10:39:35 | TRACE   | query_time, 0.0012997440062463284
2024-02-14 10:39:35 | TRACE   | query_time, 0.0010545100085437298
2024-02-14 10:39:35 | TRACE   | query_time, 0.0012037823908030987
2024-02-14 10:39:35 | TRACE   | query_time, 0.0010175448842346668
2024-02-14 10:39:35 | TRACE   | query_time, 0.0012707016430795193
2024-02-14 10:39:35 | TRACE   | query_time, 0.0010657641105353832
2024-02-14 10:39:35 | TRACE   | query_time, 0.0012200260534882545
2024-02-14 10:39:35 | TRACE   | query_time, 0.001038535963743925
2024-02-14 10:39:35 | TRACE   | query_time, 0.001048403326421976
2024-02-14 10:39:35 | TRACE   | query_time, 0.0010572602041065693
2024-02-14 10:39:35 | TRACE   | query_time, 0.0011330600827932358
2024-02-14 10:39:35 | TRACE   | query_time, 0.0010236958041787148
2024-02-14 10:39:35 | TRACE   | query_time, 0.001020750030875206
2024-02-14 10:39:35 | TRACE   | query_time, 0.00127409677952528
2024-02-14 10:39:35 | TRACE   | query_time, 0.001044347882270813
2024-02-14 10:39:35 | TRACE   | query_time, 0.0012959809973835945
2024-02-14 10:39:35 | TRACE   | query_time, 0.0010161460377275944
2024-02-14 10:39:35 | TRACE   | query_time, 0.0010207747109234333
2024-02-14 10:39:35 | TRACE   | query_time, 0.0012058960273861885
2024-02-14 10:39:35 | TRACE   | query_time, 0.0010248380713164806
2024-02-14 10:39:35 | TRACE   | query_time, 0.0010068221017718315
2024-02-14 10:39:35 | TRACE   | query_time, 0.0010557901114225388
2024-02-14 10:39:35 | TRACE   | query_time, 0.0009969817474484444
2024-02-14 10:39:35 | TRACE   | query_time, 0.0010181181132793427
2024-02-14 10:39:35 | TRACE   | query_time, 0.0010277340188622475
2024-02-14 10:39:35 | TRACE   | query_time, 0.0012770183384418488
2024-02-14 10:39:35 | TRACE   | query_time, 0.0010198932141065598
2024-02-14 10:39:35 | TRACE   | query_time, 0.0010134861804544926
2024-02-14 10:39:35 | TRACE   | query_time, 0.001023768913000822
2024-02-14 10:39:35 | TRACE   | query_time, 0.0010153809562325478
2024-02-14 10:39:35 | TRACE   | query_time, 0.0010147127322852612
2024-02-14 10:39:35 | TRACE   | query_time, 0.0010076039470732212
2024-02-14 10:39:35 | TRACE   | query_time, 0.0010301689617335796
2024-02-14 10:39:35 | TRACE   | query_time, 0.001014813780784607
2024-02-14 10:39:35 | TRACE   | query_time, 0.0010058078914880753
2024-02-14 10:39:35 | TRACE   | query_time, 0.0010232808999717236
2024-02-14 10:39:35 | TRACE   | query_time, 0.0010462328791618347
2024-02-14 10:39:35 | TRACE   | query_time, 0.001214764080941677
2024-02-14 10:39:35 | TRACE   | query_time, 0.0010541551746428013
2024-02-14 10:39:35 | TRACE   | query_time, 0.0010199444368481636
2024-02-14 10:39:35 | TRACE   | query_time, 0.001059981994330883
2024-02-14 10:39:35 | TRACE   | query_time, 0.0010122382082045078
2024-02-14 10:39:35 | TRACE   | query_time, 0.001019852701574564
2024-02-14 10:39:35 | TRACE   | query_time, 0.0010438309982419014
2024-02-14 10:39:35 | TRACE   | query_time, 0.0010149087756872177
2024-02-14 10:39:35 | TRACE   | query_time, 0.0010204771533608437
2024-02-14 10:39:35 | TRACE   | query_time, 0.0012734741903841496
2024-02-14 10:39:35 | TRACE   | query_time, 0.0010160640813410282
2024-02-14 10:39:35 | TRACE   | query_time, 0.001127287745475769
2024-02-14 10:39:35 | TRACE   | query_time, 0.0010591838508844376
2024-02-14 10:39:35 | TRACE   | query_time, 0.0010205311700701714
2024-02-14 10:39:35 | TRACE   | query_time, 0.0010616960935294628
2024-02-14 10:39:35 | TRACE   | query_time, 0.0010287878103554249
2024-02-14 10:39:35 | TRACE   | query_time, 0.0012923767790198326
2024-02-14 10:39:35 | TRACE   | query_time, 0.0010189241729676723
2024-02-14 10:39:35 | TRACE   | query_time, 0.0010264101438224316
2024-02-14 10:39:35 | TRACE   | query_time, 0.001047779805958271
2024-02-14 10:39:35 | TRACE   | query_time, 0.0010150996968150139
2024-02-14 10:39:35 | TRACE   | query_time, 0.0010237391106784344
2024-02-14 10:39:35 | TRACE   | query_time, 0.0010242057032883167
2024-02-14 10:39:35 | TRACE   | query_time, 0.0010025189258158207
2024-02-14 10:39:35 | TRACE   | query_time, 0.0010182219557464123
2024-02-14 10:39:35 | TRACE   | query_time, 0.001009377185255289
2024-02-14 10:39:35 | TRACE   | query_time, 0.001247570849955082
2024-02-14 10:39:35 | TRACE   | query_time, 0.001135597936809063
2024-02-14 10:39:35 | TRACE   | query_time, 0.0010474040172994137
2024-02-14 10:39:35 | TRACE   | query_time, 0.0010224687866866589
2024-02-14 10:39:35 | TRACE   | query_time, 0.0010114959441125393
2024-02-14 10:39:35 | TRACE   | query_time, 0.0010140598751604557
2024-02-14 10:39:35 | TRACE   | query_time, 0.00102312583476305
2024-02-14 10:39:35 | TRACE   | query_time, 0.0010617352090775967
2024-02-14 10:39:35 | TRACE   | query_time, 0.0010122871026396751
2024-02-14 10:39:35 | TRACE   | query_time, 0.0010180971585214138
2024-02-14 10:39:35 | TRACE   | query_time, 0.0010144906118512154
2024-02-14 10:39:35 | TRACE   | query_time, 0.0010172920301556587
2024-02-14 10:39:35 | TRACE   | query_time, 0.001295190304517746
2024-02-14 10:39:35 | TRACE   | query_time, 0.0010555782355368137
2024-02-14 10:39:35 | TRACE   | query_time, 0.0010181940160691738
2024-02-14 10:39:35 | TRACE   | query_time, 0.0012231608852744102
2024-02-14 10:39:35 | TRACE   | query_time, 0.0012585483491420746
2024-02-14 10:39:35 | TRACE   | query_time, 0.001000876072794199
2024-02-14 10:39:35 | TRACE   | query_time, 0.001040835864841938
2024-02-14 10:39:35 | TRACE   | query_time, 0.0012504719197750092
2024-02-14 10:39:35 | TRACE   | query_time, 0.001019993331283331
2024-02-14 10:39:35 | TRACE   | query_time, 0.0010126647539436817
2024-02-14 10:39:35 | TRACE   | query_time, 0.001131122000515461
2024-02-14 10:39:35 | TRACE   | query_time, 0.0010520229116082191
2024-02-14 10:39:35 | TRACE   | query_time, 0.0010538427159190178
2024-02-14 10:39:35 | TRACE   | query_time, 0.0010224077850580215
2024-02-14 10:39:35 | TRACE   | query_time, 0.0010236669331789017
2024-02-14 10:39:35 | TRACE   | query_time, 0.00100606307387352
2024-02-14 10:39:35 | TRACE   | query_time, 0.0010033058933913708
2024-02-14 10:39:35 | TRACE   | query_time, 0.0011280020698904991
2024-02-14 10:39:35 | TRACE   | query_time, 0.0010622590780258179
2024-02-14 10:39:35 | TRACE   | query_time, 0.001013200730085373
2024-02-14 10:39:35 | TRACE   | query_time, 0.0010015452280640602
2024-02-14 10:39:35 | TRACE   | query_time, 0.0010343040339648724
2024-02-14 10:39:35 | TRACE   | query_time, 0.001058847177773714
2024-02-14 10:39:35 | TRACE   | query_time, 0.0012960927560925484
2024-02-14 10:39:35 | TRACE   | query_time, 0.0010177497752010822
2024-02-14 10:39:35 | TRACE   | query_time, 0.0010629869066178799
2024-02-14 10:39:35 | TRACE   | query_time, 0.0010595107451081276
2024-02-14 10:39:35 | TRACE   | query_time, 0.0012054229155182838
2024-02-14 10:39:35 | TRACE   | query_time, 0.0010275710374116898
2024-02-14 10:39:35 | TRACE   | query_time, 0.0010026716627180576
2024-02-14 10:39:35 | TRACE   | query_time, 0.0010393350385129452
2024-02-14 10:39:35 | TRACE   | query_time, 0.0010164910927414894
2024-02-14 10:39:35 | TRACE   | query_time, 0.0012548239901661873
2024-02-14 10:39:35 | TRACE   | query_time, 0.001060056034475565
2024-02-14 10:39:35 | TRACE   | query_time, 0.001241534948348999
2024-02-14 10:39:35 | TRACE   | query_time, 0.0010244701988995075
2024-02-14 10:39:35 | TRACE   | query_time, 0.001016364898532629
2024-02-14 10:39:35 | TRACE   | query_time, 0.0010065939277410507
2024-02-14 10:39:35 | TRACE   | query_time, 0.0013005579821765423
2024-02-14 10:39:35 | TRACE   | query_time, 0.0012683430686593056
2024-02-14 10:39:35 | TRACE   | query_time, 0.0010172142647206783
2024-02-14 10:39:35 | TRACE   | query_time, 0.0010716989636421204
2024-02-14 10:39:35 | TRACE   | query_time, 0.0010136081837117672
2024-02-14 10:39:35 | TRACE   | query_time, 0.0010698395781219006
2024-02-14 10:39:35 | TRACE   | query_time, 0.0010234648361802101
2024-02-14 10:39:35 | TRACE   | query_time, 0.0012104599736630917
2024-02-14 10:39:35 | TRACE   | query_time, 0.0010576159693300724
2024-02-14 10:39:35 | TRACE   | query_time, 0.0010189688764512539
2024-02-14 10:39:35 | TRACE   | query_time, 0.0010110829025506973
2024-02-14 10:39:35 | TRACE   | query_time, 0.0012573739513754845
2024-02-14 10:39:35 | TRACE   | query_time, 0.0010607759468257427
2024-02-14 10:39:35 | TRACE   | query_time, 0.0012831417843699455
2024-02-14 10:39:35 | TRACE   | query_time, 0.0010214131325483322
2024-02-14 10:39:35 | TRACE   | query_time, 0.0011274060234427452
2024-02-14 10:39:35 | TRACE   | query_time, 0.00106026791036129
2024-02-14 10:39:35 | TRACE   | query_time, 0.0010287361219525337
2024-02-14 10:39:35 | TRACE   | query_time, 0.001015739981085062
2024-02-14 10:39:35 | TRACE   | query_time, 0.001274873036891222
2024-02-14 10:39:35 | TRACE   | query_time, 0.0010270480997860432
2024-02-14 10:39:35 | TRACE   | query_time, 0.0010431641712784767
2024-02-14 10:39:35 | TRACE   | query_time, 0.0010010660625994205
2024-02-14 10:39:35 | TRACE   | query_time, 0.0011409302242100239
2024-02-14 10:39:35 | TRACE   | query_time, 0.0010629133321344852
2024-02-14 10:39:35 | TRACE   | query_time, 0.001000808086246252
2024-02-14 10:39:35 | TRACE   | query_time, 0.001017700880765915
2024-02-14 10:39:35 | TRACE   | query_time, 0.001044396311044693
2024-02-14 10:39:35 | TRACE   | query_time, 0.0010147499851882458
2024-02-14 10:39:35 | TRACE   | query_time, 0.0010474342852830887
2024-02-14 10:39:35 | TRACE   | query_time, 0.0010614157654345036
2024-02-14 10:39:35 | TRACE   | query_time, 0.0010128202848136425
2024-02-14 10:39:35 | TRACE   | query_time, 0.001204025000333786
2024-02-14 10:39:35 | TRACE   | query_time, 0.0010191011242568493
2024-02-14 10:39:35 | TRACE   | query_time, 0.001010878011584282
2024-02-14 10:39:35 | TRACE   | query_time, 0.0010174787603318691
2024-02-14 10:39:35 | TRACE   | query_time, 0.001244718674570322
2024-02-14 10:39:35 | TRACE   | query_time, 0.0010318700224161148
2024-02-14 10:39:35 | TRACE   | query_time, 0.001037050038576126
2024-02-14 10:39:35 | TRACE   | query_time, 0.0010542841628193855
2024-02-14 10:39:35 | TRACE   | query_time, 0.001242274884134531
2024-02-14 10:39:35 | TRACE   | query_time, 0.0010098880156874657
2024-02-14 10:39:35 | TRACE   | query_time, 0.0010158400982618332
2024-02-14 10:39:35 | TRACE   | query_time, 0.0010031601414084435
2024-02-14 10:39:35 | TRACE   | query_time, 0.001028753351420164
2024-02-14 10:39:35 | TRACE   | query_time, 0.001279143150895834
2024-02-14 10:39:35 | TRACE   | query_time, 0.0010048393160104752
2024-02-14 10:39:35 | TRACE   | query_time, 0.001067507080733776
2024-02-14 10:39:35 | TRACE   | query_time, 0.0009987172670662403
2024-02-14 10:39:35 | TRACE   | query_time, 0.001017760019749403
2024-02-14 10:39:35 | TRACE   | query_time, 0.0010160417295992374
2024-02-14 10:39:35 | TRACE   | query_time, 0.0012264843098819256
2024-02-14 10:39:35 | TRACE   | query_time, 0.0010460102930665016
2024-02-14 10:39:35 | TRACE   | query_time, 0.0010565840639173985
2024-02-14 10:39:35 | TRACE   | query_time, 0.0010238499380648136
2024-02-14 10:39:35 | TRACE   | query_time, 0.001248189713805914
2024-02-14 10:39:35 | TRACE   | query_time, 0.0010605677962303162
2024-02-14 10:39:35 | TRACE   | query_time, 0.001233465038239956
2024-02-14 10:39:35 | TRACE   | query_time, 0.0009992998093366623
2024-02-14 10:39:35 | TRACE   | query_time, 0.0010570189915597439
2024-02-14 10:39:35 | TRACE   | query_time, 0.0012461808510124683
2024-02-14 10:39:35 | TRACE   | query_time, 0.0011383299715816975
2024-02-14 10:39:35 | TRACE   | query_time, 0.001056252047419548
2024-02-14 10:39:35 | TRACE   | query_time, 0.0010175323113799095
2024-02-14 10:39:35 | TRACE   | query_time, 0.001002999022603035
2024-02-14 10:39:35 | TRACE   | query_time, 0.001015429850667715
2024-02-14 10:39:35 | TRACE   | query_time, 0.0012714369222521782
2024-02-14 10:39:35 | TRACE   | query_time, 0.0010544368997216225
2024-02-14 10:39:35 | TRACE   | query_time, 0.0011296672746539116
2024-02-14 10:39:35 | TRACE   | query_time, 0.0010147700086236
2024-02-14 10:39:35 | TRACE   | query_time, 0.0010011210106313229
2024-02-14 10:39:35 | TRACE   | query_time, 0.0010260487906634808
2024-02-14 10:39:35 | TRACE   | query_time, 0.0010629696771502495
2024-02-14 10:39:35 | TRACE   | query_time, 0.0009977389127016068
2024-02-14 10:39:35 | TRACE   | query_time, 0.0012941276654601097
2024-02-14 10:39:35 | TRACE   | query_time, 0.0010206317529082298
2024-02-14 10:39:35 | TRACE   | query_time, 0.0010582059621810913
2024-02-14 10:39:35 | TRACE   | query_time, 0.001033829990774393
2024-02-14 10:39:35 | TRACE   | query_time, 0.0010674819350242615
2024-02-14 10:39:35 | TRACE   | query_time, 0.001016066875308752
2024-02-14 10:39:35 | TRACE   | query_time, 0.0011982070282101631
2024-02-14 10:39:35 | TRACE   | query_time, 0.0010210233740508556
2024-02-14 10:39:35 | TRACE   | query_time, 0.00122927688062191
2024-02-14 10:39:35 | TRACE   | query_time, 0.0010203071869909763
2024-02-14 10:39:35 | TRACE   | query_time, 0.001252578105777502
2024-02-14 10:39:35 | TRACE   | query_time, 0.0010187760926783085
2024-02-14 10:39:35 | TRACE   | query_time, 0.0010083089582622051
2024-02-14 10:39:35 | TRACE   | query_time, 0.0010324819013476372
2024-02-14 10:39:35 | TRACE   | query_time, 0.0010417671874165535
2024-02-14 10:39:35 | TRACE   | query_time, 0.001059199683368206
2024-02-14 10:39:35 | TRACE   | query_time, 0.0010252227075397968
2024-02-14 10:39:35 | TRACE   | query_time, 0.0010682768188416958
2024-02-14 10:39:35 | TRACE   | query_time, 0.0010109241120517254
2024-02-14 10:39:35 | TRACE   | query_time, 0.0010120179504156113
2024-02-14 10:39:35 | TRACE   | query_time, 0.0012870891951024532
2024-02-14 10:39:35 | TRACE   | query_time, 0.0010125143453478813
2024-02-14 10:39:35 | TRACE   | query_time, 0.0010450598783791065
2024-02-14 10:39:35 | TRACE   | query_time, 0.0010169208981096745
2024-02-14 10:39:35 | TRACE   | query_time, 0.001025172881782055
2024-02-14 10:39:35 | TRACE   | query_time, 0.0010162433609366417
2024-02-14 10:39:35 | TRACE   | query_time, 0.0010005519725382328
2024-02-14 10:39:35 | TRACE   | query_time, 0.0010115145705640316
2024-02-14 10:39:35 | TRACE   | query_time, 0.0010042968206107616
2024-02-14 10:39:35 | TRACE   | query_time, 0.0010144831612706184
2024-02-14 10:39:35 | TRACE   | query_time, 0.001040677074342966
2024-02-14 10:39:35 | TRACE   | query_time, 0.0012458022683858871
2024-02-14 10:39:35 | TRACE   | query_time, 0.0010128337889909744
2024-02-14 10:39:35 | TRACE   | query_time, 0.0010101748630404472
2024-02-14 10:39:35 | TRACE   | query_time, 0.001050523016601801
2024-02-14 10:39:35 | TRACE   | query_time, 0.0010121497325599194
2024-02-14 10:39:35 | TRACE   | query_time, 0.0012743407860398293
2024-02-14 10:39:35 | TRACE   | query_time, 0.001039094291627407
2024-02-14 10:39:35 | TRACE   | query_time, 0.0011355257593095303
2024-02-14 10:39:35 | TRACE   | query_time, 0.001015503890812397
2024-02-14 10:39:35 | TRACE   | query_time, 0.0010278979316353798
2024-02-14 10:39:35 | TRACE   | query_time, 0.0010610376484692097
2024-02-14 10:39:35 | TRACE   | query_time, 0.0012823296710848808
2024-02-14 10:39:35 | TRACE   | query_time, 0.0012102266773581505
2024-02-14 10:39:35 | TRACE   | query_time, 0.0010547712445259094
2024-02-14 10:39:35 | TRACE   | query_time, 0.00101794907823205
2024-02-14 10:39:35 | TRACE   | query_time, 0.0010199127718806267
2024-02-14 10:39:35 | TRACE   | query_time, 0.0012464262545108795
2024-02-14 10:39:35 | TRACE   | query_time, 0.0010687238536775112
2024-02-14 10:39:35 | TRACE   | query_time, 0.0012195217423141003
2024-02-14 10:39:35 | TRACE   | query_time, 0.0010432340204715729
2024-02-14 10:39:35 | TRACE   | query_time, 0.0012533091939985752
2024-02-14 10:39:35 | TRACE   | query_time, 0.0010127057321369648
2024-02-14 10:39:35 | TRACE   | query_time, 0.0012699398212134838
2024-02-14 10:39:35 | TRACE   | query_time, 0.0010230960324406624
2024-02-14 10:39:35 | TRACE   | query_time, 0.001133230049163103
2024-02-14 10:39:35 | TRACE   | query_time, 0.0010172226466238499
2024-02-14 10:39:35 | TRACE   | query_time, 0.001016460359096527
2024-02-14 10:39:35 | TRACE   | query_time, 0.00102902390062809
2024-02-14 10:39:35 | TRACE   | query_time, 0.0010454938746988773
2024-02-14 10:39:35 | TRACE   | query_time, 0.00112843606621027
2024-02-14 10:39:35 | TRACE   | query_time, 0.001022550743073225
2024-02-14 10:39:35 | TRACE   | query_time, 0.0010585570707917213
2024-02-14 10:39:35 | TRACE   | query_time, 0.001019860152155161
2024-02-14 10:39:35 | TRACE   | query_time, 0.0010021566413342953
2024-02-14 10:39:35 | TRACE   | query_time, 0.0010237791575491428
2024-02-14 10:39:35 | TRACE   | query_time, 0.0010178112424910069
2024-02-14 10:39:35 | TRACE   | query_time, 0.0010145590640604496
2024-02-14 10:39:35 | TRACE   | query_time, 0.0010692058131098747
2024-02-14 10:39:35 | TRACE   | query_time, 0.0010459045879542828
2024-02-14 10:39:35 | TRACE   | query_time, 0.0010175220668315887
2024-02-14 10:39:35 | TRACE   | query_time, 0.0012014638632535934
2024-02-14 10:39:35 | TRACE   | query_time, 0.0012154970318078995
2024-02-14 10:39:35 | TRACE   | query_time, 0.0009998176246881485
2024-02-14 10:39:35 | TRACE   | query_time, 0.0010421788319945335
2024-02-14 10:39:35 | TRACE   | query_time, 0.001073396299034357
2024-02-14 10:39:35 | TRACE   | query_time, 0.0010143648833036423
2024-02-14 10:39:35 | TRACE   | query_time, 0.0010162717662751675
2024-02-14 10:39:35 | TRACE   | query_time, 0.0010520596988499165
2024-02-14 10:39:35 | TRACE   | query_time, 0.0012766500003635883
2024-02-14 10:39:35 | TRACE   | query_time, 0.001057333778589964
2024-02-14 10:39:35 | TRACE   | query_time, 0.0010139471851289272
2024-02-14 10:39:35 | TRACE   | query_time, 0.0010136160999536514
2024-02-14 10:39:35 | TRACE   | query_time, 0.0012134769931435585
2024-02-14 10:39:35 | TRACE   | query_time, 0.0010163919068872929
2024-02-14 10:39:35 | TRACE   | query_time, 0.0012149680405855179
2024-02-14 10:39:35 | TRACE   | query_time, 0.0010170540772378445
2024-02-14 10:39:35 | TRACE   | query_time, 0.0010173558257520199
2024-02-14 10:39:35 | TRACE   | query_time, 0.0010538240894675255
2024-02-14 10:39:35 | TRACE   | query_time, 0.0012419759295880795
2024-02-14 10:39:35 | TRACE   | query_time, 0.0010027713142335415
2024-02-14 10:39:35 | TRACE   | query_time, 0.001040179282426834
2024-02-14 10:39:35 | TRACE   | query_time, 0.0012557059526443481
2024-02-14 10:39:35 | TRACE   | query_time, 0.0010174121707677841
2024-02-14 10:39:35 | TRACE   | query_time, 0.001273163128644228
2024-02-14 10:39:35 | TRACE   | query_time, 0.0010242960415780544
2024-02-14 10:39:35 | TRACE   | query_time, 0.0010444773361086845
2024-02-14 10:39:35 | TRACE   | query_time, 0.0010105948895215988
2024-02-14 10:39:35 | TRACE   | query_time, 0.0010244888253509998
2024-02-14 10:39:35 | TRACE   | query_time, 0.001270294189453125
2024-02-14 10:39:35 | TRACE   | query_time, 0.0010145236738026142
2024-02-14 10:39:35 | TRACE   | query_time, 0.001002803910523653
2024-02-14 10:39:35 | TRACE   | query_time, 0.0011405646800994873
2024-02-14 10:39:35 | TRACE   | query_time, 0.001012451946735382
2024-02-14 10:39:35 | TRACE   | query_time, 0.0010160664096474648
2024-02-14 10:39:35 | TRACE   | query_time, 0.0010214210487902164
2024-02-14 10:39:35 | TRACE   | query_time, 0.0012127240188419819
2024-02-14 10:39:35 | TRACE   | query_time, 0.0010574148036539555
2024-02-14 10:39:35 | TRACE   | query_time, 0.0010134996846318245
2024-02-14 10:39:35 | TRACE   | query_time, 0.006121853366494179
2024-02-14 10:39:35 | TRACE   | query_time, 0.006637378130108118
2024-02-14 10:39:35 | TRACE   | query_time, 0.005880783777683973
2024-02-14 10:39:35 | TRACE   | query_time, 0.005717799998819828
2024-02-14 10:39:35 | TRACE   | query_time, 0.006143221165984869
2024-02-14 10:39:35 | TRACE   | query_time, 0.005739327985793352
2024-02-14 10:39:35 | TRACE   | query_time, 0.005653630010783672
2024-02-14 10:39:35 | TRACE   | query_time, 0.005946902092546225
2024-02-14 10:39:35 | TRACE   | query_time, 0.005612297914922237
2024-02-14 10:39:35 | TRACE   | query_time, 0.0056648170575499535
2024-02-14 10:39:36 | TRACE   | query_time, 0.005935515742748976
2024-02-14 10:39:36 | TRACE   | query_time, 0.0056928470730781555
2024-02-14 10:39:36 | TRACE   | query_time, 0.006005869712680578
2024-02-14 10:39:36 | TRACE   | query_time, 0.005605651997029781
2024-02-14 10:39:36 | TRACE   | query_time, 0.005636252928525209
2024-02-14 10:39:36 | TRACE   | query_time, 0.005764827132225037
2024-02-14 10:39:36 | TRACE   | query_time, 0.006121018901467323
2024-02-14 10:39:36 | TRACE   | query_time, 0.005678597837686539
2024-02-14 10:39:36 | TRACE   | query_time, 0.005610928405076265
2024-02-14 10:39:36 | TRACE   | query_time, 0.00558406300842762
2024-02-14 10:39:36 | TRACE   | query_time, 0.005437272135168314
2024-02-14 10:39:36 | TRACE   | query_time, 0.005886028055101633
2024-02-14 10:39:36 | TRACE   | query_time, 0.0053992741741240025
2024-02-14 10:39:36 | TRACE   | query_time, 0.0055761318653821945
2024-02-14 10:39:36 | TRACE   | query_time, 0.005880285054445267
2024-02-14 10:39:36 | TRACE   | query_time, 0.0058043659664690495
2024-02-14 10:39:36 | TRACE   | query_time, 0.005931951105594635
2024-02-14 10:39:36 | TRACE   | query_time, 0.00597893912345171
2024-02-14 10:39:36 | TRACE   | query_time, 0.005755163729190826
2024-02-14 10:39:36 | TRACE   | query_time, 0.005382230971008539
2024-02-14 10:39:36 | TRACE   | query_time, 0.0053205168806016445
2024-02-14 10:39:36 | TRACE   | query_time, 0.005688751116394997
2024-02-14 10:39:36 | TRACE   | query_time, 0.005417462904006243
2024-02-14 10:39:36 | TRACE   | query_time, 0.006121025420725346
2024-02-14 10:39:36 | TRACE   | query_time, 0.005569718778133392
2024-02-14 10:39:36 | TRACE   | query_time, 0.0053437743335962296
2024-02-14 10:39:36 | TRACE   | query_time, 0.005577043164521456
2024-02-14 10:39:36 | TRACE   | query_time, 0.005860153120011091
2024-02-14 10:39:36 | TRACE   | query_time, 0.005748172756284475
2024-02-14 10:39:36 | TRACE   | query_time, 0.005506629124283791
2024-02-14 10:39:36 | TRACE   | query_time, 0.0056325518526136875
2024-02-14 10:39:36 | TRACE   | query_time, 0.005397966131567955
2024-02-14 10:39:36 | TRACE   | query_time, 0.0056873103603720665
2024-02-14 10:39:36 | TRACE   | query_time, 0.005634583067148924
2024-02-14 10:39:36 | TRACE   | query_time, 0.005808615125715733
2024-02-14 10:39:36 | TRACE   | query_time, 0.005603550933301449
2024-02-14 10:39:36 | TRACE   | query_time, 0.005661242175847292
2024-02-14 10:39:36 | TRACE   | query_time, 0.005781759042292833
2024-02-14 10:39:36 | TRACE   | query_time, 0.005610289052128792
2024-02-14 10:39:36 | TRACE   | query_time, 0.005674391984939575
2024-02-14 10:39:36 | TRACE   | query_time, 0.005627525970339775
2024-02-14 10:39:36 | TRACE   | query_time, 0.0058251372538506985
2024-02-14 10:39:36 | TRACE   | query_time, 0.005793440621346235
2024-02-14 10:39:36 | TRACE   | query_time, 0.006151547189801931
2024-02-14 10:39:36 | TRACE   | query_time, 0.005698846187442541
2024-02-14 10:39:36 | TRACE   | query_time, 0.005338821094483137
2024-02-14 10:39:36 | TRACE   | query_time, 0.005652498919516802
2024-02-14 10:39:36 | TRACE   | query_time, 0.0059095341712236404
2024-02-14 10:39:36 | TRACE   | query_time, 0.005569337867200375
2024-02-14 10:39:36 | TRACE   | query_time, 0.005811491049826145
2024-02-14 10:39:36 | TRACE   | query_time, 0.005585407838225365
2024-02-14 10:39:36 | TRACE   | query_time, 0.005945160984992981
2024-02-14 10:39:36 | TRACE   | query_time, 0.006413545925170183
2024-02-14 10:39:36 | TRACE   | query_time, 0.005920166149735451
2024-02-14 10:39:36 | TRACE   | query_time, 0.006509323138743639
2024-02-14 10:39:36 | TRACE   | query_time, 0.0066549270413815975
2024-02-14 10:39:36 | TRACE   | query_time, 0.00613926537334919
2024-02-14 10:39:36 | TRACE   | query_time, 0.005353801883757114
2024-02-14 10:39:36 | TRACE   | query_time, 0.005703413859009743
2024-02-14 10:39:36 | TRACE   | query_time, 0.005641653202474117
2024-02-14 10:39:36 | TRACE   | query_time, 0.005877960007637739
2024-02-14 10:39:36 | TRACE   | query_time, 0.005604049190878868
2024-02-14 10:39:36 | TRACE   | query_time, 0.005610441789031029
2024-02-14 10:39:36 | TRACE   | query_time, 0.005745243281126022
2024-02-14 10:39:36 | TRACE   | query_time, 0.0057516200467944145
2024-02-14 10:39:36 | TRACE   | query_time, 0.005703476723283529
2024-02-14 10:39:36 | TRACE   | query_time, 0.005619107745587826
2024-02-14 10:39:36 | TRACE   | query_time, 0.00571108004078269
2024-02-14 10:39:36 | TRACE   | query_time, 0.0057011861354112625
2024-02-14 10:39:36 | TRACE   | query_time, 0.005611670669168234
2024-02-14 10:39:36 | TRACE   | query_time, 0.005667755845934153
2024-02-14 10:39:36 | TRACE   | query_time, 0.006069913972169161
2024-02-14 10:39:36 | TRACE   | query_time, 0.006480413023382425
2024-02-14 10:39:36 | TRACE   | query_time, 0.005978431086987257
2024-02-14 10:39:36 | TRACE   | query_time, 0.006111964117735624
2024-02-14 10:39:36 | TRACE   | query_time, 0.0053779082372784615
2024-02-14 10:39:36 | TRACE   | query_time, 0.005690122954547405
2024-02-14 10:39:36 | TRACE   | query_time, 0.005597725044935942
2024-02-14 10:39:36 | TRACE   | query_time, 0.005478634964674711
2024-02-14 10:39:36 | TRACE   | query_time, 0.005373640917241573
2024-02-14 10:39:36 | TRACE   | query_time, 0.005580601282417774
2024-02-14 10:39:36 | TRACE   | query_time, 0.005963908974081278
2024-02-14 10:39:36 | TRACE   | query_time, 0.00599349569529295
2024-02-14 10:39:36 | TRACE   | query_time, 0.0060857683420181274
2024-02-14 10:39:36 | TRACE   | query_time, 0.006697302684187889
2024-02-14 10:39:36 | TRACE   | query_time, 0.00553538091480732
2024-02-14 10:39:36 | TRACE   | query_time, 0.00651120999827981
2024-02-14 10:39:36 | TRACE   | query_time, 0.006135854870080948
2024-02-14 10:39:36 | TRACE   | query_time, 0.005343732889741659
2024-02-14 10:39:36 | TRACE   | query_time, 0.005327442195266485
2024-02-14 10:39:36 | TRACE   | query_time, 0.005678247194737196
2024-02-14 10:39:36 | TRACE   | query_time, 0.0054436358623206615
2024-02-14 10:39:36 | TRACE   | query_time, 0.005331296939402819
2024-02-14 10:39:36 | TRACE   | query_time, 0.005635550245642662
2024-02-14 10:39:36 | TRACE   | query_time, 0.005864285863935947
2024-02-14 10:39:36 | TRACE   | query_time, 0.005376973655074835
2024-02-14 10:39:36 | TRACE   | query_time, 0.005584539845585823
2024-02-14 10:39:36 | TRACE   | query_time, 0.0056282817386090755
2024-02-14 10:39:36 | TRACE   | query_time, 0.005637344904243946
2024-02-14 10:39:36 | TRACE   | query_time, 0.005925531033426523
2024-02-14 10:39:36 | TRACE   | query_time, 0.0056489151902496815
2024-02-14 10:39:36 | TRACE   | query_time, 0.006486665923148394
2024-02-14 10:39:36 | TRACE   | query_time, 0.006460416130721569
2024-02-14 10:39:36 | TRACE   | query_time, 0.005824670195579529
2024-02-14 10:39:36 | TRACE   | query_time, 0.005621547810733318
2024-02-14 10:39:36 | TRACE   | query_time, 0.005536521784961224
2024-02-14 10:39:36 | TRACE   | query_time, 0.005578436888754368
2024-02-14 10:39:36 | TRACE   | query_time, 0.005694088991731405
2024-02-14 10:39:36 | TRACE   | query_time, 0.005340270232409239
2024-02-14 10:39:36 | TRACE   | query_time, 0.0054398998618125916
2024-02-14 10:39:36 | TRACE   | query_time, 0.005819353275001049
2024-02-14 10:39:36 | TRACE   | query_time, 0.006368888076394796
2024-02-14 10:39:36 | TRACE   | query_time, 0.005561055149883032
2024-02-14 10:39:36 | TRACE   | query_time, 0.005939954426139593
2024-02-14 10:39:36 | TRACE   | query_time, 0.005748800002038479
2024-02-14 10:39:36 | TRACE   | query_time, 0.005998359061777592
2024-02-14 10:39:36 | TRACE   | query_time, 0.00611920515075326
2024-02-14 10:39:36 | TRACE   | query_time, 0.006259119138121605
2024-02-14 10:39:36 | TRACE   | query_time, 0.006017370615154505
2024-02-14 10:39:36 | TRACE   | query_time, 0.006246821954846382
2024-02-14 10:39:36 | TRACE   | query_time, 0.006038874853402376
2024-02-14 10:39:36 | TRACE   | query_time, 0.006468859035521746
2024-02-14 10:39:36 | TRACE   | query_time, 0.006453569047152996
2024-02-14 10:39:36 | TRACE   | query_time, 0.006605688948184252
2024-02-14 10:39:36 | TRACE   | query_time, 0.0070078568533062935
2024-02-14 10:39:36 | TRACE   | query_time, 0.006534492131322622
2024-02-14 10:39:36 | TRACE   | query_time, 0.006119478028267622
2024-02-14 10:39:36 | TRACE   | query_time, 0.006229907739907503
2024-02-14 10:39:36 | TRACE   | query_time, 0.006016911938786507
2024-02-14 10:39:36 | TRACE   | query_time, 0.006158804055303335
2024-02-14 10:39:36 | TRACE   | query_time, 0.006506653968244791
2024-02-14 10:39:36 | TRACE   | query_time, 0.00628228485584259
2024-02-14 10:39:36 | TRACE   | query_time, 0.006380396895110607
2024-02-14 10:39:36 | TRACE   | query_time, 0.006227526813745499
2024-02-14 10:39:36 | TRACE   | query_time, 0.006197237875312567
2024-02-14 10:39:36 | TRACE   | query_time, 0.006012631114572287
2024-02-14 10:39:36 | TRACE   | query_time, 0.0061156898736953735
2024-02-14 10:39:36 | TRACE   | query_time, 0.006193845998495817
2024-02-14 10:39:36 | TRACE   | query_time, 0.006358148064464331
2024-02-14 10:39:36 | TRACE   | query_time, 0.006935829762369394
2024-02-14 10:39:36 | TRACE   | query_time, 0.0070058563724160194
2024-02-14 10:39:36 | TRACE   | query_time, 0.006638965103775263
2024-02-14 10:39:36 | TRACE   | query_time, 0.0060026030987501144
2024-02-14 10:39:36 | TRACE   | query_time, 0.006011730991303921
2024-02-14 10:39:36 | TRACE   | query_time, 0.006209162995219231
2024-02-14 10:39:36 | TRACE   | query_time, 0.0064346566796302795
2024-02-14 10:39:36 | TRACE   | query_time, 0.006491551641374826
2024-02-14 10:39:36 | TRACE   | query_time, 0.006923926994204521
2024-02-14 10:39:36 | TRACE   | query_time, 0.006537770852446556
2024-02-14 10:39:36 | TRACE   | query_time, 0.006929109338670969
2024-02-14 10:39:36 | TRACE   | query_time, 0.006362423300743103
2024-02-14 10:39:36 | TRACE   | query_time, 0.00637941574677825
2024-02-14 10:39:36 | TRACE   | query_time, 0.006297900807112455
2024-02-14 10:39:36 | TRACE   | query_time, 0.006241940893232822
2024-02-14 10:39:36 | TRACE   | query_time, 0.0061201308853924274
2024-02-14 10:39:36 | TRACE   | query_time, 0.006315572652965784
2024-02-14 10:39:36 | TRACE   | query_time, 0.006465399172157049
2024-02-14 10:39:36 | TRACE   | query_time, 0.00634123245254159
2024-02-14 10:39:36 | TRACE   | query_time, 0.006228976882994175
2024-02-14 10:39:36 | TRACE   | query_time, 0.00688310619443655
2024-02-14 10:39:36 | TRACE   | query_time, 0.006278447341173887
2024-02-14 10:39:36 | TRACE   | query_time, 0.006202241871505976
2024-02-14 10:39:36 | TRACE   | query_time, 0.006077080965042114
2024-02-14 10:39:36 | TRACE   | query_time, 0.006610481068491936
2024-02-14 10:39:36 | TRACE   | query_time, 0.006008368916809559
2024-02-14 10:39:37 | TRACE   | query_time, 0.006230712402611971
2024-02-14 10:39:37 | TRACE   | query_time, 0.006005704868584871
2024-02-14 10:39:37 | TRACE   | query_time, 0.006162105593830347
2024-02-14 10:39:37 | TRACE   | query_time, 0.0068610371090471745
2024-02-14 10:39:37 | TRACE   | query_time, 0.00660720793530345
2024-02-14 10:39:37 | TRACE   | query_time, 0.006224647164344788
2024-02-14 10:39:37 | TRACE   | query_time, 0.006107911001890898
2024-02-14 10:39:37 | TRACE   | query_time, 0.006313794758170843
2024-02-14 10:39:37 | TRACE   | query_time, 0.006394769996404648
2024-02-14 10:39:37 | TRACE   | query_time, 0.006196694914251566
2024-02-14 10:39:37 | TRACE   | query_time, 0.006295370869338512
2024-02-14 10:39:37 | TRACE   | query_time, 0.006196452304720879
2024-02-14 10:39:37 | TRACE   | query_time, 0.00640717102214694
2024-02-14 10:39:37 | TRACE   | query_time, 0.00657300278544426
2024-02-14 10:39:37 | TRACE   | query_time, 0.0061836279928684235
2024-02-14 10:39:37 | TRACE   | query_time, 0.006227434147149324
2024-02-14 10:39:37 | TRACE   | query_time, 0.005978546105325222
2024-02-14 10:39:37 | TRACE   | query_time, 0.006262579001486301
2024-02-14 10:39:37 | TRACE   | query_time, 0.006059072446078062
2024-02-14 10:39:37 | TRACE   | query_time, 0.0062293922528624535
2024-02-14 10:39:37 | TRACE   | query_time, 0.006220770068466663
2024-02-14 10:39:37 | TRACE   | query_time, 0.006366797722876072
2024-02-14 10:39:37 | TRACE   | query_time, 0.006355711724609137
2024-02-14 10:39:37 | TRACE   | query_time, 0.006213181186467409
2024-02-14 10:39:37 | TRACE   | query_time, 0.006435016635805368
2024-02-14 10:39:37 | TRACE   | query_time, 0.006886666640639305
2024-02-14 10:39:37 | TRACE   | query_time, 0.006159513257443905
2024-02-14 10:39:37 | TRACE   | query_time, 0.006502800155431032
2024-02-14 10:39:37 | TRACE   | query_time, 0.00660572899505496
2024-02-14 10:39:37 | TRACE   | query_time, 0.00612891698256135
2024-02-14 10:39:37 | TRACE   | query_time, 0.006372198928147554
2024-02-14 10:39:37 | TRACE   | query_time, 0.006381764076650143
2024-02-14 10:39:37 | TRACE   | query_time, 0.006223861128091812
2024-02-14 10:39:37 | TRACE   | query_time, 0.006205582059919834
2024-02-14 10:39:37 | TRACE   | query_time, 0.00696685491129756
2024-02-14 10:39:37 | TRACE   | query_time, 0.006146710831671953
2024-02-14 10:39:37 | TRACE   | query_time, 0.00633678212761879
2024-02-14 10:39:37 | TRACE   | query_time, 0.007548574823886156
2024-02-14 10:39:37 | TRACE   | query_time, 0.00638525141403079
2024-02-14 10:39:37 | TRACE   | query_time, 0.006608582101762295
2024-02-14 10:39:37 | TRACE   | query_time, 0.006097922567278147
2024-02-14 10:39:37 | TRACE   | query_time, 0.006019492633640766
2024-02-14 10:39:37 | TRACE   | query_time, 0.006215712055563927
2024-02-14 10:39:37 | TRACE   | query_time, 0.0065924800001084805
2024-02-14 10:39:37 | TRACE   | query_time, 0.006942556705325842
2024-02-14 10:39:37 | TRACE   | query_time, 0.006602603942155838
2024-02-14 10:39:37 | TRACE   | query_time, 0.006237314082682133
2024-02-14 10:39:37 | TRACE   | query_time, 0.006343866232782602
2024-02-14 10:39:37 | TRACE   | query_time, 0.006208896171301603
2024-02-14 10:39:37 | TRACE   | query_time, 0.006202748976647854
2024-02-14 10:39:37 | TRACE   | query_time, 0.006851197686046362
2024-02-14 10:39:37 | TRACE   | query_time, 0.006941977888345718
2024-02-14 10:39:37 | TRACE   | query_time, 0.006335067097097635
2024-02-14 10:39:37 | TRACE   | query_time, 0.006636131554841995
2024-02-14 10:39:37 | TRACE   | query_time, 0.006031983997672796
2024-02-14 10:39:37 | TRACE   | query_time, 0.006228269077837467
2024-02-14 10:39:37 | TRACE   | query_time, 0.006050549913197756
2024-02-14 10:39:37 | TRACE   | query_time, 0.006242707837373018
2024-02-14 10:39:37 | TRACE   | query_time, 0.007066074293106794
2024-02-14 10:39:37 | TRACE   | query_time, 0.0064240992069244385
2024-02-14 10:39:37 | TRACE   | query_time, 0.006275417748838663
2024-02-14 10:39:37 | TRACE   | query_time, 0.006000618916004896
2024-02-14 10:39:37 | TRACE   | query_time, 0.006210378836840391
2024-02-14 10:39:37 | TRACE   | query_time, 0.006361120846122503
2024-02-14 10:39:37 | TRACE   | query_time, 0.00611836789175868
2024-02-14 10:39:37 | TRACE   | query_time, 0.0064871711656451225
2024-02-14 10:39:37 | TRACE   | query_time, 0.006330892909318209
2024-02-14 10:39:37 | TRACE   | query_time, 0.006245660595595837
2024-02-14 10:39:37 | TRACE   | query_time, 0.0059487647376954556
2024-02-14 10:39:37 | TRACE   | query_time, 0.006258311215788126
2024-02-14 10:39:37 | TRACE   | query_time, 0.006408827845007181
2024-02-14 10:39:37 | TRACE   | query_time, 0.006297882180660963
2024-02-14 10:39:37 | TRACE   | query_time, 0.0060300980694592
2024-02-14 10:39:37 | TRACE   | query_time, 0.0063406131230294704
2024-02-14 10:39:37 | TRACE   | query_time, 0.006105417385697365
2024-02-14 10:39:37 | TRACE   | query_time, 0.006304152309894562
2024-02-14 10:39:37 | TRACE   | query_time, 0.0061589437536895275
2024-02-14 10:39:37 | TRACE   | query_time, 0.006377324927598238
2024-02-14 10:39:37 | TRACE   | query_time, 0.00631854310631752
2024-02-14 10:39:37 | TRACE   | query_time, 0.006266075186431408
2024-02-14 10:39:37 | TRACE   | query_time, 0.006064527668058872
2024-02-14 10:39:37 | TRACE   | query_time, 0.006647370755672455
2024-02-14 10:39:37 | TRACE   | query_time, 0.006293507758527994
2024-02-14 10:39:37 | TRACE   | query_time, 0.006121814250946045
2024-02-14 10:39:37 | TRACE   | query_time, 0.006220197305083275
2024-02-14 10:39:37 | TRACE   | query_time, 0.0063988990150392056
2024-02-14 10:39:37 | TRACE   | query_time, 0.006258910056203604
2024-02-14 10:39:37 | TRACE   | query_time, 0.006372281350195408
2024-02-14 10:39:37 | TRACE   | query_time, 0.006788366939872503
2024-02-14 10:39:37 | TRACE   | query_time, 0.0069545600563287735
