2024-02-14 10:41:30 | DEBUG   | {'input': PosixPath('data/open_data_usa/indices/microbenchmarks/rebinning-k150.zst'), 'input_type': 'index', 'queries': PosixPath('data/open_data_usa/queries/microbenchmarks.zst'), 'estimation_mode': None, 'index_mode': 'recall', 'output': None, 'workers': None, 'frequency_hists': False, 'suppress_results': True, 'log_level': 'INFO', 'log_file': PosixPath('logs/microbenchmarks/runtime/open_data_usa-rebinning-k150-single_suppressed-4.log')}
2024-02-14 10:41:30 | DEBUG   | Loading input data from data/open_data_usa/indices/microbenchmarks/rebinning-k150.zst
2024-02-14 10:41:31 | DEBUG   | Loading queries from data/open_data_usa/queries/microbenchmarks.zst
2024-02-14 10:41:31 | TRACE   | bootstrap_time, 0.34407746978104115
2024-02-14 10:41:31 | DEBUG   | Starting execution
2024-02-14 10:41:31 | TRACE   | query_time, 0.0005191843956708908
2024-02-14 10:41:31 | TRACE   | query_time, 0.0002555176615715027
2024-02-14 10:41:31 | TRACE   | query_time, 0.0002514980733394623
2024-02-14 10:41:31 | TRACE   | query_time, 0.000249737873673439
2024-02-14 10:41:31 | TRACE   | query_time, 0.0002511385828256607
2024-02-14 10:41:31 | TRACE   | query_time, 0.0002504810690879822
2024-02-14 10:41:31 | TRACE   | query_time, 0.00033012963831424713
2024-02-14 10:41:31 | TRACE   | query_time, 0.0002571865916252136
2024-02-14 10:41:31 | TRACE   | query_time, 0.00025306642055511475
2024-02-14 10:41:31 | TRACE   | query_time, 0.0002811551094055176
2024-02-14 10:41:31 | TRACE   | query_time, 0.00025064125657081604
2024-02-14 10:41:31 | TRACE   | query_time, 0.0002519320696592331
2024-02-14 10:41:31 | TRACE   | query_time, 0.00025097839534282684
2024-02-14 10:41:31 | TRACE   | query_time, 0.00025082938373088837
2024-02-14 10:41:31 | TRACE   | query_time, 0.0002522151917219162
2024-02-14 10:41:31 | TRACE   | query_time, 0.0002500656992197037
2024-02-14 10:41:31 | TRACE   | query_time, 0.00025002844631671906
2024-02-14 10:41:31 | TRACE   | query_time, 0.0002501513808965683
2024-02-14 10:41:31 | TRACE   | query_time, 0.0002503190189599991
2024-02-14 10:41:31 | TRACE   | query_time, 0.0002481117844581604
2024-02-14 10:41:31 | TRACE   | query_time, 0.00029452890157699585
2024-02-14 10:41:31 | TRACE   | query_time, 0.00024919211864471436
2024-02-14 10:41:31 | TRACE   | query_time, 0.00024865753948688507
2024-02-14 10:41:31 | TRACE   | query_time, 0.0002511739730834961
2024-02-14 10:41:31 | TRACE   | query_time, 0.00025004521012306213
2024-02-14 10:41:31 | TRACE   | query_time, 0.00024987198412418365
2024-02-14 10:41:31 | TRACE   | query_time, 0.0002504456788301468
2024-02-14 10:41:31 | TRACE   | query_time, 0.0002758372575044632
2024-02-14 10:41:31 | TRACE   | query_time, 0.0002498030662536621
2024-02-14 10:41:31 | TRACE   | query_time, 0.0002619754523038864
2024-02-14 10:41:31 | TRACE   | query_time, 0.00030984170734882355
2024-02-14 10:41:31 | TRACE   | query_time, 0.0002520456910133362
2024-02-14 10:41:31 | TRACE   | query_time, 0.0002498924732208252
2024-02-14 10:41:31 | TRACE   | query_time, 0.0002482868731021881
2024-02-14 10:41:31 | TRACE   | query_time, 0.00024936534464359283
2024-02-14 10:41:31 | TRACE   | query_time, 0.0002482794225215912
2024-02-14 10:41:31 | TRACE   | query_time, 0.00024866312742233276
2024-02-14 10:41:31 | TRACE   | query_time, 0.0003050677478313446
2024-02-14 10:41:31 | TRACE   | query_time, 0.00024734437465667725
2024-02-14 10:41:31 | TRACE   | query_time, 0.0002943761646747589
2024-02-14 10:41:31 | TRACE   | query_time, 0.00025779008865356445
2024-02-14 10:41:31 | TRACE   | query_time, 0.0002909637987613678
2024-02-14 10:41:31 | TRACE   | query_time, 0.0002477522939443588
2024-02-14 10:41:31 | TRACE   | query_time, 0.00029168836772441864
2024-02-14 10:41:31 | TRACE   | query_time, 0.00025106407701969147
2024-02-14 10:41:31 | TRACE   | query_time, 0.00024732761085033417
2024-02-14 10:41:31 | TRACE   | query_time, 0.0002466794103384018
2024-02-14 10:41:31 | TRACE   | query_time, 0.0002762842923402786
2024-02-14 10:41:31 | TRACE   | query_time, 0.0002476722002029419
2024-02-14 10:41:31 | TRACE   | query_time, 0.0002521537244319916
2024-02-14 10:41:31 | TRACE   | query_time, 0.00030519999563694
2024-02-14 10:41:31 | TRACE   | query_time, 0.0002480447292327881
2024-02-14 10:41:31 | TRACE   | query_time, 0.0003076177090406418
2024-02-14 10:41:31 | TRACE   | query_time, 0.00024780072271823883
2024-02-14 10:41:31 | TRACE   | query_time, 0.00024873577058315277
2024-02-14 10:41:31 | TRACE   | query_time, 0.0002925395965576172
2024-02-14 10:41:31 | TRACE   | query_time, 0.00024904683232307434
2024-02-14 10:41:31 | TRACE   | query_time, 0.0002483949065208435
2024-02-14 10:41:31 | TRACE   | query_time, 0.00024912506341934204
2024-02-14 10:41:31 | TRACE   | query_time, 0.00024947337806224823
2024-02-14 10:41:31 | TRACE   | query_time, 0.00025003403425216675
2024-02-14 10:41:31 | TRACE   | query_time, 0.00024851225316524506
2024-02-14 10:41:31 | TRACE   | query_time, 0.00030459463596343994
2024-02-14 10:41:31 | TRACE   | query_time, 0.00027333199977874756
2024-02-14 10:41:31 | TRACE   | query_time, 0.0002486277371644974
2024-02-14 10:41:31 | TRACE   | query_time, 0.00024657323956489563
2024-02-14 10:41:31 | TRACE   | query_time, 0.00024709105491638184
2024-02-14 10:41:31 | TRACE   | query_time, 0.0002516191452741623
2024-02-14 10:41:31 | TRACE   | query_time, 0.0002488754689693451
2024-02-14 10:41:31 | TRACE   | query_time, 0.0002475474029779434
2024-02-14 10:41:31 | TRACE   | query_time, 0.0002462882548570633
2024-02-14 10:41:31 | TRACE   | query_time, 0.0002477094531059265
2024-02-14 10:41:31 | TRACE   | query_time, 0.0002494640648365021
2024-02-14 10:41:31 | TRACE   | query_time, 0.0002480465918779373
2024-02-14 10:41:31 | TRACE   | query_time, 0.0003025475889444351
2024-02-14 10:41:31 | TRACE   | query_time, 0.0002472288906574249
2024-02-14 10:41:31 | TRACE   | query_time, 0.0002500656992197037
2024-02-14 10:41:31 | TRACE   | query_time, 0.0002479236572980881
2024-02-14 10:41:31 | TRACE   | query_time, 0.0002475474029779434
2024-02-14 10:41:31 | TRACE   | query_time, 0.0002481359988451004
2024-02-14 10:41:31 | TRACE   | query_time, 0.000247318297624588
2024-02-14 10:41:31 | TRACE   | query_time, 0.00024626776576042175
2024-02-14 10:41:31 | TRACE   | query_time, 0.00024556368589401245
2024-02-14 10:41:31 | TRACE   | query_time, 0.00030390918254852295
2024-02-14 10:41:31 | TRACE   | query_time, 0.00024645961821079254
2024-02-14 10:41:31 | TRACE   | query_time, 0.00027745775878429413
2024-02-14 10:41:31 | TRACE   | query_time, 0.0002616867423057556
2024-02-14 10:41:31 | TRACE   | query_time, 0.0002523884177207947
2024-02-14 10:41:31 | TRACE   | query_time, 0.00024740584194660187
2024-02-14 10:41:31 | TRACE   | query_time, 0.00024732574820518494
2024-02-14 10:41:31 | TRACE   | query_time, 0.00030454806983470917
2024-02-14 10:41:31 | TRACE   | query_time, 0.00024705566465854645
2024-02-14 10:41:31 | TRACE   | query_time, 0.0002498794347047806
2024-02-14 10:41:31 | TRACE   | query_time, 0.00024682097136974335
2024-02-14 10:41:31 | TRACE   | query_time, 0.00024915672838687897
2024-02-14 10:41:31 | TRACE   | query_time, 0.00024946965277194977
2024-02-14 10:41:31 | TRACE   | query_time, 0.0002496708184480667
2024-02-14 10:41:31 | TRACE   | query_time, 0.00024847500026226044
2024-02-14 10:41:31 | TRACE   | query_time, 0.00025059282779693604
2024-02-14 10:41:31 | TRACE   | query_time, 0.00024600327014923096
2024-02-14 10:41:31 | TRACE   | query_time, 0.000304466113448143
2024-02-14 10:41:31 | TRACE   | query_time, 0.00027596764266490936
2024-02-14 10:41:31 | TRACE   | query_time, 0.00024946965277194977
2024-02-14 10:41:31 | TRACE   | query_time, 0.00024738162755966187
2024-02-14 10:41:31 | TRACE   | query_time, 0.00024679116904735565
2024-02-14 10:41:31 | TRACE   | query_time, 0.0002476125955581665
2024-02-14 10:41:31 | TRACE   | query_time, 0.00024748966097831726
2024-02-14 10:41:31 | TRACE   | query_time, 0.00024813227355480194
2024-02-14 10:41:31 | TRACE   | query_time, 0.0002476312220096588
2024-02-14 10:41:31 | TRACE   | query_time, 0.000273020938038826
2024-02-14 10:41:31 | TRACE   | query_time, 0.0002483110874891281
2024-02-14 10:41:31 | TRACE   | query_time, 0.0002489648759365082
2024-02-14 10:41:31 | TRACE   | query_time, 0.0003076847642660141
2024-02-14 10:41:31 | TRACE   | query_time, 0.0002494100481271744
2024-02-14 10:41:31 | TRACE   | query_time, 0.00024857744574546814
2024-02-14 10:41:31 | TRACE   | query_time, 0.00029166601598262787
2024-02-14 10:41:31 | TRACE   | query_time, 0.0003032758831977844
2024-02-14 10:41:31 | TRACE   | query_time, 0.00024659931659698486
2024-02-14 10:41:31 | TRACE   | query_time, 0.00024678371846675873
2024-02-14 10:41:31 | TRACE   | query_time, 0.0003009214997291565
2024-02-14 10:41:31 | TRACE   | query_time, 0.0002572741359472275
2024-02-14 10:41:31 | TRACE   | query_time, 0.00024568475782871246
2024-02-14 10:41:31 | TRACE   | query_time, 0.0002758428454399109
2024-02-14 10:41:31 | TRACE   | query_time, 0.0002463534474372864
2024-02-14 10:41:31 | TRACE   | query_time, 0.0002474486827850342
2024-02-14 10:41:31 | TRACE   | query_time, 0.00024876557290554047
2024-02-14 10:41:31 | TRACE   | query_time, 0.0002470407634973526
2024-02-14 10:41:31 | TRACE   | query_time, 0.0002485327422618866
2024-02-14 10:41:31 | TRACE   | query_time, 0.00024867989122867584
2024-02-14 10:41:31 | TRACE   | query_time, 0.00027410872280597687
2024-02-14 10:41:31 | TRACE   | query_time, 0.00024738535284996033
2024-02-14 10:41:31 | TRACE   | query_time, 0.00024764426052570343
2024-02-14 10:41:31 | TRACE   | query_time, 0.0002547483891248703
2024-02-14 10:41:31 | TRACE   | query_time, 0.0002480335533618927
2024-02-14 10:41:31 | TRACE   | query_time, 0.000245826318860054
2024-02-14 10:41:31 | TRACE   | query_time, 0.0003027636557817459
2024-02-14 10:41:31 | TRACE   | query_time, 0.0002483539283275604
2024-02-14 10:41:31 | TRACE   | query_time, 0.0002479981631040573
2024-02-14 10:41:31 | TRACE   | query_time, 0.00024920515716075897
2024-02-14 10:41:31 | TRACE   | query_time, 0.00029048696160316467
2024-02-14 10:41:31 | TRACE   | query_time, 0.00024905242025852203
2024-02-14 10:41:31 | TRACE   | query_time, 0.00024664588272571564
2024-02-14 10:41:31 | TRACE   | query_time, 0.000247076153755188
2024-02-14 10:41:31 | TRACE   | query_time, 0.00025433115661144257
2024-02-14 10:41:31 | TRACE   | query_time, 0.0003051403909921646
2024-02-14 10:41:31 | TRACE   | query_time, 0.00024696439504623413
2024-02-14 10:41:31 | TRACE   | query_time, 0.0003054719418287277
2024-02-14 10:41:31 | TRACE   | query_time, 0.0002490188926458359
2024-02-14 10:41:31 | TRACE   | query_time, 0.00024821795523166656
2024-02-14 10:41:31 | TRACE   | query_time, 0.0002472922205924988
2024-02-14 10:41:31 | TRACE   | query_time, 0.0003029368817806244
2024-02-14 10:41:31 | TRACE   | query_time, 0.0003031175583600998
2024-02-14 10:41:31 | TRACE   | query_time, 0.00024674274027347565
2024-02-14 10:41:31 | TRACE   | query_time, 0.0002466440200805664
2024-02-14 10:41:31 | TRACE   | query_time, 0.0002475958317518234
2024-02-14 10:41:31 | TRACE   | query_time, 0.0002489164471626282
2024-02-14 10:41:31 | TRACE   | query_time, 0.00024931691586971283
2024-02-14 10:41:31 | TRACE   | query_time, 0.00028684549033641815
2024-02-14 10:41:31 | TRACE   | query_time, 0.00024650804698467255
2024-02-14 10:41:31 | TRACE   | query_time, 0.0002487432211637497
2024-02-14 10:41:31 | TRACE   | query_time, 0.00024612806737422943
2024-02-14 10:41:31 | TRACE   | query_time, 0.0003020334988832474
2024-02-14 10:41:31 | TRACE   | query_time, 0.0002458486706018448
2024-02-14 10:41:31 | TRACE   | query_time, 0.0003019217401742935
2024-02-14 10:41:31 | TRACE   | query_time, 0.00024822354316711426
2024-02-14 10:41:31 | TRACE   | query_time, 0.00027390383183956146
2024-02-14 10:41:31 | TRACE   | query_time, 0.0002528764307498932
2024-02-14 10:41:31 | TRACE   | query_time, 0.0002475883811712265
2024-02-14 10:41:31 | TRACE   | query_time, 0.00024549663066864014
2024-02-14 10:41:31 | TRACE   | query_time, 0.00030397623777389526
2024-02-14 10:41:31 | TRACE   | query_time, 0.00024926289916038513
2024-02-14 10:41:31 | TRACE   | query_time, 0.0002481359988451004
2024-02-14 10:41:31 | TRACE   | query_time, 0.00024970248341560364
2024-02-14 10:41:31 | TRACE   | query_time, 0.000277956947684288
2024-02-14 10:41:31 | TRACE   | query_time, 0.00024853087961673737
2024-02-14 10:41:31 | TRACE   | query_time, 0.00024990737438201904
2024-02-14 10:41:31 | TRACE   | query_time, 0.00025047920644283295
2024-02-14 10:41:31 | TRACE   | query_time, 0.0002546049654483795
2024-02-14 10:41:31 | TRACE   | query_time, 0.00024993717670440674
2024-02-14 10:41:31 | TRACE   | query_time, 0.0002503395080566406
2024-02-14 10:41:31 | TRACE   | query_time, 0.0002484321594238281
2024-02-14 10:41:31 | TRACE   | query_time, 0.00024680420756340027
2024-02-14 10:41:31 | TRACE   | query_time, 0.000292312353849411
2024-02-14 10:41:31 | TRACE   | query_time, 0.0002479143440723419
2024-02-14 10:41:31 | TRACE   | query_time, 0.0002497006207704544
2024-02-14 10:41:31 | TRACE   | query_time, 0.00024812109768390656
2024-02-14 10:41:31 | TRACE   | query_time, 0.0003042146563529968
2024-02-14 10:41:31 | TRACE   | query_time, 0.0002458915114402771
2024-02-14 10:41:31 | TRACE   | query_time, 0.000248834490776062
2024-02-14 10:41:31 | TRACE   | query_time, 0.00025556422770023346
2024-02-14 10:41:31 | TRACE   | query_time, 0.0003074202686548233
2024-02-14 10:41:31 | TRACE   | query_time, 0.00024835020303726196
2024-02-14 10:41:31 | TRACE   | query_time, 0.00025143101811408997
2024-02-14 10:41:31 | TRACE   | query_time, 0.00024775974452495575
2024-02-14 10:41:31 | TRACE   | query_time, 0.0002485979348421097
2024-02-14 10:41:31 | TRACE   | query_time, 0.00030365772545337677
2024-02-14 10:41:31 | TRACE   | query_time, 0.0002484116703271866
2024-02-14 10:41:31 | TRACE   | query_time, 0.0002452842891216278
2024-02-14 10:41:31 | TRACE   | query_time, 0.0002473350614309311
2024-02-14 10:41:31 | TRACE   | query_time, 0.00024896860122680664
2024-02-14 10:41:31 | TRACE   | query_time, 0.00025406479835510254
2024-02-14 10:41:31 | TRACE   | query_time, 0.00029039010405540466
2024-02-14 10:41:31 | TRACE   | query_time, 0.00024833716452121735
2024-02-14 10:41:31 | TRACE   | query_time, 0.00025027431547641754
2024-02-14 10:41:31 | TRACE   | query_time, 0.0002460610121488571
2024-02-14 10:41:31 | TRACE   | query_time, 0.00028821825981140137
2024-02-14 10:41:31 | TRACE   | query_time, 0.0002461876720190048
2024-02-14 10:41:31 | TRACE   | query_time, 0.00028993748128414154
2024-02-14 10:41:31 | TRACE   | query_time, 0.00024868734180927277
2024-02-14 10:41:31 | TRACE   | query_time, 0.0002474002540111542
2024-02-14 10:41:31 | TRACE   | query_time, 0.00030340254306793213
2024-02-14 10:41:31 | TRACE   | query_time, 0.0002832673490047455
2024-02-14 10:41:31 | TRACE   | query_time, 0.00024903006851673126
2024-02-14 10:41:31 | TRACE   | query_time, 0.0002462882548570633
2024-02-14 10:41:31 | TRACE   | query_time, 0.00024860724806785583
2024-02-14 10:41:31 | TRACE   | query_time, 0.000247834250330925
2024-02-14 10:41:31 | TRACE   | query_time, 0.0003029797226190567
2024-02-14 10:41:31 | TRACE   | query_time, 0.000248664990067482
2024-02-14 10:41:31 | TRACE   | query_time, 0.00027628615498542786
2024-02-14 10:41:31 | TRACE   | query_time, 0.00025090016424655914
2024-02-14 10:41:31 | TRACE   | query_time, 0.00024480000138282776
2024-02-14 10:41:31 | TRACE   | query_time, 0.0002477094531059265
2024-02-14 10:41:31 | TRACE   | query_time, 0.00024757348001003265
2024-02-14 10:41:31 | TRACE   | query_time, 0.00025249458849430084
2024-02-14 10:41:31 | TRACE   | query_time, 0.0003049410879611969
2024-02-14 10:41:31 | TRACE   | query_time, 0.00024678371846675873
2024-02-14 10:41:31 | TRACE   | query_time, 0.0002471674233675003
2024-02-14 10:41:31 | TRACE   | query_time, 0.00024580396711826324
2024-02-14 10:41:31 | TRACE   | query_time, 0.0002502463757991791
2024-02-14 10:41:31 | TRACE   | query_time, 0.0002471022307872772
2024-02-14 10:41:31 | TRACE   | query_time, 0.0002884417772293091
2024-02-14 10:41:31 | TRACE   | query_time, 0.0002479739487171173
2024-02-14 10:41:31 | TRACE   | query_time, 0.0002889130264520645
2024-02-14 10:41:31 | TRACE   | query_time, 0.0002490635961294174
2024-02-14 10:41:31 | TRACE   | query_time, 0.0003113914281129837
2024-02-14 10:41:31 | TRACE   | query_time, 0.00025244802236557007
2024-02-14 10:41:31 | TRACE   | query_time, 0.0002515669912099838
2024-02-14 10:41:31 | TRACE   | query_time, 0.00025106780230998993
2024-02-14 10:41:31 | TRACE   | query_time, 0.0002526771277189255
2024-02-14 10:41:31 | TRACE   | query_time, 0.00025227852165699005
2024-02-14 10:41:31 | TRACE   | query_time, 0.0002469699829816818
2024-02-14 10:41:31 | TRACE   | query_time, 0.0002473238855600357
2024-02-14 10:41:31 | TRACE   | query_time, 0.0002462752163410187
2024-02-14 10:41:31 | TRACE   | query_time, 0.0002473108470439911
2024-02-14 10:41:31 | TRACE   | query_time, 0.00030515156686306
2024-02-14 10:41:31 | TRACE   | query_time, 0.0002479664981365204
2024-02-14 10:41:31 | TRACE   | query_time, 0.0002540014684200287
2024-02-14 10:41:31 | TRACE   | query_time, 0.00024728477001190186
2024-02-14 10:41:31 | TRACE   | query_time, 0.00024766847491264343
2024-02-14 10:41:31 | TRACE   | query_time, 0.00024710968136787415
2024-02-14 10:41:31 | TRACE   | query_time, 0.0002494044601917267
2024-02-14 10:41:31 | TRACE   | query_time, 0.0002474561333656311
2024-02-14 10:41:31 | TRACE   | query_time, 0.0002472158521413803
2024-02-14 10:41:31 | TRACE   | query_time, 0.00024923495948314667
2024-02-14 10:41:31 | TRACE   | query_time, 0.0002498012036085129
2024-02-14 10:41:31 | TRACE   | query_time, 0.0003048274666070938
2024-02-14 10:41:31 | TRACE   | query_time, 0.0002460312098264694
2024-02-14 10:41:31 | TRACE   | query_time, 0.00025875866413116455
2024-02-14 10:41:31 | TRACE   | query_time, 0.00024797022342681885
2024-02-14 10:41:31 | TRACE   | query_time, 0.0002481173723936081
2024-02-14 10:41:31 | TRACE   | query_time, 0.00030506961047649384
2024-02-14 10:41:31 | TRACE   | query_time, 0.0002502072602510452
2024-02-14 10:41:31 | TRACE   | query_time, 0.0002771057188510895
2024-02-14 10:41:31 | TRACE   | query_time, 0.00024873949587345123
2024-02-14 10:41:31 | TRACE   | query_time, 0.0002468489110469818
2024-02-14 10:41:31 | TRACE   | query_time, 0.00024702586233615875
2024-02-14 10:41:31 | TRACE   | query_time, 0.0003027021884918213
2024-02-14 10:41:31 | TRACE   | query_time, 0.00028905272483825684
2024-02-14 10:41:31 | TRACE   | query_time, 0.0002482086420059204
2024-02-14 10:41:31 | TRACE   | query_time, 0.00024852529168128967
2024-02-14 10:41:31 | TRACE   | query_time, 0.00024630874395370483
2024-02-14 10:41:31 | TRACE   | query_time, 0.0002928301692008972
2024-02-14 10:41:31 | TRACE   | query_time, 0.0002481359988451004
2024-02-14 10:41:31 | TRACE   | query_time, 0.00029128603637218475
2024-02-14 10:41:31 | TRACE   | query_time, 0.00024677813053131104
2024-02-14 10:41:31 | TRACE   | query_time, 0.0003018006682395935
2024-02-14 10:41:31 | TRACE   | query_time, 0.00024768710136413574
2024-02-14 10:41:31 | TRACE   | query_time, 0.00030303187668323517
2024-02-14 10:41:31 | TRACE   | query_time, 0.0002481359988451004
2024-02-14 10:41:31 | TRACE   | query_time, 0.0002761371433734894
2024-02-14 10:41:31 | TRACE   | query_time, 0.0002542659640312195
2024-02-14 10:41:31 | TRACE   | query_time, 0.00024895183742046356
2024-02-14 10:41:31 | TRACE   | query_time, 0.00024720653891563416
2024-02-14 10:41:31 | TRACE   | query_time, 0.0002505499869585037
2024-02-14 10:41:31 | TRACE   | query_time, 0.00027517974376678467
2024-02-14 10:41:31 | TRACE   | query_time, 0.00024845264852046967
2024-02-14 10:41:31 | TRACE   | query_time, 0.0002478715032339096
2024-02-14 10:41:31 | TRACE   | query_time, 0.00024789758026599884
2024-02-14 10:41:31 | TRACE   | query_time, 0.00024830736219882965
2024-02-14 10:41:31 | TRACE   | query_time, 0.0002469494938850403
2024-02-14 10:41:31 | TRACE   | query_time, 0.000246657058596611
2024-02-14 10:41:31 | TRACE   | query_time, 0.0002475809305906296
2024-02-14 10:41:31 | TRACE   | query_time, 0.00024955160915851593
2024-02-14 10:41:31 | TRACE   | query_time, 0.0002477746456861496
2024-02-14 10:41:31 | TRACE   | query_time, 0.00024825334548950195
2024-02-14 10:41:31 | TRACE   | query_time, 0.0002903137356042862
2024-02-14 10:41:31 | TRACE   | query_time, 0.0002909712493419647
2024-02-14 10:41:31 | TRACE   | query_time, 0.00024938955903053284
2024-02-14 10:41:31 | TRACE   | query_time, 0.00024710968136787415
2024-02-14 10:41:31 | TRACE   | query_time, 0.0002483036369085312
2024-02-14 10:41:31 | TRACE   | query_time, 0.00024843402206897736
2024-02-14 10:41:31 | TRACE   | query_time, 0.0002492200583219528
2024-02-14 10:41:31 | TRACE   | query_time, 0.0002478882670402527
2024-02-14 10:41:31 | TRACE   | query_time, 0.00031131505966186523
2024-02-14 10:41:31 | TRACE   | query_time, 0.0002495497465133667
2024-02-14 10:41:31 | TRACE   | query_time, 0.0002497415989637375
2024-02-14 10:41:31 | TRACE   | query_time, 0.0002472288906574249
2024-02-14 10:41:31 | TRACE   | query_time, 0.000291481614112854
2024-02-14 10:41:31 | TRACE   | query_time, 0.0002469997853040695
2024-02-14 10:41:31 | TRACE   | query_time, 0.0002910662442445755
2024-02-14 10:41:31 | TRACE   | query_time, 0.00024848058819770813
2024-02-14 10:41:31 | TRACE   | query_time, 0.0002505537122488022
2024-02-14 10:41:31 | TRACE   | query_time, 0.00024957209825515747
2024-02-14 10:41:31 | TRACE   | query_time, 0.00030499137938022614
2024-02-14 10:41:31 | TRACE   | query_time, 0.0002559572458267212
2024-02-14 10:41:31 | TRACE   | query_time, 0.00024812668561935425
2024-02-14 10:41:31 | TRACE   | query_time, 0.0003022588789463043
2024-02-14 10:41:31 | TRACE   | query_time, 0.00024876371026039124
2024-02-14 10:41:31 | TRACE   | query_time, 0.0003050081431865692
2024-02-14 10:41:31 | TRACE   | query_time, 0.00025001540780067444
2024-02-14 10:41:31 | TRACE   | query_time, 0.000248173251748085
2024-02-14 10:41:31 | TRACE   | query_time, 0.0002466198056936264
2024-02-14 10:41:31 | TRACE   | query_time, 0.00024928711354732513
2024-02-14 10:41:31 | TRACE   | query_time, 0.0003056991845369339
2024-02-14 10:41:31 | TRACE   | query_time, 0.00024792179465293884
2024-02-14 10:41:31 | TRACE   | query_time, 0.0002475958317518234
2024-02-14 10:41:31 | TRACE   | query_time, 0.0002777464687824249
2024-02-14 10:41:31 | TRACE   | query_time, 0.00024963729083538055
2024-02-14 10:41:31 | TRACE   | query_time, 0.0002502594143152237
2024-02-14 10:41:31 | TRACE   | query_time, 0.0002483949065208435
2024-02-14 10:41:31 | TRACE   | query_time, 0.00029078684747219086
2024-02-14 10:41:31 | TRACE   | query_time, 0.00024674832820892334
2024-02-14 10:41:31 | TRACE   | query_time, 0.0002469681203365326
2024-02-14 10:41:31 | TRACE   | query_time, 0.001009458675980568
2024-02-14 10:41:31 | TRACE   | query_time, 0.0011534597724676132
2024-02-14 10:41:31 | TRACE   | query_time, 0.0009757038205862045
2024-02-14 10:41:31 | TRACE   | query_time, 0.0009242761880159378
2024-02-14 10:41:31 | TRACE   | query_time, 0.0009675417095422745
2024-02-14 10:41:31 | TRACE   | query_time, 0.0009167548269033432
2024-02-14 10:41:31 | TRACE   | query_time, 0.0009096059948205948
2024-02-14 10:41:31 | TRACE   | query_time, 0.0009748395532369614
2024-02-14 10:41:31 | TRACE   | query_time, 0.0009179767221212387
2024-02-14 10:41:31 | TRACE   | query_time, 0.0009020660072565079
2024-02-14 10:41:31 | TRACE   | query_time, 0.000969303771853447
2024-02-14 10:41:31 | TRACE   | query_time, 0.0009065363556146622
2024-02-14 10:41:31 | TRACE   | query_time, 0.0009690951555967331
2024-02-14 10:41:31 | TRACE   | query_time, 0.0009081382304430008
2024-02-14 10:41:31 | TRACE   | query_time, 0.0009360536932945251
2024-02-14 10:41:31 | TRACE   | query_time, 0.0009451229125261307
2024-02-14 10:41:31 | TRACE   | query_time, 0.0009703543037176132
2024-02-14 10:41:31 | TRACE   | query_time, 0.0009026974439620972
2024-02-14 10:41:31 | TRACE   | query_time, 0.0009142346680164337
2024-02-14 10:41:31 | TRACE   | query_time, 0.0009278114885091782
2024-02-14 10:41:31 | TRACE   | query_time, 0.0009126346558332443
2024-02-14 10:41:31 | TRACE   | query_time, 0.0009666010737419128
2024-02-14 10:41:31 | TRACE   | query_time, 0.0009072143584489822
2024-02-14 10:41:31 | TRACE   | query_time, 0.0009223129600286484
2024-02-14 10:41:31 | TRACE   | query_time, 0.0009689461439847946
2024-02-14 10:41:31 | TRACE   | query_time, 0.0009468160569667816
2024-02-14 10:41:31 | TRACE   | query_time, 0.0009682364761829376
2024-02-14 10:41:31 | TRACE   | query_time, 0.0009674914181232452
2024-02-14 10:41:31 | TRACE   | query_time, 0.0009450316429138184
2024-02-14 10:41:31 | TRACE   | query_time, 0.0008905213326215744
2024-02-14 10:41:31 | TRACE   | query_time, 0.0008886940777301788
2024-02-14 10:41:31 | TRACE   | query_time, 0.0009065810590982437
2024-02-14 10:41:31 | TRACE   | query_time, 0.0009248014539480209
2024-02-14 10:41:31 | TRACE   | query_time, 0.000975070521235466
2024-02-14 10:41:31 | TRACE   | query_time, 0.0009336341172456741
2024-02-14 10:41:31 | TRACE   | query_time, 0.000890711322426796
2024-02-14 10:41:31 | TRACE   | query_time, 0.0009294729679822922
2024-02-14 10:41:31 | TRACE   | query_time, 0.0009679701179265976
2024-02-14 10:41:31 | TRACE   | query_time, 0.0009349696338176727
2024-02-14 10:41:31 | TRACE   | query_time, 0.0009028539061546326
2024-02-14 10:41:31 | TRACE   | query_time, 0.0009241197258234024
2024-02-14 10:41:31 | TRACE   | query_time, 0.0009026322513818741
2024-02-14 10:41:31 | TRACE   | query_time, 0.0009011439979076385
2024-02-14 10:41:31 | TRACE   | query_time, 0.0009002313017845154
2024-02-14 10:41:31 | TRACE   | query_time, 0.0009703412652015686
2024-02-14 10:41:31 | TRACE   | query_time, 0.0009345114231109619
2024-02-14 10:41:31 | TRACE   | query_time, 0.0009142830967903137
2024-02-14 10:41:31 | TRACE   | query_time, 0.0009486395865678787
2024-02-14 10:41:31 | TRACE   | query_time, 0.0009146090596914291
2024-02-14 10:41:31 | TRACE   | query_time, 0.0009051244705915451
2024-02-14 10:41:31 | TRACE   | query_time, 0.0009066667407751083
2024-02-14 10:41:31 | TRACE   | query_time, 0.0009634289890527725
2024-02-14 10:41:31 | TRACE   | query_time, 0.0009627975523471832
2024-02-14 10:41:31 | TRACE   | query_time, 0.0009718909859657288
2024-02-14 10:41:31 | TRACE   | query_time, 0.0009032599627971649
2024-02-14 10:41:31 | TRACE   | query_time, 0.000896945595741272
2024-02-14 10:41:31 | TRACE   | query_time, 0.000906631350517273
2024-02-14 10:41:31 | TRACE   | query_time, 0.0009594671428203583
2024-02-14 10:41:31 | TRACE   | query_time, 0.0009157545864582062
2024-02-14 10:41:31 | TRACE   | query_time, 0.0009662043303251266
2024-02-14 10:41:31 | TRACE   | query_time, 0.0009332466870546341
2024-02-14 10:41:31 | TRACE   | query_time, 0.0009670183062553406
2024-02-14 10:41:31 | TRACE   | query_time, 0.0010926667600870132
2024-02-14 10:41:31 | TRACE   | query_time, 0.0009609181433916092
2024-02-14 10:41:31 | TRACE   | query_time, 0.001125706359744072
2024-02-14 10:41:31 | TRACE   | query_time, 0.0011580009013414383
2024-02-14 10:41:31 | TRACE   | query_time, 0.0009623914957046509
2024-02-14 10:41:31 | TRACE   | query_time, 0.0008893180638551712
2024-02-14 10:41:31 | TRACE   | query_time, 0.0009015314280986786
2024-02-14 10:41:31 | TRACE   | query_time, 0.0008945800364017487
2024-02-14 10:41:31 | TRACE   | query_time, 0.000970844179391861
2024-02-14 10:41:31 | TRACE   | query_time, 0.0009152349084615707
2024-02-14 10:41:31 | TRACE   | query_time, 0.0009012054651975632
2024-02-14 10:41:31 | TRACE   | query_time, 0.0009226612746715546
2024-02-14 10:41:31 | TRACE   | query_time, 0.0009334441274404526
2024-02-14 10:41:31 | TRACE   | query_time, 0.0009089205414056778
2024-02-14 10:41:31 | TRACE   | query_time, 0.0009103827178478241
2024-02-14 10:41:31 | TRACE   | query_time, 0.0009270180016756058
2024-02-14 10:41:31 | TRACE   | query_time, 0.00091584213078022
2024-02-14 10:41:31 | TRACE   | query_time, 0.0009019561111927032
2024-02-14 10:41:31 | TRACE   | query_time, 0.0009030792862176895
2024-02-14 10:41:31 | TRACE   | query_time, 0.0009686555713415146
2024-02-14 10:41:31 | TRACE   | query_time, 0.0011376943439245224
2024-02-14 10:41:31 | TRACE   | query_time, 0.0009585656225681305
2024-02-14 10:41:31 | TRACE   | query_time, 0.0009584538638591766
2024-02-14 10:41:31 | TRACE   | query_time, 0.0008826106786727905
2024-02-14 10:41:31 | TRACE   | query_time, 0.0009094178676605225
2024-02-14 10:41:31 | TRACE   | query_time, 0.0009311269968748093
2024-02-14 10:41:31 | TRACE   | query_time, 0.0009007584303617477
2024-02-14 10:41:31 | TRACE   | query_time, 0.0008813999593257904
2024-02-14 10:41:31 | TRACE   | query_time, 0.0009211432188749313
2024-02-14 10:41:31 | TRACE   | query_time, 0.0009664818644523621
2024-02-14 10:41:31 | TRACE   | query_time, 0.0009544361382722855
2024-02-14 10:41:31 | TRACE   | query_time, 0.0009595099836587906
2024-02-14 10:41:31 | TRACE   | query_time, 0.0011563394218683243
2024-02-14 10:41:31 | TRACE   | query_time, 0.0009154751896858215
2024-02-14 10:41:31 | TRACE   | query_time, 0.0011259987950325012
2024-02-14 10:41:31 | TRACE   | query_time, 0.000972554087638855
2024-02-14 10:41:31 | TRACE   | query_time, 0.000892002135515213
2024-02-14 10:41:31 | TRACE   | query_time, 0.0008864626288414001
2024-02-14 10:41:31 | TRACE   | query_time, 0.0009074974805116653
2024-02-14 10:41:31 | TRACE   | query_time, 0.0009009186178445816
2024-02-14 10:41:31 | TRACE   | query_time, 0.0008810479193925858
2024-02-14 10:41:31 | TRACE   | query_time, 0.0009005926549434662
2024-02-14 10:41:31 | TRACE   | query_time, 0.0009596459567546844
2024-02-14 10:41:31 | TRACE   | query_time, 0.0008840765804052353
2024-02-14 10:41:31 | TRACE   | query_time, 0.0009172949939966202
2024-02-14 10:41:31 | TRACE   | query_time, 0.0009146705269813538
2024-02-14 10:41:31 | TRACE   | query_time, 0.0008967593312263489
2024-02-14 10:41:31 | TRACE   | query_time, 0.0009581930935382843
2024-02-14 10:41:31 | TRACE   | query_time, 0.0008998513221740723
2024-02-14 10:41:31 | TRACE   | query_time, 0.001124626025557518
2024-02-14 10:41:31 | TRACE   | query_time, 0.0011191964149475098
2024-02-14 10:41:31 | TRACE   | query_time, 0.0009658653289079666
2024-02-14 10:41:31 | TRACE   | query_time, 0.0008990578353404999
2024-02-14 10:41:31 | TRACE   | query_time, 0.0009051132947206497
2024-02-14 10:41:31 | TRACE   | query_time, 0.0009173043072223663
2024-02-14 10:41:31 | TRACE   | query_time, 0.0009024925529956818
2024-02-14 10:41:31 | TRACE   | query_time, 0.000875767320394516
2024-02-14 10:41:31 | TRACE   | query_time, 0.0008974969387054443
2024-02-14 10:41:31 | TRACE   | query_time, 0.0009538866579532623
2024-02-14 10:41:31 | TRACE   | query_time, 0.001085164025425911
2024-02-14 10:41:31 | TRACE   | query_time, 0.0008960738778114319
2024-02-14 10:41:31 | TRACE   | query_time, 0.0009544007480144501
2024-02-14 10:41:31 | TRACE   | query_time, 0.0009282063692808151
2024-02-14 10:41:31 | TRACE   | query_time, 0.0009975247085094452
2024-02-14 10:41:31 | TRACE   | query_time, 0.0010004565119743347
2024-02-14 10:41:31 | TRACE   | query_time, 0.0009936541318893433
2024-02-14 10:41:31 | TRACE   | query_time, 0.0009823739528656006
2024-02-14 10:41:31 | TRACE   | query_time, 0.0009889323264360428
2024-02-14 10:41:31 | TRACE   | query_time, 0.0009881258010864258
2024-02-14 10:41:31 | TRACE   | query_time, 0.0010457951575517654
2024-02-14 10:41:31 | TRACE   | query_time, 0.001050291582942009
2024-02-14 10:41:31 | TRACE   | query_time, 0.0010400433093309402
2024-02-14 10:41:31 | TRACE   | query_time, 0.0011971909552812576
2024-02-14 10:41:31 | TRACE   | query_time, 0.0010517500340938568
2024-02-14 10:41:31 | TRACE   | query_time, 0.001005450263619423
2024-02-14 10:41:31 | TRACE   | query_time, 0.00103042833507061
2024-02-14 10:41:31 | TRACE   | query_time, 0.0009858515113592148
2024-02-14 10:41:31 | TRACE   | query_time, 0.0010115709155797958
2024-02-14 10:41:31 | TRACE   | query_time, 0.0010444466024637222
2024-02-14 10:41:31 | TRACE   | query_time, 0.0009912587702274323
2024-02-14 10:41:31 | TRACE   | query_time, 0.0010517165064811707
2024-02-14 10:41:31 | TRACE   | query_time, 0.0010071378201246262
2024-02-14 10:41:31 | TRACE   | query_time, 0.001007499173283577
2024-02-14 10:41:31 | TRACE   | query_time, 0.0009815860539674759
2024-02-14 10:41:31 | TRACE   | query_time, 0.001004297286272049
2024-02-14 10:41:31 | TRACE   | query_time, 0.0010048877447843552
2024-02-14 10:41:31 | TRACE   | query_time, 0.0010308753699064255
2024-02-14 10:41:31 | TRACE   | query_time, 0.001186475157737732
2024-02-14 10:41:31 | TRACE   | query_time, 0.0012032929807901382
2024-02-14 10:41:31 | TRACE   | query_time, 0.001047477126121521
2024-02-14 10:41:31 | TRACE   | query_time, 0.0009940247982740402
2024-02-14 10:41:31 | TRACE   | query_time, 0.0009903814643621445
2024-02-14 10:41:31 | TRACE   | query_time, 0.0010165013372898102
2024-02-14 10:41:31 | TRACE   | query_time, 0.0010544080287218094
2024-02-14 10:41:31 | TRACE   | query_time, 0.0010559596121311188
2024-02-14 10:41:31 | TRACE   | query_time, 0.0011819321662187576
2024-02-14 10:41:31 | TRACE   | query_time, 0.0010380987077951431
2024-02-14 10:41:31 | TRACE   | query_time, 0.0011860746890306473
2024-02-14 10:41:31 | TRACE   | query_time, 0.001026146113872528
2024-02-14 10:41:31 | TRACE   | query_time, 0.0010539032518863678
2024-02-14 10:41:31 | TRACE   | query_time, 0.0009960047900676727
2024-02-14 10:41:31 | TRACE   | query_time, 0.0010313782840967178
2024-02-14 10:41:31 | TRACE   | query_time, 0.0010004714131355286
2024-02-14 10:41:31 | TRACE   | query_time, 0.0010034441947937012
2024-02-14 10:41:31 | TRACE   | query_time, 0.001043008640408516
2024-02-14 10:41:31 | TRACE   | query_time, 0.001050058752298355
2024-02-14 10:41:31 | TRACE   | query_time, 0.0009931139647960663
2024-02-14 10:41:31 | TRACE   | query_time, 0.001185411587357521
2024-02-14 10:41:31 | TRACE   | query_time, 0.000995943322777748
2024-02-14 10:41:31 | TRACE   | query_time, 0.0010143741965293884
2024-02-14 10:41:31 | TRACE   | query_time, 0.001002684235572815
2024-02-14 10:41:31 | TRACE   | query_time, 0.0010447073727846146
2024-02-14 10:41:31 | TRACE   | query_time, 0.0009952560067176819
2024-02-14 10:41:31 | TRACE   | query_time, 0.0009982958436012268
2024-02-14 10:41:31 | TRACE   | query_time, 0.0009904373437166214
2024-02-14 10:41:31 | TRACE   | query_time, 0.0010131262242794037
2024-02-14 10:41:31 | TRACE   | query_time, 0.0011981669813394547
2024-02-14 10:41:31 | TRACE   | query_time, 0.0010479707270860672
2024-02-14 10:41:31 | TRACE   | query_time, 0.0009986236691474915
2024-02-14 10:41:31 | TRACE   | query_time, 0.0010076593607664108
2024-02-14 10:41:31 | TRACE   | query_time, 0.0010071974247694016
2024-02-14 10:41:31 | TRACE   | query_time, 0.0010528955608606339
2024-02-14 10:41:31 | TRACE   | query_time, 0.001010829582810402
2024-02-14 10:41:31 | TRACE   | query_time, 0.001055017113685608
2024-02-14 10:41:31 | TRACE   | query_time, 0.0010022781789302826
2024-02-14 10:41:31 | TRACE   | query_time, 0.001040017232298851
2024-02-14 10:41:31 | TRACE   | query_time, 0.0010550189763307571
2024-02-14 10:41:31 | TRACE   | query_time, 0.0009949766099452972
2024-02-14 10:41:31 | TRACE   | query_time, 0.0009883586317300797
2024-02-14 10:41:31 | TRACE   | query_time, 0.0009912718087434769
2024-02-14 10:41:31 | TRACE   | query_time, 0.0010000485926866531
2024-02-14 10:41:31 | TRACE   | query_time, 0.0010038353502750397
2024-02-14 10:41:31 | TRACE   | query_time, 0.0010225716978311539
2024-02-14 10:41:31 | TRACE   | query_time, 0.0009911153465509415
2024-02-14 10:41:31 | TRACE   | query_time, 0.0010555703192949295
2024-02-14 10:41:31 | TRACE   | query_time, 0.0010472796857357025
2024-02-14 10:41:31 | TRACE   | query_time, 0.0009861811995506287
2024-02-14 10:41:31 | TRACE   | query_time, 0.0010578427463769913
2024-02-14 10:41:31 | TRACE   | query_time, 0.001175854355096817
2024-02-14 10:41:31 | TRACE   | query_time, 0.0010150596499443054
2024-02-14 10:41:31 | TRACE   | query_time, 0.0010440275073051453
2024-02-14 10:41:31 | TRACE   | query_time, 0.001048460602760315
2024-02-14 10:41:31 | TRACE   | query_time, 0.0010113287717103958
2024-02-14 10:41:31 | TRACE   | query_time, 0.001044146716594696
2024-02-14 10:41:31 | TRACE   | query_time, 0.0010487902909517288
2024-02-14 10:41:31 | TRACE   | query_time, 0.0010115914046764374
2024-02-14 10:41:31 | TRACE   | query_time, 0.000993901863694191
2024-02-14 10:41:31 | TRACE   | query_time, 0.0011960528790950775
2024-02-14 10:41:31 | TRACE   | query_time, 0.001016201451420784
2024-02-14 10:41:31 | TRACE   | query_time, 0.001021265983581543
2024-02-14 10:41:31 | TRACE   | query_time, 0.0013654381036758423
2024-02-14 10:41:31 | TRACE   | query_time, 0.0010491646826267242
2024-02-14 10:41:31 | TRACE   | query_time, 0.0010478179901838303
2024-02-14 10:41:31 | TRACE   | query_time, 0.0009949877858161926
2024-02-14 10:41:31 | TRACE   | query_time, 0.0009934920817613602
2024-02-14 10:41:31 | TRACE   | query_time, 0.00101538747549057
2024-02-14 10:41:31 | TRACE   | query_time, 0.00105329230427742
2024-02-14 10:41:31 | TRACE   | query_time, 0.0011909864842891693
2024-02-14 10:41:31 | TRACE   | query_time, 0.0010540485382080078
2024-02-14 10:41:31 | TRACE   | query_time, 0.0009977128356695175
2024-02-14 10:41:31 | TRACE   | query_time, 0.0010500140488147736
2024-02-14 10:41:31 | TRACE   | query_time, 0.0010292474180459976
2024-02-14 10:41:31 | TRACE   | query_time, 0.000989183783531189
2024-02-14 10:41:31 | TRACE   | query_time, 0.0011556334793567657
2024-02-14 10:41:31 | TRACE   | query_time, 0.0011971574276685715
2024-02-14 10:41:31 | TRACE   | query_time, 0.0010447259992361069
2024-02-14 10:41:31 | TRACE   | query_time, 0.0010466556996107101
2024-02-14 10:41:31 | TRACE   | query_time, 0.0009868070483207703
2024-02-14 10:41:31 | TRACE   | query_time, 0.001020057126879692
2024-02-14 10:41:31 | TRACE   | query_time, 0.0010035820305347443
2024-02-14 10:41:31 | TRACE   | query_time, 0.0009938068687915802
2024-02-14 10:41:31 | TRACE   | query_time, 0.0009950082749128342
2024-02-14 10:41:31 | TRACE   | query_time, 0.0010506846010684967
2024-02-14 10:41:31 | TRACE   | query_time, 0.0010085925459861755
2024-02-14 10:41:31 | TRACE   | query_time, 0.0009824782609939575
2024-02-14 10:41:31 | TRACE   | query_time, 0.0010212454944849014
2024-02-14 10:41:31 | TRACE   | query_time, 0.0010337401181459427
2024-02-14 10:41:31 | TRACE   | query_time, 0.001015765592455864
2024-02-14 10:41:31 | TRACE   | query_time, 0.0010443497449159622
2024-02-14 10:41:31 | TRACE   | query_time, 0.0010327436029911041
2024-02-14 10:41:31 | TRACE   | query_time, 0.0010026432573795319
2024-02-14 10:41:31 | TRACE   | query_time, 0.0009856931865215302
2024-02-14 10:41:31 | TRACE   | query_time, 0.0009922310709953308
2024-02-14 10:41:31 | TRACE   | query_time, 0.0010566972196102142
2024-02-14 10:41:31 | TRACE   | query_time, 0.0010027699172496796
2024-02-14 10:41:31 | TRACE   | query_time, 0.000988313928246498
2024-02-14 10:41:31 | TRACE   | query_time, 0.0010322965681552887
2024-02-14 10:41:31 | TRACE   | query_time, 0.001021362841129303
2024-02-14 10:41:31 | TRACE   | query_time, 0.000992080196738243
2024-02-14 10:41:31 | TRACE   | query_time, 0.0010140631347894669
2024-02-14 10:41:31 | TRACE   | query_time, 0.0010511074215173721
2024-02-14 10:41:31 | TRACE   | query_time, 0.0009909123182296753
2024-02-14 10:41:31 | TRACE   | query_time, 0.0010070204734802246
2024-02-14 10:41:31 | TRACE   | query_time, 0.0010156519711017609
2024-02-14 10:41:31 | TRACE   | query_time, 0.001062486320734024
2024-02-14 10:41:31 | TRACE   | query_time, 0.0009993724524974823
2024-02-14 10:41:31 | TRACE   | query_time, 0.0010025948286056519
