2024-02-14 10:42:34 | DEBUG   | {'input': PosixPath('data/open_data_usa/indices/microbenchmarks/rebinning-k650.zst'), 'input_type': 'index', 'queries': PosixPath('data/open_data_usa/queries/microbenchmarks.zst'), 'estimation_mode': None, 'index_mode': 'recall', 'output': None, 'workers': None, 'frequency_hists': False, 'suppress_results': True, 'log_level': 'INFO', 'log_file': PosixPath('logs/microbenchmarks/runtime/open_data_usa-rebinning-k650-single_suppressed-5.log')}
2024-02-14 10:42:34 | DEBUG   | Loading input data from data/open_data_usa/indices/microbenchmarks/rebinning-k650.zst
2024-02-14 10:42:34 | DEBUG   | Loading queries from data/open_data_usa/queries/microbenchmarks.zst
2024-02-14 10:42:34 | TRACE   | bootstrap_time, 0.1324585136026144
2024-02-14 10:42:34 | DEBUG   | Starting execution
2024-02-14 10:42:34 | TRACE   | query_time, 0.0011912286281585693
2024-02-14 10:42:34 | TRACE   | query_time, 0.0007679872214794159
2024-02-14 10:42:34 | TRACE   | query_time, 0.000769052654504776
2024-02-14 10:42:34 | TRACE   | query_time, 0.0007586237043142319
2024-02-14 10:42:34 | TRACE   | query_time, 0.0007232408970594406
2024-02-14 10:42:34 | TRACE   | query_time, 0.0007528103888034821
2024-02-14 10:42:34 | TRACE   | query_time, 0.0009503886103630066
2024-02-14 10:42:34 | TRACE   | query_time, 0.0007532984018325806
2024-02-14 10:42:34 | TRACE   | query_time, 0.00072520412504673
2024-02-14 10:42:34 | TRACE   | query_time, 0.0007921084761619568
2024-02-14 10:42:34 | TRACE   | query_time, 0.0007536932826042175
2024-02-14 10:42:34 | TRACE   | query_time, 0.0007525254040956497
2024-02-14 10:42:34 | TRACE   | query_time, 0.0007643271237611771
2024-02-14 10:42:34 | TRACE   | query_time, 0.0007656924426555634
2024-02-14 10:42:34 | TRACE   | query_time, 0.0007493030279874802
2024-02-14 10:42:34 | TRACE   | query_time, 0.0007224846631288528
2024-02-14 10:42:34 | TRACE   | query_time, 0.0007503069937229156
2024-02-14 10:42:34 | TRACE   | query_time, 0.0007559340447187424
2024-02-14 10:42:34 | TRACE   | query_time, 0.0007460452616214752
2024-02-14 10:42:34 | TRACE   | query_time, 0.0007608756422996521
2024-02-14 10:42:34 | TRACE   | query_time, 0.0008469689637422562
2024-02-14 10:42:34 | TRACE   | query_time, 0.0007445570081472397
2024-02-14 10:42:34 | TRACE   | query_time, 0.0007558558136224747
2024-02-14 10:42:34 | TRACE   | query_time, 0.0007479023188352585
2024-02-14 10:42:34 | TRACE   | query_time, 0.0007368568331003189
2024-02-14 10:42:34 | TRACE   | query_time, 0.0007476620376110077
2024-02-14 10:42:34 | TRACE   | query_time, 0.0007598157972097397
2024-02-14 10:42:34 | TRACE   | query_time, 0.0007924363017082214
2024-02-14 10:42:34 | TRACE   | query_time, 0.0007457919418811798
2024-02-14 10:42:34 | TRACE   | query_time, 0.0007207226008176804
2024-02-14 10:42:34 | TRACE   | query_time, 0.000903833657503128
2024-02-14 10:42:34 | TRACE   | query_time, 0.0007546450942754745
2024-02-14 10:42:34 | TRACE   | query_time, 0.0007561109960079193
2024-02-14 10:42:34 | TRACE   | query_time, 0.0007493086159229279
2024-02-14 10:42:34 | TRACE   | query_time, 0.0007643159478902817
2024-02-14 10:42:34 | TRACE   | query_time, 0.0007519237697124481
2024-02-14 10:42:34 | TRACE   | query_time, 0.0007151849567890167
2024-02-14 10:42:34 | TRACE   | query_time, 0.0009021610021591187
2024-02-14 10:42:34 | TRACE   | query_time, 0.0007418002933263779
2024-02-14 10:42:34 | TRACE   | query_time, 0.0008390769362449646
2024-02-14 10:42:34 | TRACE   | query_time, 0.0007646810263395309
2024-02-14 10:42:34 | TRACE   | query_time, 0.0008733645081520081
2024-02-14 10:42:34 | TRACE   | query_time, 0.0007598083466291428
2024-02-14 10:42:34 | TRACE   | query_time, 0.0008416064083576202
2024-02-14 10:42:34 | TRACE   | query_time, 0.0007504858076572418
2024-02-14 10:42:34 | TRACE   | query_time, 0.0007420387119054794
2024-02-14 10:42:34 | TRACE   | query_time, 0.0007595624774694443
2024-02-14 10:42:34 | TRACE   | query_time, 0.0007851123809814453
2024-02-14 10:42:34 | TRACE   | query_time, 0.0007458236068487167
2024-02-14 10:42:34 | TRACE   | query_time, 0.0007501374930143356
2024-02-14 10:42:34 | TRACE   | query_time, 0.0009346026927232742
2024-02-14 10:42:34 | TRACE   | query_time, 0.0007423441857099533
2024-02-14 10:42:34 | TRACE   | query_time, 0.0008997563272714615
2024-02-14 10:42:34 | TRACE   | query_time, 0.000751100480556488
2024-02-14 10:42:34 | TRACE   | query_time, 0.0007489733397960663
2024-02-14 10:42:34 | TRACE   | query_time, 0.0008415766060352325
2024-02-14 10:42:34 | TRACE   | query_time, 0.0007423944771289825
2024-02-14 10:42:34 | TRACE   | query_time, 0.0007275734096765518
2024-02-14 10:42:34 | TRACE   | query_time, 0.0007511898875236511
2024-02-14 10:42:34 | TRACE   | query_time, 0.0007308945059776306
2024-02-14 10:42:34 | TRACE   | query_time, 0.0007457192987203598
2024-02-14 10:42:34 | TRACE   | query_time, 0.0007467921823263168
2024-02-14 10:42:34 | TRACE   | query_time, 0.0009416360408067703
2024-02-14 10:42:34 | TRACE   | query_time, 0.0007463041692972183
2024-02-14 10:42:34 | TRACE   | query_time, 0.0007431134581565857
2024-02-14 10:42:34 | TRACE   | query_time, 0.0007467642426490784
2024-02-14 10:42:34 | TRACE   | query_time, 0.0007445048540830612
2024-02-14 10:42:34 | TRACE   | query_time, 0.000751398503780365
2024-02-14 10:42:34 | TRACE   | query_time, 0.000732695683836937
2024-02-14 10:42:34 | TRACE   | query_time, 0.0007469914853572845
2024-02-14 10:42:34 | TRACE   | query_time, 0.000741051509976387
2024-02-14 10:42:34 | TRACE   | query_time, 0.0007176697254180908
2024-02-14 10:42:34 | TRACE   | query_time, 0.0007544476538896561
2024-02-14 10:42:34 | TRACE   | query_time, 0.0007490962743759155
2024-02-14 10:42:34 | TRACE   | query_time, 0.0008480418473482132
2024-02-14 10:42:34 | TRACE   | query_time, 0.0007448140531778336
2024-02-14 10:42:34 | TRACE   | query_time, 0.0007469505071640015
2024-02-14 10:42:34 | TRACE   | query_time, 0.0007644370198249817
2024-02-14 10:42:34 | TRACE   | query_time, 0.0007459260523319244
2024-02-14 10:42:34 | TRACE   | query_time, 0.000744350254535675
2024-02-14 10:42:34 | TRACE   | query_time, 0.0007435884326696396
2024-02-14 10:42:34 | TRACE   | query_time, 0.0007492378354072571
2024-02-14 10:42:34 | TRACE   | query_time, 0.0007434803992509842
2024-02-14 10:42:34 | TRACE   | query_time, 0.0008951518684625626
2024-02-14 10:42:34 | TRACE   | query_time, 0.000742075964808464
2024-02-14 10:42:34 | TRACE   | query_time, 0.0007848888635635376
2024-02-14 10:42:34 | TRACE   | query_time, 0.0007662307471036911
2024-02-14 10:42:34 | TRACE   | query_time, 0.0007432196289300919
2024-02-14 10:42:34 | TRACE   | query_time, 0.0007619615644216537
2024-02-14 10:42:34 | TRACE   | query_time, 0.0007416233420372009
2024-02-14 10:42:34 | TRACE   | query_time, 0.0009075421839952469
2024-02-14 10:42:34 | TRACE   | query_time, 0.0007456913590431213
2024-02-14 10:42:34 | TRACE   | query_time, 0.0007430426776409149
2024-02-14 10:42:34 | TRACE   | query_time, 0.0007463376969099045
2024-02-14 10:42:34 | TRACE   | query_time, 0.0007430966943502426
2024-02-14 10:42:34 | TRACE   | query_time, 0.0007503330707550049
2024-02-14 10:42:34 | TRACE   | query_time, 0.0007438827306032181
2024-02-14 10:42:34 | TRACE   | query_time, 0.0007291007786989212
2024-02-14 10:42:34 | TRACE   | query_time, 0.0007448233664035797
2024-02-14 10:42:34 | TRACE   | query_time, 0.000730808824300766
2024-02-14 10:42:34 | TRACE   | query_time, 0.0009070243686437607
2024-02-14 10:42:34 | TRACE   | query_time, 0.0007880926132202148
2024-02-14 10:42:34 | TRACE   | query_time, 0.0007428973913192749
2024-02-14 10:42:34 | TRACE   | query_time, 0.0007434487342834473
2024-02-14 10:42:34 | TRACE   | query_time, 0.0007540509104728699
2024-02-14 10:42:34 | TRACE   | query_time, 0.0007425285875797272
2024-02-14 10:42:34 | TRACE   | query_time, 0.0007454287260770798
2024-02-14 10:42:34 | TRACE   | query_time, 0.0007601790130138397
2024-02-14 10:42:34 | TRACE   | query_time, 0.0007311925292015076
2024-02-14 10:42:34 | TRACE   | query_time, 0.0007547587156295776
2024-02-14 10:42:34 | TRACE   | query_time, 0.0007203053683042526
2024-02-14 10:42:34 | TRACE   | query_time, 0.0007423833012580872
2024-02-14 10:42:34 | TRACE   | query_time, 0.0009038001298904419
2024-02-14 10:42:34 | TRACE   | query_time, 0.0007458925247192383
2024-02-14 10:42:34 | TRACE   | query_time, 0.0007522068917751312
2024-02-14 10:42:34 | TRACE   | query_time, 0.0008418131619691849
2024-02-14 10:42:34 | TRACE   | query_time, 0.0008904002606868744
2024-02-14 10:42:34 | TRACE   | query_time, 0.000730026513338089
2024-02-14 10:42:34 | TRACE   | query_time, 0.000753479078412056
2024-02-14 10:42:34 | TRACE   | query_time, 0.0009051822125911713
2024-02-14 10:42:34 | TRACE   | query_time, 0.0007422454655170441
2024-02-14 10:42:34 | TRACE   | query_time, 0.0007447265088558197
2024-02-14 10:42:34 | TRACE   | query_time, 0.0007837861776351929
2024-02-14 10:42:34 | TRACE   | query_time, 0.0007528197020292282
2024-02-14 10:42:34 | TRACE   | query_time, 0.0007583145052194595
2024-02-14 10:42:34 | TRACE   | query_time, 0.0007408522069454193
2024-02-14 10:42:34 | TRACE   | query_time, 0.000743616372346878
2024-02-14 10:42:34 | TRACE   | query_time, 0.0007212087512016296
2024-02-14 10:42:34 | TRACE   | query_time, 0.0007155034691095352
2024-02-14 10:42:34 | TRACE   | query_time, 0.000784948468208313
2024-02-14 10:42:34 | TRACE   | query_time, 0.0007546357810497284
2024-02-14 10:42:34 | TRACE   | query_time, 0.0007412135601043701
2024-02-14 10:42:34 | TRACE   | query_time, 0.0007387381047010422
2024-02-14 10:42:34 | TRACE   | query_time, 0.0007446687668561935
2024-02-14 10:42:34 | TRACE   | query_time, 0.0007535070180892944
2024-02-14 10:42:34 | TRACE   | query_time, 0.0008978415280580521
2024-02-14 10:42:34 | TRACE   | query_time, 0.0007426813244819641
2024-02-14 10:42:34 | TRACE   | query_time, 0.0007628202438354492
2024-02-14 10:42:34 | TRACE   | query_time, 0.0007554404437541962
2024-02-14 10:42:34 | TRACE   | query_time, 0.0008410625159740448
2024-02-14 10:42:34 | TRACE   | query_time, 0.0007423926144838333
2024-02-14 10:42:34 | TRACE   | query_time, 0.000737188383936882
2024-02-14 10:42:34 | TRACE   | query_time, 0.0007436890155076981
2024-02-14 10:42:34 | TRACE   | query_time, 0.0007402729243040085
2024-02-14 10:42:34 | TRACE   | query_time, 0.000883098691701889
2024-02-14 10:42:34 | TRACE   | query_time, 0.0007571522146463394
2024-02-14 10:42:34 | TRACE   | query_time, 0.0009058117866516113
2024-02-14 10:42:34 | TRACE   | query_time, 0.0007430221885442734
2024-02-14 10:42:34 | TRACE   | query_time, 0.0007424689829349518
2024-02-14 10:42:34 | TRACE   | query_time, 0.0007114578038454056
2024-02-14 10:42:34 | TRACE   | query_time, 0.0009028781205415726
2024-02-14 10:42:34 | TRACE   | query_time, 0.0009231977164745331
2024-02-14 10:42:34 | TRACE   | query_time, 0.0007416121661663055
2024-02-14 10:42:34 | TRACE   | query_time, 0.0007626302540302277
2024-02-14 10:42:34 | TRACE   | query_time, 0.0007418077439069748
2024-02-14 10:42:34 | TRACE   | query_time, 0.0007642488926649094
2024-02-14 10:42:34 | TRACE   | query_time, 0.0007459502667188644
2024-02-14 10:42:34 | TRACE   | query_time, 0.0008406620472669601
2024-02-14 10:42:34 | TRACE   | query_time, 0.0007599368691444397
2024-02-14 10:42:34 | TRACE   | query_time, 0.0007512811571359634
2024-02-14 10:42:34 | TRACE   | query_time, 0.0007325764745473862
2024-02-14 10:42:34 | TRACE   | query_time, 0.0008865445852279663
2024-02-14 10:42:34 | TRACE   | query_time, 0.0007540285587310791
2024-02-14 10:42:34 | TRACE   | query_time, 0.0009283218532800674
2024-02-14 10:42:34 | TRACE   | query_time, 0.0007455423474311829
2024-02-14 10:42:34 | TRACE   | query_time, 0.0007838457822799683
2024-02-14 10:42:34 | TRACE   | query_time, 0.000756431370973587
2024-02-14 10:42:34 | TRACE   | query_time, 0.0007394962012767792
2024-02-14 10:42:34 | TRACE   | query_time, 0.0007393565028905869
2024-02-14 10:42:34 | TRACE   | query_time, 0.0009001642465591431
2024-02-14 10:42:34 | TRACE   | query_time, 0.0007398072630167007
2024-02-14 10:42:34 | TRACE   | query_time, 0.0007438026368618011
2024-02-14 10:42:34 | TRACE   | query_time, 0.0007164310663938522
2024-02-14 10:42:34 | TRACE   | query_time, 0.0007936414331197739
2024-02-14 10:42:34 | TRACE   | query_time, 0.0007545184344053268
2024-02-14 10:42:34 | TRACE   | query_time, 0.0007354449480772018
2024-02-14 10:42:34 | TRACE   | query_time, 0.0007425453513860703
2024-02-14 10:42:34 | TRACE   | query_time, 0.0007426217198371887
2024-02-14 10:42:34 | TRACE   | query_time, 0.000750228762626648
2024-02-14 10:42:34 | TRACE   | query_time, 0.0007412396371364594
2024-02-14 10:42:34 | TRACE   | query_time, 0.0007588639855384827
2024-02-14 10:42:34 | TRACE   | query_time, 0.0007429085671901703
2024-02-14 10:42:34 | TRACE   | query_time, 0.000846128910779953
2024-02-14 10:42:34 | TRACE   | query_time, 0.0007417723536491394
2024-02-14 10:42:34 | TRACE   | query_time, 0.0007278639823198318
2024-02-14 10:42:34 | TRACE   | query_time, 0.0007409453392028809
2024-02-14 10:42:34 | TRACE   | query_time, 0.0008861999958753586
2024-02-14 10:42:34 | TRACE   | query_time, 0.0007527172565460205
2024-02-14 10:42:34 | TRACE   | query_time, 0.0007403232157230377
2024-02-14 10:42:34 | TRACE   | query_time, 0.0007539689540863037
2024-02-14 10:42:34 | TRACE   | query_time, 0.000900881364941597
2024-02-14 10:42:34 | TRACE   | query_time, 0.0007418375462293625
2024-02-14 10:42:34 | TRACE   | query_time, 0.0007434580475091934
2024-02-14 10:42:34 | TRACE   | query_time, 0.0007158108055591583
2024-02-14 10:42:34 | TRACE   | query_time, 0.0007457993924617767
2024-02-14 10:42:34 | TRACE   | query_time, 0.0009322073310613632
2024-02-14 10:42:34 | TRACE   | query_time, 0.0007223598659038544
2024-02-14 10:42:34 | TRACE   | query_time, 0.0007591154426336288
2024-02-14 10:42:34 | TRACE   | query_time, 0.0007281452417373657
2024-02-14 10:42:34 | TRACE   | query_time, 0.0007420182228088379
2024-02-14 10:42:34 | TRACE   | query_time, 0.0007436517626047134
2024-02-14 10:42:34 | TRACE   | query_time, 0.0008510574698448181
2024-02-14 10:42:34 | TRACE   | query_time, 0.000742834061384201
2024-02-14 10:42:34 | TRACE   | query_time, 0.0007530655711889267
2024-02-14 10:42:34 | TRACE   | query_time, 0.0007453635334968567
2024-02-14 10:42:34 | TRACE   | query_time, 0.0008813552558422089
2024-02-14 10:42:34 | TRACE   | query_time, 0.000759568065404892
2024-02-14 10:42:34 | TRACE   | query_time, 0.0008418168872594833
2024-02-14 10:42:34 | TRACE   | query_time, 0.0007298775017261505
2024-02-14 10:42:34 | TRACE   | query_time, 0.0007613431662321091
2024-02-14 10:42:34 | TRACE   | query_time, 0.0009153950959444046
2024-02-14 10:42:34 | TRACE   | query_time, 0.0007870234549045563
2024-02-14 10:42:34 | TRACE   | query_time, 0.0007585436105728149
2024-02-14 10:42:34 | TRACE   | query_time, 0.0007407516241073608
2024-02-14 10:42:34 | TRACE   | query_time, 0.0007157102227210999
2024-02-14 10:42:34 | TRACE   | query_time, 0.0007445309311151505
2024-02-14 10:42:34 | TRACE   | query_time, 0.000925842672586441
2024-02-14 10:42:34 | TRACE   | query_time, 0.0007460638880729675
2024-02-14 10:42:34 | TRACE   | query_time, 0.0007834341377019882
2024-02-14 10:42:34 | TRACE   | query_time, 0.0007514990866184235
2024-02-14 10:42:34 | TRACE   | query_time, 0.0007287971675395966
2024-02-14 10:42:34 | TRACE   | query_time, 0.0007475800812244415
2024-02-14 10:42:34 | TRACE   | query_time, 0.0007602348923683167
2024-02-14 10:42:34 | TRACE   | query_time, 0.0007175244390964508
2024-02-14 10:42:34 | TRACE   | query_time, 0.0009035412222146988
2024-02-14 10:42:34 | TRACE   | query_time, 0.0007461272180080414
2024-02-14 10:42:34 | TRACE   | query_time, 0.0007532723248004913
2024-02-14 10:42:34 | TRACE   | query_time, 0.000743405893445015
2024-02-14 10:42:34 | TRACE   | query_time, 0.0007583945989608765
2024-02-14 10:42:34 | TRACE   | query_time, 0.0007430184632539749
2024-02-14 10:42:34 | TRACE   | query_time, 0.0008465312421321869
2024-02-14 10:42:34 | TRACE   | query_time, 0.0007407683879137039
2024-02-14 10:42:34 | TRACE   | query_time, 0.000844782218337059
2024-02-14 10:42:34 | TRACE   | query_time, 0.0007476843893527985
2024-02-14 10:42:34 | TRACE   | query_time, 0.0009009707719087601
2024-02-14 10:42:34 | TRACE   | query_time, 0.0007463768124580383
2024-02-14 10:42:34 | TRACE   | query_time, 0.0007210373878479004
2024-02-14 10:42:34 | TRACE   | query_time, 0.000763334333896637
2024-02-14 10:42:34 | TRACE   | query_time, 0.00075494684278965
2024-02-14 10:42:34 | TRACE   | query_time, 0.0007548816502094269
2024-02-14 10:42:34 | TRACE   | query_time, 0.0007489826530218124
2024-02-14 10:42:34 | TRACE   | query_time, 0.0007620267570018768
2024-02-14 10:42:34 | TRACE   | query_time, 0.0007478240877389908
2024-02-14 10:42:34 | TRACE   | query_time, 0.0007443241775035858
2024-02-14 10:42:34 | TRACE   | query_time, 0.0009004957973957062
2024-02-14 10:42:34 | TRACE   | query_time, 0.0007426384836435318
2024-02-14 10:42:34 | TRACE   | query_time, 0.0007435400038957596
2024-02-14 10:42:34 | TRACE   | query_time, 0.000746188685297966
2024-02-14 10:42:34 | TRACE   | query_time, 0.0007443912327289581
2024-02-14 10:42:34 | TRACE   | query_time, 0.0007468443363904953
2024-02-14 10:42:34 | TRACE   | query_time, 0.0007296279072761536
2024-02-14 10:42:34 | TRACE   | query_time, 0.0007509384304285049
2024-02-14 10:42:34 | TRACE   | query_time, 0.0007297247648239136
2024-02-14 10:42:34 | TRACE   | query_time, 0.0007431171834468842
2024-02-14 10:42:34 | TRACE   | query_time, 0.0007444005459547043
2024-02-14 10:42:34 | TRACE   | query_time, 0.000903913751244545
2024-02-14 10:42:34 | TRACE   | query_time, 0.0007522366940975189
2024-02-14 10:42:34 | TRACE   | query_time, 0.0007400196045637131
2024-02-14 10:42:34 | TRACE   | query_time, 0.000753495842218399
2024-02-14 10:42:34 | TRACE   | query_time, 0.0007401276379823685
2024-02-14 10:42:34 | TRACE   | query_time, 0.0008976273238658905
2024-02-14 10:42:34 | TRACE   | query_time, 0.0007443670183420181
2024-02-14 10:42:34 | TRACE   | query_time, 0.000787731260061264
2024-02-14 10:42:34 | TRACE   | query_time, 0.0007402300834655762
2024-02-14 10:42:34 | TRACE   | query_time, 0.0007416959851980209
2024-02-14 10:42:34 | TRACE   | query_time, 0.0007667355239391327
2024-02-14 10:42:34 | TRACE   | query_time, 0.0009002387523651123
2024-02-14 10:42:34 | TRACE   | query_time, 0.000847572460770607
2024-02-14 10:42:34 | TRACE   | query_time, 0.0007402524352073669
2024-02-14 10:42:34 | TRACE   | query_time, 0.0007437262684106827
2024-02-14 10:42:34 | TRACE   | query_time, 0.0007524453103542328
2024-02-14 10:42:34 | TRACE   | query_time, 0.0008682031184434891
2024-02-14 10:42:34 | TRACE   | query_time, 0.0007547475397586823
2024-02-14 10:42:34 | TRACE   | query_time, 0.0008442644029855728
2024-02-14 10:42:34 | TRACE   | query_time, 0.0007478166371583939
2024-02-14 10:42:34 | TRACE   | query_time, 0.0008889846503734589
2024-02-14 10:42:34 | TRACE   | query_time, 0.0007427558302879333
2024-02-14 10:42:34 | TRACE   | query_time, 0.000931568443775177
2024-02-14 10:42:34 | TRACE   | query_time, 0.0007482748478651047
2024-02-14 10:42:34 | TRACE   | query_time, 0.0007863473147153854
2024-02-14 10:42:34 | TRACE   | query_time, 0.0007405746728181839
2024-02-14 10:42:34 | TRACE   | query_time, 0.0007385872304439545
2024-02-14 10:42:34 | TRACE   | query_time, 0.0007404088973999023
2024-02-14 10:42:34 | TRACE   | query_time, 0.0007510464638471603
2024-02-14 10:42:34 | TRACE   | query_time, 0.0007897764444351196
2024-02-14 10:42:34 | TRACE   | query_time, 0.0007408279925584793
2024-02-14 10:42:34 | TRACE   | query_time, 0.0007580164819955826
2024-02-14 10:42:34 | TRACE   | query_time, 0.0007434803992509842
2024-02-14 10:42:34 | TRACE   | query_time, 0.000722220167517662
2024-02-14 10:42:34 | TRACE   | query_time, 0.000745704397559166
2024-02-14 10:42:34 | TRACE   | query_time, 0.000745011493563652
2024-02-14 10:42:34 | TRACE   | query_time, 0.0007408615201711655
2024-02-14 10:42:34 | TRACE   | query_time, 0.0007556527853012085
2024-02-14 10:42:34 | TRACE   | query_time, 0.0007519759237766266
2024-02-14 10:42:34 | TRACE   | query_time, 0.0007400400936603546
2024-02-14 10:42:34 | TRACE   | query_time, 0.0008403286337852478
2024-02-14 10:42:34 | TRACE   | query_time, 0.0008426029235124588
2024-02-14 10:42:34 | TRACE   | query_time, 0.0007348433136940002
2024-02-14 10:42:34 | TRACE   | query_time, 0.0007473081350326538
2024-02-14 10:42:34 | TRACE   | query_time, 0.0007602311670780182
2024-02-14 10:42:34 | TRACE   | query_time, 0.000746728852391243
2024-02-14 10:42:34 | TRACE   | query_time, 0.0007431749254465103
2024-02-14 10:42:34 | TRACE   | query_time, 0.0007570907473564148
2024-02-14 10:42:34 | TRACE   | query_time, 0.0008999612182378769
2024-02-14 10:42:34 | TRACE   | query_time, 0.0007571037858724594
2024-02-14 10:42:34 | TRACE   | query_time, 0.0007421299815177917
2024-02-14 10:42:34 | TRACE   | query_time, 0.0007210411131381989
2024-02-14 10:42:34 | TRACE   | query_time, 0.0008415207266807556
2024-02-14 10:42:34 | TRACE   | query_time, 0.0007411111146211624
2024-02-14 10:42:34 | TRACE   | query_time, 0.0008404403924942017
2024-02-14 10:42:34 | TRACE   | query_time, 0.0007444638758897781
2024-02-14 10:42:34 | TRACE   | query_time, 0.0007513333112001419
2024-02-14 10:42:34 | TRACE   | query_time, 0.0007432624697685242
2024-02-14 10:42:34 | TRACE   | query_time, 0.0008882209658622742
2024-02-14 10:42:34 | TRACE   | query_time, 0.0007302742451429367
2024-02-14 10:42:34 | TRACE   | query_time, 0.0007433518767356873
2024-02-14 10:42:34 | TRACE   | query_time, 0.0009039733558893204
2024-02-14 10:42:34 | TRACE   | query_time, 0.0007405709475278854
2024-02-14 10:42:34 | TRACE   | query_time, 0.0009274054318666458
2024-02-14 10:42:34 | TRACE   | query_time, 0.0007461290806531906
2024-02-14 10:42:34 | TRACE   | query_time, 0.0007525477558374405
2024-02-14 10:42:34 | TRACE   | query_time, 0.0007447786629199982
2024-02-14 10:42:34 | TRACE   | query_time, 0.0007447656244039536
2024-02-14 10:42:34 | TRACE   | query_time, 0.0008979476988315582
2024-02-14 10:42:34 | TRACE   | query_time, 0.0007461477071046829
2024-02-14 10:42:34 | TRACE   | query_time, 0.0007204897701740265
2024-02-14 10:42:34 | TRACE   | query_time, 0.00078587606549263
2024-02-14 10:42:34 | TRACE   | query_time, 0.0007459837943315506
2024-02-14 10:42:34 | TRACE   | query_time, 0.0007432363927364349
2024-02-14 10:42:34 | TRACE   | query_time, 0.0007478650659322739
2024-02-14 10:42:34 | TRACE   | query_time, 0.0008441656827926636
2024-02-14 10:42:34 | TRACE   | query_time, 0.000758390873670578
2024-02-14 10:42:34 | TRACE   | query_time, 0.0007397308945655823
2024-02-14 10:42:34 | TRACE   | query_time, 0.004139276221394539
2024-02-14 10:42:34 | TRACE   | query_time, 0.0045485105365514755
2024-02-14 10:42:34 | TRACE   | query_time, 0.003964250907301903
2024-02-14 10:42:34 | TRACE   | query_time, 0.003912482410669327
2024-02-14 10:42:34 | TRACE   | query_time, 0.004174547269940376
2024-02-14 10:42:34 | TRACE   | query_time, 0.003925973549485207
2024-02-14 10:42:34 | TRACE   | query_time, 0.003926398232579231
2024-02-14 10:42:34 | TRACE   | query_time, 0.004059385508298874
2024-02-14 10:42:34 | TRACE   | query_time, 0.003817230463027954
2024-02-14 10:42:34 | TRACE   | query_time, 0.0039049219340085983
2024-02-14 10:42:34 | TRACE   | query_time, 0.004043005406856537
2024-02-14 10:42:34 | TRACE   | query_time, 0.003909476101398468
2024-02-14 10:42:34 | TRACE   | query_time, 0.004047872498631477
2024-02-14 10:42:34 | TRACE   | query_time, 0.0038921572268009186
2024-02-14 10:42:34 | TRACE   | query_time, 0.003823293372988701
2024-02-14 10:42:34 | TRACE   | query_time, 0.004015184938907623
2024-02-14 10:42:34 | TRACE   | query_time, 0.004126919433474541
2024-02-14 10:42:34 | TRACE   | query_time, 0.003903638571500778
2024-02-14 10:42:34 | TRACE   | query_time, 0.003932304680347443
2024-02-14 10:42:34 | TRACE   | query_time, 0.0038320086896419525
2024-02-14 10:42:34 | TRACE   | query_time, 0.003722088411450386
2024-02-14 10:42:34 | TRACE   | query_time, 0.003956610336899757
2024-02-14 10:42:34 | TRACE   | query_time, 0.00363226979970932
2024-02-14 10:42:34 | TRACE   | query_time, 0.003838278353214264
2024-02-14 10:42:34 | TRACE   | query_time, 0.003964824602007866
2024-02-14 10:42:34 | TRACE   | query_time, 0.003945464268326759
2024-02-14 10:42:34 | TRACE   | query_time, 0.004047473892569542
2024-02-14 10:42:34 | TRACE   | query_time, 0.004028139635920525
2024-02-14 10:42:34 | TRACE   | query_time, 0.0040276553481817245
2024-02-14 10:42:34 | TRACE   | query_time, 0.0036399904638528824
2024-02-14 10:42:34 | TRACE   | query_time, 0.0036443937569856644
2024-02-14 10:42:34 | TRACE   | query_time, 0.0039007365703582764
2024-02-14 10:42:34 | TRACE   | query_time, 0.003703024238348007
2024-02-14 10:42:34 | TRACE   | query_time, 0.004076888784766197
2024-02-14 10:42:34 | TRACE   | query_time, 0.003827406093478203
2024-02-14 10:42:34 | TRACE   | query_time, 0.003629276528954506
2024-02-14 10:42:34 | TRACE   | query_time, 0.0037943944334983826
2024-02-14 10:42:34 | TRACE   | query_time, 0.003988070413470268
2024-02-14 10:42:34 | TRACE   | query_time, 0.003963584080338478
2024-02-14 10:42:34 | TRACE   | query_time, 0.0037420913577079773
2024-02-14 10:42:34 | TRACE   | query_time, 0.003904443234205246
2024-02-14 10:42:34 | TRACE   | query_time, 0.0036908108741045
2024-02-14 10:42:34 | TRACE   | query_time, 0.003922557458281517
2024-02-14 10:42:34 | TRACE   | query_time, 0.003902645781636238
2024-02-14 10:42:35 | TRACE   | query_time, 0.003952460363507271
2024-02-14 10:42:35 | TRACE   | query_time, 0.0038738995790481567
2024-02-14 10:42:35 | TRACE   | query_time, 0.003916442394256592
2024-02-14 10:42:35 | TRACE   | query_time, 0.0040021371096372604
2024-02-14 10:42:35 | TRACE   | query_time, 0.003919469192624092
2024-02-14 10:42:35 | TRACE   | query_time, 0.003914276137948036
2024-02-14 10:42:35 | TRACE   | query_time, 0.0039033573120832443
2024-02-14 10:42:35 | TRACE   | query_time, 0.003953652456402779
2024-02-14 10:42:35 | TRACE   | query_time, 0.003934644162654877
2024-02-14 10:42:35 | TRACE   | query_time, 0.004119405522942543
2024-02-14 10:42:35 | TRACE   | query_time, 0.003916366025805473
2024-02-14 10:42:35 | TRACE   | query_time, 0.0036101248115301132
2024-02-14 10:42:35 | TRACE   | query_time, 0.003888798877596855
2024-02-14 10:42:35 | TRACE   | query_time, 0.0040293410420417786
2024-02-14 10:42:35 | TRACE   | query_time, 0.0038068313151597977
2024-02-14 10:42:35 | TRACE   | query_time, 0.003935927525162697
2024-02-14 10:42:35 | TRACE   | query_time, 0.003873070701956749
2024-02-14 10:42:35 | TRACE   | query_time, 0.004037674516439438
2024-02-14 10:42:35 | TRACE   | query_time, 0.004392886534333229
2024-02-14 10:42:35 | TRACE   | query_time, 0.004022933542728424
2024-02-14 10:42:35 | TRACE   | query_time, 0.004456862807273865
2024-02-14 10:42:35 | TRACE   | query_time, 0.004517946392297745
2024-02-14 10:42:35 | TRACE   | query_time, 0.004091257229447365
2024-02-14 10:42:35 | TRACE   | query_time, 0.003644680604338646
2024-02-14 10:42:35 | TRACE   | query_time, 0.003902927041053772
2024-02-14 10:42:35 | TRACE   | query_time, 0.0038814879953861237
2024-02-14 10:42:35 | TRACE   | query_time, 0.003964226692914963
2024-02-14 10:42:35 | TRACE   | query_time, 0.003821108490228653
2024-02-14 10:42:35 | TRACE   | query_time, 0.0038668401539325714
2024-02-14 10:42:35 | TRACE   | query_time, 0.0038485750555992126
2024-02-14 10:42:35 | TRACE   | query_time, 0.003980619832873344
2024-02-14 10:42:35 | TRACE   | query_time, 0.003918524831533432
2024-02-14 10:42:35 | TRACE   | query_time, 0.003924164921045303
2024-02-14 10:42:35 | TRACE   | query_time, 0.003913301974534988
2024-02-14 10:42:35 | TRACE   | query_time, 0.0038640890270471573
2024-02-14 10:42:35 | TRACE   | query_time, 0.003878103569149971
2024-02-14 10:42:35 | TRACE   | query_time, 0.0038903001695871353
2024-02-14 10:42:35 | TRACE   | query_time, 0.004087187349796295
2024-02-14 10:42:35 | TRACE   | query_time, 0.004463493824005127
2024-02-14 10:42:35 | TRACE   | query_time, 0.0040420107543468475
2024-02-14 10:42:35 | TRACE   | query_time, 0.004130188375711441
2024-02-14 10:42:35 | TRACE   | query_time, 0.0036369916051626205
2024-02-14 10:42:35 | TRACE   | query_time, 0.0038966722786426544
2024-02-14 10:42:35 | TRACE   | query_time, 0.0037843547761440277
2024-02-14 10:42:35 | TRACE   | query_time, 0.0037005431950092316
2024-02-14 10:42:35 | TRACE   | query_time, 0.0036133714020252228
2024-02-14 10:42:35 | TRACE   | query_time, 0.0038013961166143417
2024-02-14 10:42:35 | TRACE   | query_time, 0.004041675478219986
2024-02-14 10:42:35 | TRACE   | query_time, 0.004023648798465729
2024-02-14 10:42:35 | TRACE   | query_time, 0.0041008684784173965
2024-02-14 10:42:35 | TRACE   | query_time, 0.004512617364525795
2024-02-14 10:42:35 | TRACE   | query_time, 0.0037588030099868774
2024-02-14 10:42:35 | TRACE   | query_time, 0.0044843051582574844
2024-02-14 10:42:35 | TRACE   | query_time, 0.004114266484975815
2024-02-14 10:42:35 | TRACE   | query_time, 0.0036318153142929077
2024-02-14 10:42:35 | TRACE   | query_time, 0.0036028772592544556
2024-02-14 10:42:35 | TRACE   | query_time, 0.003911256790161133
2024-02-14 10:42:35 | TRACE   | query_time, 0.0036658458411693573
2024-02-14 10:42:35 | TRACE   | query_time, 0.0036209281533956528
2024-02-14 10:42:35 | TRACE   | query_time, 0.003895370289683342
2024-02-14 10:42:35 | TRACE   | query_time, 0.003969248384237289
2024-02-14 10:42:35 | TRACE   | query_time, 0.0036268699914216995
2024-02-14 10:42:35 | TRACE   | query_time, 0.003783106803894043
2024-02-14 10:42:35 | TRACE   | query_time, 0.0038988571614027023
2024-02-14 10:42:35 | TRACE   | query_time, 0.003898588940501213
2024-02-14 10:42:35 | TRACE   | query_time, 0.00402839295566082
2024-02-14 10:42:35 | TRACE   | query_time, 0.003894144669175148
2024-02-14 10:42:35 | TRACE   | query_time, 0.004480067640542984
2024-02-14 10:42:35 | TRACE   | query_time, 0.004493514075875282
2024-02-14 10:42:35 | TRACE   | query_time, 0.003953311592340469
2024-02-14 10:42:35 | TRACE   | query_time, 0.003914970904588699
2024-02-14 10:42:35 | TRACE   | query_time, 0.0037498995661735535
2024-02-14 10:42:35 | TRACE   | query_time, 0.0038020946085453033
2024-02-14 10:42:35 | TRACE   | query_time, 0.003891605883836746
2024-02-14 10:42:35 | TRACE   | query_time, 0.0036027729511260986
2024-02-14 10:42:35 | TRACE   | query_time, 0.0037189163267612457
2024-02-14 10:42:35 | TRACE   | query_time, 0.003947710618376732
2024-02-14 10:42:35 | TRACE   | query_time, 0.004382122308015823
2024-02-14 10:42:35 | TRACE   | query_time, 0.0039042606949806213
2024-02-14 10:42:35 | TRACE   | query_time, 0.004047555848956108
2024-02-14 10:42:35 | TRACE   | query_time, 0.004018096253275871
2024-02-14 10:42:35 | TRACE   | query_time, 0.004140734672546387
2024-02-14 10:42:35 | TRACE   | query_time, 0.004199175164103508
2024-02-14 10:42:35 | TRACE   | query_time, 0.004336172714829445
2024-02-14 10:42:35 | TRACE   | query_time, 0.004105333238840103
2024-02-14 10:42:35 | TRACE   | query_time, 0.004340313374996185
2024-02-14 10:42:35 | TRACE   | query_time, 0.004110690206289291
2024-02-14 10:42:35 | TRACE   | query_time, 0.004417214542627335
2024-02-14 10:42:35 | TRACE   | query_time, 0.004423003643751144
2024-02-14 10:42:35 | TRACE   | query_time, 0.004485728219151497
2024-02-14 10:42:35 | TRACE   | query_time, 0.004791121929883957
2024-02-14 10:42:35 | TRACE   | query_time, 0.004420505836606026
2024-02-14 10:42:35 | TRACE   | query_time, 0.0041882917284965515
2024-02-14 10:42:35 | TRACE   | query_time, 0.0042669568210840225
2024-02-14 10:42:35 | TRACE   | query_time, 0.004100499674677849
2024-02-14 10:42:35 | TRACE   | query_time, 0.004179326817393303
2024-02-14 10:42:35 | TRACE   | query_time, 0.004428215324878693
2024-02-14 10:42:35 | TRACE   | query_time, 0.004356866702437401
2024-02-14 10:42:35 | TRACE   | query_time, 0.0043067727237939835
2024-02-14 10:42:35 | TRACE   | query_time, 0.004317823797464371
2024-02-14 10:42:35 | TRACE   | query_time, 0.004264555871486664
2024-02-14 10:42:35 | TRACE   | query_time, 0.004099130630493164
2024-02-14 10:42:35 | TRACE   | query_time, 0.004306532442569733
2024-02-14 10:42:35 | TRACE   | query_time, 0.004282029345631599
2024-02-14 10:42:35 | TRACE   | query_time, 0.004350416362285614
2024-02-14 10:42:35 | TRACE   | query_time, 0.004785133525729179
2024-02-14 10:42:35 | TRACE   | query_time, 0.004791337996721268
2024-02-14 10:42:35 | TRACE   | query_time, 0.004420852288603783
2024-02-14 10:42:35 | TRACE   | query_time, 0.004102099686861038
2024-02-14 10:42:35 | TRACE   | query_time, 0.004094287753105164
2024-02-14 10:42:35 | TRACE   | query_time, 0.0042819734662771225
2024-02-14 10:42:35 | TRACE   | query_time, 0.004418736323714256
2024-02-14 10:42:35 | TRACE   | query_time, 0.004440229386091232
2024-02-14 10:42:35 | TRACE   | query_time, 0.004776975139975548
2024-02-14 10:42:35 | TRACE   | query_time, 0.004432482644915581
2024-02-14 10:42:35 | TRACE   | query_time, 0.004775218665599823
2024-02-14 10:42:35 | TRACE   | query_time, 0.0044098421931266785
2024-02-14 10:42:35 | TRACE   | query_time, 0.00435628741979599
2024-02-14 10:42:35 | TRACE   | query_time, 0.004345100373029709
2024-02-14 10:42:35 | TRACE   | query_time, 0.004287524148821831
2024-02-14 10:42:35 | TRACE   | query_time, 0.00419093482196331
2024-02-14 10:42:35 | TRACE   | query_time, 0.004370536655187607
2024-02-14 10:42:35 | TRACE   | query_time, 0.00442090630531311
2024-02-14 10:42:35 | TRACE   | query_time, 0.004372328519821167
2024-02-14 10:42:35 | TRACE   | query_time, 0.0043641310185194016
2024-02-14 10:42:35 | TRACE   | query_time, 0.004807081073522568
2024-02-14 10:42:35 | TRACE   | query_time, 0.004353160038590431
2024-02-14 10:42:35 | TRACE   | query_time, 0.004319742321968079
2024-02-14 10:42:35 | TRACE   | query_time, 0.004151776432991028
2024-02-14 10:42:35 | TRACE   | query_time, 0.004505619406700134
2024-02-14 10:42:35 | TRACE   | query_time, 0.004126332700252533
2024-02-14 10:42:35 | TRACE   | query_time, 0.004359211772680283
2024-02-14 10:42:35 | TRACE   | query_time, 0.0041054971516132355
2024-02-14 10:42:35 | TRACE   | query_time, 0.004274409264326096
2024-02-14 10:42:35 | TRACE   | query_time, 0.004775723442435265
2024-02-14 10:42:35 | TRACE   | query_time, 0.004513338208198547
2024-02-14 10:42:35 | TRACE   | query_time, 0.004362903535366058
2024-02-14 10:42:35 | TRACE   | query_time, 0.0041924044489860535
2024-02-14 10:42:35 | TRACE   | query_time, 0.004350921139121056
2024-02-14 10:42:35 | TRACE   | query_time, 0.004410110414028168
2024-02-14 10:42:35 | TRACE   | query_time, 0.004275558516383171
2024-02-14 10:42:35 | TRACE   | query_time, 0.004348680377006531
2024-02-14 10:42:35 | TRACE   | query_time, 0.004282437264919281
2024-02-14 10:42:35 | TRACE   | query_time, 0.004432925954461098
2024-02-14 10:42:35 | TRACE   | query_time, 0.004493532702326775
2024-02-14 10:42:35 | TRACE   | query_time, 0.00435449555516243
2024-02-14 10:42:35 | TRACE   | query_time, 0.004389036446809769
2024-02-14 10:42:35 | TRACE   | query_time, 0.004133373498916626
2024-02-14 10:42:35 | TRACE   | query_time, 0.004343828186392784
2024-02-14 10:42:35 | TRACE   | query_time, 0.004179647192358971
2024-02-14 10:42:35 | TRACE   | query_time, 0.0042653679847717285
2024-02-14 10:42:35 | TRACE   | query_time, 0.004319922998547554
2024-02-14 10:42:35 | TRACE   | query_time, 0.00438905693590641
2024-02-14 10:42:35 | TRACE   | query_time, 0.0043637678027153015
2024-02-14 10:42:35 | TRACE   | query_time, 0.00433126837015152
2024-02-14 10:42:35 | TRACE   | query_time, 0.004450591281056404
2024-02-14 10:42:35 | TRACE   | query_time, 0.004779238253831863
2024-02-14 10:42:35 | TRACE   | query_time, 0.004218040034174919
2024-02-14 10:42:35 | TRACE   | query_time, 0.004432955756783485
2024-02-14 10:42:35 | TRACE   | query_time, 0.004512635990977287
2024-02-14 10:42:35 | TRACE   | query_time, 0.004227299243211746
2024-02-14 10:42:35 | TRACE   | query_time, 0.004379503428936005
2024-02-14 10:42:35 | TRACE   | query_time, 0.004432491958141327
2024-02-14 10:42:35 | TRACE   | query_time, 0.004347804933786392
2024-02-14 10:42:35 | TRACE   | query_time, 0.004353020340204239
2024-02-14 10:42:35 | TRACE   | query_time, 0.004795614629983902
2024-02-14 10:42:35 | TRACE   | query_time, 0.004243798553943634
2024-02-14 10:42:35 | TRACE   | query_time, 0.004419788718223572
2024-02-14 10:42:35 | TRACE   | query_time, 0.0052707865834236145
2024-02-14 10:42:35 | TRACE   | query_time, 0.004385391250252724
2024-02-14 10:42:35 | TRACE   | query_time, 0.004508621990680695
2024-02-14 10:42:35 | TRACE   | query_time, 0.004155036062002182
2024-02-14 10:42:35 | TRACE   | query_time, 0.004099447280168533
2024-02-14 10:42:35 | TRACE   | query_time, 0.0043539442121982574
2024-02-14 10:42:35 | TRACE   | query_time, 0.004462623968720436
2024-02-14 10:42:35 | TRACE   | query_time, 0.004819642752408981
2024-02-14 10:42:35 | TRACE   | query_time, 0.0045109037309885025
2024-02-14 10:42:35 | TRACE   | query_time, 0.00435742549598217
2024-02-14 10:42:35 | TRACE   | query_time, 0.0043539926409721375
2024-02-14 10:42:35 | TRACE   | query_time, 0.004354055970907211
2024-02-14 10:42:35 | TRACE   | query_time, 0.004346998408436775
2024-02-14 10:42:35 | TRACE   | query_time, 0.00471319817006588
2024-02-14 10:42:35 | TRACE   | query_time, 0.004817809909582138
2024-02-14 10:42:35 | TRACE   | query_time, 0.004367578774690628
2024-02-14 10:42:35 | TRACE   | query_time, 0.004473645240068436
2024-02-14 10:42:35 | TRACE   | query_time, 0.004131754860281944
2024-02-14 10:42:35 | TRACE   | query_time, 0.004351558163762093
2024-02-14 10:42:35 | TRACE   | query_time, 0.004149738699197769
2024-02-14 10:42:35 | TRACE   | query_time, 0.00435013510286808
2024-02-14 10:42:35 | TRACE   | query_time, 0.004346029832959175
2024-02-14 10:42:35 | TRACE   | query_time, 0.004390127956867218
2024-02-14 10:42:35 | TRACE   | query_time, 0.004376085475087166
2024-02-14 10:42:35 | TRACE   | query_time, 0.004130696877837181
2024-02-14 10:42:35 | TRACE   | query_time, 0.004320638254284859
2024-02-14 10:42:35 | TRACE   | query_time, 0.0043352339416742325
2024-02-14 10:42:35 | TRACE   | query_time, 0.004232197999954224
2024-02-14 10:42:35 | TRACE   | query_time, 0.004424193874001503
2024-02-14 10:42:35 | TRACE   | query_time, 0.004398379474878311
2024-02-14 10:42:35 | TRACE   | query_time, 0.004350157454609871
2024-02-14 10:42:35 | TRACE   | query_time, 0.004114694893360138
2024-02-14 10:42:35 | TRACE   | query_time, 0.0043484922498464584
2024-02-14 10:42:35 | TRACE   | query_time, 0.004386603832244873
2024-02-14 10:42:35 | TRACE   | query_time, 0.004347730427980423
2024-02-14 10:42:35 | TRACE   | query_time, 0.004119608551263809
2024-02-14 10:42:35 | TRACE   | query_time, 0.00435866042971611
2024-02-14 10:42:35 | TRACE   | query_time, 0.004231536760926247
2024-02-14 10:42:35 | TRACE   | query_time, 0.004362838342785835
2024-02-14 10:42:35 | TRACE   | query_time, 0.00425054132938385
2024-02-14 10:42:35 | TRACE   | query_time, 0.004369264468550682
2024-02-14 10:42:35 | TRACE   | query_time, 0.004370462149381638
2024-02-14 10:42:35 | TRACE   | query_time, 0.004358503967523575
2024-02-14 10:42:35 | TRACE   | query_time, 0.0041638631373643875
2024-02-14 10:42:35 | TRACE   | query_time, 0.004492204636335373
2024-02-14 10:42:35 | TRACE   | query_time, 0.0043150316923856735
2024-02-14 10:42:35 | TRACE   | query_time, 0.00422070175409317
2024-02-14 10:42:35 | TRACE   | query_time, 0.0043717604130506516
2024-02-14 10:42:35 | TRACE   | query_time, 0.004374928772449493
2024-02-14 10:42:35 | TRACE   | query_time, 0.004301231354475021
2024-02-14 10:42:35 | TRACE   | query_time, 0.004385596141219139
2024-02-14 10:42:35 | TRACE   | query_time, 0.004711076617240906
