2024-02-14 10:36:40 | DEBUG   | {'input': PosixPath('data/open_data_usa/indices/microbenchmarks/rebinning-b5000.zst'), 'input_type': 'index', 'queries': PosixPath('data/open_data_usa/queries/microbenchmarks.zst'), 'estimation_mode': None, 'index_mode': 'recall', 'output': None, 'workers': None, 'frequency_hists': False, 'suppress_results': True, 'log_level': 'INFO', 'log_file': PosixPath('logs/microbenchmarks/runtime/open_data_usa-rebinning-b5000-single_suppressed-2.log')}
2024-02-14 10:36:40 | DEBUG   | Loading input data from data/open_data_usa/indices/microbenchmarks/rebinning-b5000.zst
2024-02-14 10:36:40 | DEBUG   | Loading queries from data/open_data_usa/queries/microbenchmarks.zst
2024-02-14 10:36:40 | TRACE   | bootstrap_time, 0.0661190040409565
2024-02-14 10:36:40 | DEBUG   | Starting execution
2024-02-14 10:36:40 | TRACE   | query_time, 0.0003791302442550659
2024-02-14 10:36:40 | TRACE   | query_time, 0.00020834244787693024
2024-02-14 10:36:40 | TRACE   | query_time, 0.00019710324704647064
2024-02-14 10:36:40 | TRACE   | query_time, 0.00019715353846549988
2024-02-14 10:36:40 | TRACE   | query_time, 0.0001828353852033615
2024-02-14 10:36:40 | TRACE   | query_time, 0.00019634142518043518
2024-02-14 10:36:40 | TRACE   | query_time, 0.00022873282432556152
2024-02-14 10:36:40 | TRACE   | query_time, 0.00019650347530841827
2024-02-14 10:36:40 | TRACE   | query_time, 0.00018185563385486603
2024-02-14 10:36:40 | TRACE   | query_time, 0.00021117553114891052
2024-02-14 10:36:40 | TRACE   | query_time, 0.00019430555403232574
2024-02-14 10:36:40 | TRACE   | query_time, 0.00019398704171180725
2024-02-14 10:36:40 | TRACE   | query_time, 0.0001963842660188675
2024-02-14 10:36:40 | TRACE   | query_time, 0.0001937560737133026
2024-02-14 10:36:40 | TRACE   | query_time, 0.0001926235854625702
2024-02-14 10:36:40 | TRACE   | query_time, 0.0001807771623134613
2024-02-14 10:36:40 | TRACE   | query_time, 0.00019839033484458923
2024-02-14 10:36:40 | TRACE   | query_time, 0.0001970939338207245
2024-02-14 10:36:40 | TRACE   | query_time, 0.00019459612667560577
2024-02-14 10:36:40 | TRACE   | query_time, 0.00019606389105319977
2024-02-14 10:36:40 | TRACE   | query_time, 0.0002133585512638092
2024-02-14 10:36:40 | TRACE   | query_time, 0.00019555911421775818
2024-02-14 10:36:40 | TRACE   | query_time, 0.0001964997500181198
2024-02-14 10:36:40 | TRACE   | query_time, 0.00019501522183418274
2024-02-14 10:36:40 | TRACE   | query_time, 0.00018204748630523682
2024-02-14 10:36:40 | TRACE   | query_time, 0.0001957714557647705
2024-02-14 10:36:40 | TRACE   | query_time, 0.00020051933825016022
2024-02-14 10:36:40 | TRACE   | query_time, 0.00020828470587730408
2024-02-14 10:36:40 | TRACE   | query_time, 0.00019636377692222595
2024-02-14 10:36:40 | TRACE   | query_time, 0.0001802593469619751
2024-02-14 10:36:40 | TRACE   | query_time, 0.00021190568804740906
2024-02-14 10:36:40 | TRACE   | query_time, 0.0002032686024904251
2024-02-14 10:36:40 | TRACE   | query_time, 0.00019532814621925354
2024-02-14 10:36:40 | TRACE   | query_time, 0.0001972392201423645
2024-02-14 10:36:40 | TRACE   | query_time, 0.0001955851912498474
2024-02-14 10:36:40 | TRACE   | query_time, 0.0001955237239599228
2024-02-14 10:36:40 | TRACE   | query_time, 0.00018257461488246918
2024-02-14 10:36:40 | TRACE   | query_time, 0.00021236389875411987
2024-02-14 10:36:40 | TRACE   | query_time, 0.00019389577209949493
2024-02-14 10:36:40 | TRACE   | query_time, 0.0002105962485074997
2024-02-14 10:36:40 | TRACE   | query_time, 0.00019416026771068573
2024-02-14 10:36:40 | TRACE   | query_time, 0.00021395273506641388
2024-02-14 10:36:40 | TRACE   | query_time, 0.00019362382590770721
2024-02-14 10:36:40 | TRACE   | query_time, 0.00021022185683250427
2024-02-14 10:36:40 | TRACE   | query_time, 0.00019524246454238892
2024-02-14 10:36:40 | TRACE   | query_time, 0.0002015717327594757
2024-02-14 10:36:40 | TRACE   | query_time, 0.0001964624971151352
2024-02-14 10:36:40 | TRACE   | query_time, 0.00020963512361049652
2024-02-14 10:36:40 | TRACE   | query_time, 0.00019512884318828583
2024-02-14 10:36:40 | TRACE   | query_time, 0.00019804388284683228
2024-02-14 10:36:40 | TRACE   | query_time, 0.00022424012422561646
2024-02-14 10:36:40 | TRACE   | query_time, 0.0001962520182132721
2024-02-14 10:36:40 | TRACE   | query_time, 0.00020861439406871796
2024-02-14 10:36:40 | TRACE   | query_time, 0.00019462034106254578
2024-02-14 10:36:40 | TRACE   | query_time, 0.00019636377692222595
2024-02-14 10:36:40 | TRACE   | query_time, 0.00021269172430038452
2024-02-14 10:36:40 | TRACE   | query_time, 0.00019785575568675995
2024-02-14 10:36:40 | TRACE   | query_time, 0.0001829434186220169
2024-02-14 10:36:40 | TRACE   | query_time, 0.00019760988652706146
2024-02-14 10:36:40 | TRACE   | query_time, 0.00018838047981262207
2024-02-14 10:36:40 | TRACE   | query_time, 0.00019568763673305511
2024-02-14 10:36:40 | TRACE   | query_time, 0.00019644573330879211
2024-02-14 10:36:40 | TRACE   | query_time, 0.00022267550230026245
2024-02-14 10:36:40 | TRACE   | query_time, 0.00019568763673305511
2024-02-14 10:36:40 | TRACE   | query_time, 0.00019854307174682617
2024-02-14 10:36:40 | TRACE   | query_time, 0.00019759871065616608
2024-02-14 10:36:40 | TRACE   | query_time, 0.00019716285169124603
2024-02-14 10:36:40 | TRACE   | query_time, 0.0001955851912498474
2024-02-14 10:36:40 | TRACE   | query_time, 0.00018381141126155853
2024-02-14 10:36:40 | TRACE   | query_time, 0.00019551068544387817
2024-02-14 10:36:40 | TRACE   | query_time, 0.00019702501595020294
2024-02-14 10:36:40 | TRACE   | query_time, 0.00018136762082576752
2024-02-14 10:36:40 | TRACE   | query_time, 0.0001962650567293167
2024-02-14 10:36:40 | TRACE   | query_time, 0.00021320581436157227
2024-02-14 10:36:40 | TRACE   | query_time, 0.00020934827625751495
2024-02-14 10:36:40 | TRACE   | query_time, 0.00019375979900360107
2024-02-14 10:36:40 | TRACE   | query_time, 0.00019622035324573517
2024-02-14 10:36:40 | TRACE   | query_time, 0.0001971181482076645
2024-02-14 10:36:40 | TRACE   | query_time, 0.0001947488635778427
2024-02-14 10:36:40 | TRACE   | query_time, 0.00019775517284870148
2024-02-14 10:36:40 | TRACE   | query_time, 0.00019475072622299194
2024-02-14 10:36:40 | TRACE   | query_time, 0.00019652768969535828
2024-02-14 10:36:40 | TRACE   | query_time, 0.00019616074860095978
2024-02-14 10:36:40 | TRACE   | query_time, 0.0002125762403011322
2024-02-14 10:36:40 | TRACE   | query_time, 0.0001971963793039322
2024-02-14 10:36:40 | TRACE   | query_time, 0.0002092309296131134
2024-02-14 10:36:40 | TRACE   | query_time, 0.00019607692956924438
2024-02-14 10:36:40 | TRACE   | query_time, 0.00020433589816093445
2024-02-14 10:36:40 | TRACE   | query_time, 0.00019826367497444153
2024-02-14 10:36:40 | TRACE   | query_time, 0.00019500590860843658
2024-02-14 10:36:40 | TRACE   | query_time, 0.00020996667444705963
2024-02-14 10:36:40 | TRACE   | query_time, 0.00019708648324012756
2024-02-14 10:36:40 | TRACE   | query_time, 0.00019592233002185822
2024-02-14 10:36:40 | TRACE   | query_time, 0.0001965351402759552
2024-02-14 10:36:40 | TRACE   | query_time, 0.00019498169422149658
2024-02-14 10:36:40 | TRACE   | query_time, 0.00019524432718753815
2024-02-14 10:36:40 | TRACE   | query_time, 0.0001977737993001938
2024-02-14 10:36:40 | TRACE   | query_time, 0.00018160231411457062
2024-02-14 10:36:40 | TRACE   | query_time, 0.0001958981156349182
2024-02-14 10:36:40 | TRACE   | query_time, 0.0001830458641052246
2024-02-14 10:36:40 | TRACE   | query_time, 0.00022929906845092773
2024-02-14 10:36:40 | TRACE   | query_time, 0.0002163071185350418
2024-02-14 10:36:40 | TRACE   | query_time, 0.0001964867115020752
2024-02-14 10:36:40 | TRACE   | query_time, 0.00019400008022785187
2024-02-14 10:36:40 | TRACE   | query_time, 0.0001979488879442215
2024-02-14 10:36:40 | TRACE   | query_time, 0.00019576959311962128
2024-02-14 10:36:40 | TRACE   | query_time, 0.00019783154129981995
2024-02-14 10:36:40 | TRACE   | query_time, 0.00019618123769760132
2024-02-14 10:36:40 | TRACE   | query_time, 0.00018200092017650604
2024-02-14 10:36:40 | TRACE   | query_time, 0.00019466131925582886
2024-02-14 10:36:40 | TRACE   | query_time, 0.00018336251378059387
2024-02-14 10:36:40 | TRACE   | query_time, 0.00019912980496883392
2024-02-14 10:36:40 | TRACE   | query_time, 0.0002147294580936432
2024-02-14 10:36:40 | TRACE   | query_time, 0.0001985635608434677
2024-02-14 10:36:40 | TRACE   | query_time, 0.00019561313092708588
2024-02-14 10:36:40 | TRACE   | query_time, 0.000214284285902977
2024-02-14 10:36:40 | TRACE   | query_time, 0.00023050978779792786
2024-02-14 10:36:40 | TRACE   | query_time, 0.00018250755965709686
2024-02-14 10:36:40 | TRACE   | query_time, 0.00019617751240730286
2024-02-14 10:36:40 | TRACE   | query_time, 0.00022327899932861328
2024-02-14 10:36:40 | TRACE   | query_time, 0.00019743479788303375
2024-02-14 10:36:40 | TRACE   | query_time, 0.00019633956253528595
2024-02-14 10:36:40 | TRACE   | query_time, 0.00021021254360675812
2024-02-14 10:36:40 | TRACE   | query_time, 0.00019576586782932281
2024-02-14 10:36:40 | TRACE   | query_time, 0.00019675306975841522
2024-02-14 10:36:40 | TRACE   | query_time, 0.00019520893692970276
2024-02-14 10:36:40 | TRACE   | query_time, 0.00019613653421401978
2024-02-14 10:36:40 | TRACE   | query_time, 0.00018120557069778442
2024-02-14 10:36:40 | TRACE   | query_time, 0.00018314272165298462
2024-02-14 10:36:40 | TRACE   | query_time, 0.00020900368690490723
2024-02-14 10:36:40 | TRACE   | query_time, 0.0001972690224647522
2024-02-14 10:36:40 | TRACE   | query_time, 0.0001942850649356842
2024-02-14 10:36:40 | TRACE   | query_time, 0.0001811496913433075
2024-02-14 10:36:40 | TRACE   | query_time, 0.00019298866391181946
2024-02-14 10:36:40 | TRACE   | query_time, 0.00019503571093082428
2024-02-14 10:36:40 | TRACE   | query_time, 0.00020945444703102112
2024-02-14 10:36:40 | TRACE   | query_time, 0.00019828416407108307
2024-02-14 10:36:40 | TRACE   | query_time, 0.0001956932246685028
2024-02-14 10:36:40 | TRACE   | query_time, 0.00019562989473342896
2024-02-14 10:36:40 | TRACE   | query_time, 0.0002103131264448166
2024-02-14 10:36:40 | TRACE   | query_time, 0.0001926850527524948
2024-02-14 10:36:40 | TRACE   | query_time, 0.00018231570720672607
2024-02-14 10:36:40 | TRACE   | query_time, 0.00019372068345546722
2024-02-14 10:36:40 | TRACE   | query_time, 0.0001970101147890091
2024-02-14 10:36:40 | TRACE   | query_time, 0.00022423826158046722
2024-02-14 10:36:40 | TRACE   | query_time, 0.00019477307796478271
2024-02-14 10:36:40 | TRACE   | query_time, 0.00022347457706928253
2024-02-14 10:36:40 | TRACE   | query_time, 0.00019844435155391693
2024-02-14 10:36:40 | TRACE   | query_time, 0.00019419193267822266
2024-02-14 10:36:40 | TRACE   | query_time, 0.0001809336245059967
2024-02-14 10:36:40 | TRACE   | query_time, 0.00021084770560264587
2024-02-14 10:36:40 | TRACE   | query_time, 0.00022237934172153473
2024-02-14 10:36:40 | TRACE   | query_time, 0.00019676238298416138
2024-02-14 10:36:40 | TRACE   | query_time, 0.00019568391144275665
2024-02-14 10:36:40 | TRACE   | query_time, 0.0001970399171113968
2024-02-14 10:36:40 | TRACE   | query_time, 0.00019252300262451172
2024-02-14 10:36:40 | TRACE   | query_time, 0.00020179897546768188
2024-02-14 10:36:40 | TRACE   | query_time, 0.00020788423717021942
2024-02-14 10:36:40 | TRACE   | query_time, 0.00019498541951179504
2024-02-14 10:36:40 | TRACE   | query_time, 0.00019516423344612122
2024-02-14 10:36:40 | TRACE   | query_time, 0.00018089637160301208
2024-02-14 10:36:40 | TRACE   | query_time, 0.00022325105965137482
2024-02-14 10:36:40 | TRACE   | query_time, 0.0001945197582244873
2024-02-14 10:36:40 | TRACE   | query_time, 0.00022285431623458862
2024-02-14 10:36:40 | TRACE   | query_time, 0.0001971125602722168
2024-02-14 10:36:40 | TRACE   | query_time, 0.00020820088684558868
2024-02-14 10:36:40 | TRACE   | query_time, 0.00019460543990135193
2024-02-14 10:36:40 | TRACE   | query_time, 0.00019525736570358276
2024-02-14 10:36:40 | TRACE   | query_time, 0.00019516609609127045
2024-02-14 10:36:40 | TRACE   | query_time, 0.0002096034586429596
2024-02-14 10:36:40 | TRACE   | query_time, 0.00019868649542331696
2024-02-14 10:36:40 | TRACE   | query_time, 0.00019471906125545502
2024-02-14 10:36:40 | TRACE   | query_time, 0.00018370524048805237
2024-02-14 10:36:40 | TRACE   | query_time, 0.00020761974155902863
2024-02-14 10:36:40 | TRACE   | query_time, 0.0001942720264196396
2024-02-14 10:36:40 | TRACE   | query_time, 0.00017977319657802582
2024-02-14 10:36:40 | TRACE   | query_time, 0.00019249692559242249
2024-02-14 10:36:40 | TRACE   | query_time, 0.0001951996237039566
2024-02-14 10:36:40 | TRACE   | query_time, 0.0001950375735759735
2024-02-14 10:36:40 | TRACE   | query_time, 0.00019417330622673035
2024-02-14 10:36:40 | TRACE   | query_time, 0.00019226036965847015
2024-02-14 10:36:40 | TRACE   | query_time, 0.00019354000687599182
2024-02-14 10:36:40 | TRACE   | query_time, 0.00020950846374034882
2024-02-14 10:36:40 | TRACE   | query_time, 0.0001951325684785843
2024-02-14 10:36:40 | TRACE   | query_time, 0.00018649175763130188
2024-02-14 10:36:40 | TRACE   | query_time, 0.0001958794891834259
2024-02-14 10:36:40 | TRACE   | query_time, 0.00022337958216667175
2024-02-14 10:36:40 | TRACE   | query_time, 0.0001978762447834015
2024-02-14 10:36:40 | TRACE   | query_time, 0.00019574351608753204
2024-02-14 10:36:40 | TRACE   | query_time, 0.00019324012100696564
2024-02-14 10:36:40 | TRACE   | query_time, 0.00022330693900585175
2024-02-14 10:36:40 | TRACE   | query_time, 0.0001940615475177765
2024-02-14 10:36:40 | TRACE   | query_time, 0.00019495561718940735
2024-02-14 10:36:40 | TRACE   | query_time, 0.00018076226115226746
2024-02-14 10:36:40 | TRACE   | query_time, 0.0001955665647983551
2024-02-14 10:36:40 | TRACE   | query_time, 0.00022328458726406097
2024-02-14 10:36:40 | TRACE   | query_time, 0.00018293596804141998
2024-02-14 10:36:40 | TRACE   | query_time, 0.00019515305757522583
2024-02-14 10:36:40 | TRACE   | query_time, 0.00018641725182533264
2024-02-14 10:36:40 | TRACE   | query_time, 0.00019496865570545197
2024-02-14 10:36:40 | TRACE   | query_time, 0.0001962166279554367
2024-02-14 10:36:40 | TRACE   | query_time, 0.00021238811314105988
2024-02-14 10:36:40 | TRACE   | query_time, 0.0001944359391927719
2024-02-14 10:36:40 | TRACE   | query_time, 0.000195331871509552
2024-02-14 10:36:40 | TRACE   | query_time, 0.0001956559717655182
2024-02-14 10:36:40 | TRACE   | query_time, 0.0002098511904478073
2024-02-14 10:36:40 | TRACE   | query_time, 0.00019669346511363983
2024-02-14 10:36:40 | TRACE   | query_time, 0.00020828098058700562
2024-02-14 10:36:40 | TRACE   | query_time, 0.00018222443759441376
2024-02-14 10:36:40 | TRACE   | query_time, 0.0001950003206729889
2024-02-14 10:36:40 | TRACE   | query_time, 0.00022288598120212555
2024-02-14 10:36:40 | TRACE   | query_time, 0.00020909123122692108
2024-02-14 10:36:40 | TRACE   | query_time, 0.00020394288003444672
2024-02-14 10:36:40 | TRACE   | query_time, 0.0001972876489162445
2024-02-14 10:36:40 | TRACE   | query_time, 0.00018259882926940918
2024-02-14 10:36:40 | TRACE   | query_time, 0.0001964997500181198
2024-02-14 10:36:40 | TRACE   | query_time, 0.00022401846945285797
2024-02-14 10:36:40 | TRACE   | query_time, 0.000193670392036438
2024-02-14 10:36:40 | TRACE   | query_time, 0.0002103019505739212
2024-02-14 10:36:40 | TRACE   | query_time, 0.00019466876983642578
2024-02-14 10:36:40 | TRACE   | query_time, 0.0001825932413339615
2024-02-14 10:36:40 | TRACE   | query_time, 0.00019530393183231354
2024-02-14 10:36:40 | TRACE   | query_time, 0.0001952890306711197
2024-02-14 10:36:40 | TRACE   | query_time, 0.00018062442541122437
2024-02-14 10:36:40 | TRACE   | query_time, 0.00020958110690116882
2024-02-14 10:36:40 | TRACE   | query_time, 0.00019443221390247345
2024-02-14 10:36:40 | TRACE   | query_time, 0.0002019200474023819
2024-02-14 10:36:40 | TRACE   | query_time, 0.00019584596157073975
2024-02-14 10:36:40 | TRACE   | query_time, 0.00019581057131290436
2024-02-14 10:36:40 | TRACE   | query_time, 0.0001971554011106491
2024-02-14 10:36:40 | TRACE   | query_time, 0.00021046027541160583
2024-02-14 10:36:40 | TRACE   | query_time, 0.000195186585187912
2024-02-14 10:36:40 | TRACE   | query_time, 0.00020950660109519958
2024-02-14 10:36:40 | TRACE   | query_time, 0.00019617564976215363
2024-02-14 10:36:40 | TRACE   | query_time, 0.00022488273680210114
2024-02-14 10:36:40 | TRACE   | query_time, 0.00019720755517482758
2024-02-14 10:36:40 | TRACE   | query_time, 0.00018430501222610474
2024-02-14 10:36:40 | TRACE   | query_time, 0.0001993216574192047
2024-02-14 10:36:40 | TRACE   | query_time, 0.00020098872482776642
2024-02-14 10:36:40 | TRACE   | query_time, 0.00020109117031097412
2024-02-14 10:36:40 | TRACE   | query_time, 0.00019751675426959991
2024-02-14 10:36:40 | TRACE   | query_time, 0.000196969136595726
2024-02-14 10:36:40 | TRACE   | query_time, 0.0001968182623386383
2024-02-14 10:36:40 | TRACE   | query_time, 0.00019460171461105347
2024-02-14 10:36:40 | TRACE   | query_time, 0.000208389014005661
2024-02-14 10:36:40 | TRACE   | query_time, 0.00019507482647895813
2024-02-14 10:36:40 | TRACE   | query_time, 0.00019470229744911194
2024-02-14 10:36:40 | TRACE   | query_time, 0.00019540823996067047
2024-02-14 10:36:40 | TRACE   | query_time, 0.00019547156989574432
2024-02-14 10:36:40 | TRACE   | query_time, 0.00019534863531589508
2024-02-14 10:36:40 | TRACE   | query_time, 0.00018224120140075684
2024-02-14 10:36:40 | TRACE   | query_time, 0.00019526667892932892
2024-02-14 10:36:40 | TRACE   | query_time, 0.00018299557268619537
2024-02-14 10:36:40 | TRACE   | query_time, 0.0001948680728673935
2024-02-14 10:36:40 | TRACE   | query_time, 0.00019981712102890015
2024-02-14 10:36:40 | TRACE   | query_time, 0.00021954253315925598
2024-02-14 10:36:40 | TRACE   | query_time, 0.00019775144755840302
2024-02-14 10:36:40 | TRACE   | query_time, 0.00019606202840805054
2024-02-14 10:36:40 | TRACE   | query_time, 0.00019739195704460144
2024-02-14 10:36:40 | TRACE   | query_time, 0.00019549578428268433
2024-02-14 10:36:40 | TRACE   | query_time, 0.0002085566520690918
2024-02-14 10:36:40 | TRACE   | query_time, 0.00019410625100135803
2024-02-14 10:36:40 | TRACE   | query_time, 0.00021185167133808136
2024-02-14 10:36:40 | TRACE   | query_time, 0.00019578076899051666
2024-02-14 10:36:40 | TRACE   | query_time, 0.00019469112157821655
2024-02-14 10:36:40 | TRACE   | query_time, 0.00019522756338119507
2024-02-14 10:36:40 | TRACE   | query_time, 0.00020840391516685486
2024-02-14 10:36:40 | TRACE   | query_time, 0.000209856778383255
2024-02-14 10:36:40 | TRACE   | query_time, 0.0001951158046722412
2024-02-14 10:36:40 | TRACE   | query_time, 0.00019440613687038422
2024-02-14 10:36:40 | TRACE   | query_time, 0.00019732490181922913
2024-02-14 10:36:40 | TRACE   | query_time, 0.0002077631652355194
2024-02-14 10:36:40 | TRACE   | query_time, 0.00019527599215507507
2024-02-14 10:36:40 | TRACE   | query_time, 0.0002102963626384735
2024-02-14 10:36:40 | TRACE   | query_time, 0.00019670650362968445
2024-02-14 10:36:40 | TRACE   | query_time, 0.00022126361727714539
2024-02-14 10:36:40 | TRACE   | query_time, 0.00019499100744724274
2024-02-14 10:36:40 | TRACE   | query_time, 0.00022253580391407013
2024-02-14 10:36:40 | TRACE   | query_time, 0.00019716843962669373
2024-02-14 10:36:40 | TRACE   | query_time, 0.0002085268497467041
2024-02-14 10:36:40 | TRACE   | query_time, 0.00019474327564239502
2024-02-14 10:36:40 | TRACE   | query_time, 0.00020064041018486023
2024-02-14 10:36:40 | TRACE   | query_time, 0.00019467435777187347
2024-02-14 10:36:40 | TRACE   | query_time, 0.0001940615475177765
2024-02-14 10:36:40 | TRACE   | query_time, 0.00020834803581237793
2024-02-14 10:36:40 | TRACE   | query_time, 0.00019432231783866882
2024-02-14 10:36:40 | TRACE   | query_time, 0.00019504688680171967
2024-02-14 10:36:40 | TRACE   | query_time, 0.0001968834549188614
2024-02-14 10:36:40 | TRACE   | query_time, 0.0001815054565668106
2024-02-14 10:36:40 | TRACE   | query_time, 0.00019575096666812897
2024-02-14 10:36:40 | TRACE   | query_time, 0.00019522011280059814
2024-02-14 10:36:40 | TRACE   | query_time, 0.00019640102982521057
2024-02-14 10:36:40 | TRACE   | query_time, 0.00019606761634349823
2024-02-14 10:36:40 | TRACE   | query_time, 0.00019368715584278107
2024-02-14 10:36:40 | TRACE   | query_time, 0.00019570626318454742
2024-02-14 10:36:40 | TRACE   | query_time, 0.00021497532725334167
2024-02-14 10:36:40 | TRACE   | query_time, 0.00020836852490901947
2024-02-14 10:36:40 | TRACE   | query_time, 0.00018148310482501984
2024-02-14 10:36:40 | TRACE   | query_time, 0.0001962650567293167
2024-02-14 10:36:40 | TRACE   | query_time, 0.00019514374434947968
2024-02-14 10:36:40 | TRACE   | query_time, 0.0001947358250617981
2024-02-14 10:36:40 | TRACE   | query_time, 0.00019575469195842743
2024-02-14 10:36:40 | TRACE   | query_time, 0.00019711069762706757
2024-02-14 10:36:40 | TRACE   | query_time, 0.00021142326295375824
2024-02-14 10:36:40 | TRACE   | query_time, 0.00019556842744350433
2024-02-14 10:36:40 | TRACE   | query_time, 0.00019473209977149963
2024-02-14 10:36:40 | TRACE   | query_time, 0.00018262863159179688
2024-02-14 10:36:40 | TRACE   | query_time, 0.00021124817430973053
2024-02-14 10:36:40 | TRACE   | query_time, 0.0001955237239599228
2024-02-14 10:36:40 | TRACE   | query_time, 0.00021574459969997406
2024-02-14 10:36:40 | TRACE   | query_time, 0.00019584782421588898
2024-02-14 10:36:40 | TRACE   | query_time, 0.00019437819719314575
2024-02-14 10:36:40 | TRACE   | query_time, 0.0001957714557647705
2024-02-14 10:36:40 | TRACE   | query_time, 0.00022505596280097961
2024-02-14 10:36:40 | TRACE   | query_time, 0.00018089637160301208
2024-02-14 10:36:40 | TRACE   | query_time, 0.00019578076899051666
2024-02-14 10:36:40 | TRACE   | query_time, 0.00022324733436107635
2024-02-14 10:36:40 | TRACE   | query_time, 0.00019452348351478577
2024-02-14 10:36:40 | TRACE   | query_time, 0.00022285059094429016
2024-02-14 10:36:40 | TRACE   | query_time, 0.00019469670951366425
2024-02-14 10:36:40 | TRACE   | query_time, 0.00019635073840618134
2024-02-14 10:36:40 | TRACE   | query_time, 0.00019450858235359192
2024-02-14 10:36:40 | TRACE   | query_time, 0.0001937076449394226
2024-02-14 10:36:40 | TRACE   | query_time, 0.00021484866738319397
2024-02-14 10:36:40 | TRACE   | query_time, 0.00019561313092708588
2024-02-14 10:36:40 | TRACE   | query_time, 0.00018232129514217377
2024-02-14 10:36:40 | TRACE   | query_time, 0.0002077203243970871
2024-02-14 10:36:40 | TRACE   | query_time, 0.00019585154950618744
2024-02-14 10:36:40 | TRACE   | query_time, 0.00019627250730991364
2024-02-14 10:36:40 | TRACE   | query_time, 0.00019660219550132751
2024-02-14 10:36:40 | TRACE   | query_time, 0.00020935013890266418
2024-02-14 10:36:40 | TRACE   | query_time, 0.00019323080778121948
2024-02-14 10:36:40 | TRACE   | query_time, 0.00019841082394123077
2024-02-14 10:36:40 | TRACE   | query_time, 0.0007903557270765305
2024-02-14 10:36:40 | TRACE   | query_time, 0.0007864870131015778
2024-02-14 10:36:40 | TRACE   | query_time, 0.0006727520376443863
2024-02-14 10:36:40 | TRACE   | query_time, 0.0006932076066732407
2024-02-14 10:36:40 | TRACE   | query_time, 0.0007106438279151917
2024-02-14 10:36:40 | TRACE   | query_time, 0.0006766971200704575
2024-02-14 10:36:40 | TRACE   | query_time, 0.000688040629029274
2024-02-14 10:36:40 | TRACE   | query_time, 0.0006991848349571228
2024-02-14 10:36:40 | TRACE   | query_time, 0.0006991550326347351
2024-02-14 10:36:40 | TRACE   | query_time, 0.0006742514669895172
2024-02-14 10:36:40 | TRACE   | query_time, 0.0006865449249744415
2024-02-14 10:36:40 | TRACE   | query_time, 0.0006828717887401581
2024-02-14 10:36:40 | TRACE   | query_time, 0.0007182657718658447
2024-02-14 10:36:40 | TRACE   | query_time, 0.0006758440285921097
2024-02-14 10:36:40 | TRACE   | query_time, 0.0006935019046068192
2024-02-14 10:36:40 | TRACE   | query_time, 0.0006675887852907181
2024-02-14 10:36:40 | TRACE   | query_time, 0.0007038488984107971
2024-02-14 10:36:40 | TRACE   | query_time, 0.0006776265799999237
2024-02-14 10:36:40 | TRACE   | query_time, 0.0006841663271188736
2024-02-14 10:36:40 | TRACE   | query_time, 0.0006938483566045761
2024-02-14 10:36:40 | TRACE   | query_time, 0.0006690230220556259
2024-02-14 10:36:40 | TRACE   | query_time, 0.0006874781101942062
2024-02-14 10:36:40 | TRACE   | query_time, 0.0006454400718212128
2024-02-14 10:36:40 | TRACE   | query_time, 0.0006876196712255478
2024-02-14 10:36:40 | TRACE   | query_time, 0.000667160376906395
2024-02-14 10:36:40 | TRACE   | query_time, 0.0006660185754299164
2024-02-14 10:36:40 | TRACE   | query_time, 0.0006876233965158463
2024-02-14 10:36:40 | TRACE   | query_time, 0.0006918199360370636
2024-02-14 10:36:40 | TRACE   | query_time, 0.0006557106971740723
2024-02-14 10:36:40 | TRACE   | query_time, 0.0006333570927381516
2024-02-14 10:36:40 | TRACE   | query_time, 0.0006288960576057434
2024-02-14 10:36:40 | TRACE   | query_time, 0.0006750859320163727
2024-02-14 10:36:40 | TRACE   | query_time, 0.0006607081741094589
2024-02-14 10:36:40 | TRACE   | query_time, 0.0007172096520662308
2024-02-14 10:36:40 | TRACE   | query_time, 0.0006799325346946716
2024-02-14 10:36:40 | TRACE   | query_time, 0.0006250850856304169
2024-02-14 10:36:40 | TRACE   | query_time, 0.0006786640733480453
2024-02-14 10:36:40 | TRACE   | query_time, 0.0006821230053901672
2024-02-14 10:36:40 | TRACE   | query_time, 0.0006534084677696228
2024-02-14 10:36:40 | TRACE   | query_time, 0.0006978418678045273
2024-02-14 10:36:40 | TRACE   | query_time, 0.0006848033517599106
2024-02-14 10:36:40 | TRACE   | query_time, 0.000643191859126091
2024-02-14 10:36:40 | TRACE   | query_time, 0.0006698388606309891
2024-02-14 10:36:40 | TRACE   | query_time, 0.0006714276969432831
2024-02-14 10:36:40 | TRACE   | query_time, 0.0006637927144765854
2024-02-14 10:36:40 | TRACE   | query_time, 0.0006938539445400238
2024-02-14 10:36:40 | TRACE   | query_time, 0.0006817281246185303
2024-02-14 10:36:40 | TRACE   | query_time, 0.0006551686674356461
2024-02-14 10:36:40 | TRACE   | query_time, 0.0006714407354593277
2024-02-14 10:36:40 | TRACE   | query_time, 0.0006719119846820831
2024-02-14 10:36:40 | TRACE   | query_time, 0.0006675124168395996
2024-02-14 10:36:40 | TRACE   | query_time, 0.0006641782820224762
2024-02-14 10:36:40 | TRACE   | query_time, 0.0006522312760353088
2024-02-14 10:36:40 | TRACE   | query_time, 0.0007001776248216629
2024-02-14 10:36:40 | TRACE   | query_time, 0.0006742440164089203
2024-02-14 10:36:40 | TRACE   | query_time, 0.0006310492753982544
2024-02-14 10:36:40 | TRACE   | query_time, 0.0006662998348474503
2024-02-14 10:36:40 | TRACE   | query_time, 0.0006839912384748459
2024-02-14 10:36:40 | TRACE   | query_time, 0.0006879828870296478
2024-02-14 10:36:40 | TRACE   | query_time, 0.000658765435218811
2024-02-14 10:36:40 | TRACE   | query_time, 0.0006825383752584457
2024-02-14 10:36:40 | TRACE   | query_time, 0.0006880313158035278
2024-02-14 10:36:40 | TRACE   | query_time, 0.0007620416581630707
2024-02-14 10:36:40 | TRACE   | query_time, 0.0006919354200363159
2024-02-14 10:36:40 | TRACE   | query_time, 0.0007497221231460571
2024-02-14 10:36:40 | TRACE   | query_time, 0.0007645729929208755
2024-02-14 10:36:40 | TRACE   | query_time, 0.0006927754729986191
2024-02-14 10:36:40 | TRACE   | query_time, 0.0006274748593568802
2024-02-14 10:36:40 | TRACE   | query_time, 0.0006753206253051758
2024-02-14 10:36:40 | TRACE   | query_time, 0.0006693731993436813
2024-02-14 10:36:40 | TRACE   | query_time, 0.0006708856672048569
2024-02-14 10:36:40 | TRACE   | query_time, 0.0006759483367204666
2024-02-14 10:36:40 | TRACE   | query_time, 0.0006637424230575562
2024-02-14 10:36:40 | TRACE   | query_time, 0.0006803665310144424
2024-02-14 10:36:40 | TRACE   | query_time, 0.0006614979356527328
2024-02-14 10:36:40 | TRACE   | query_time, 0.0006667952984571457
2024-02-14 10:36:40 | TRACE   | query_time, 0.0006749797612428665
2024-02-14 10:36:40 | TRACE   | query_time, 0.0006789118051528931
2024-02-14 10:36:40 | TRACE   | query_time, 0.0006844419986009598
2024-02-14 10:36:40 | TRACE   | query_time, 0.0006702877581119537
2024-02-14 10:36:40 | TRACE   | query_time, 0.0006653089076280594
2024-02-14 10:36:40 | TRACE   | query_time, 0.0006971061229705811
2024-02-14 10:36:40 | TRACE   | query_time, 0.0007568318396806717
2024-02-14 10:36:40 | TRACE   | query_time, 0.0007182937115430832
2024-02-14 10:36:40 | TRACE   | query_time, 0.000693686306476593
2024-02-14 10:36:40 | TRACE   | query_time, 0.000628964975476265
2024-02-14 10:36:40 | TRACE   | query_time, 0.0006669238209724426
2024-02-14 10:36:40 | TRACE   | query_time, 0.0006882417947053909
2024-02-14 10:36:40 | TRACE   | query_time, 0.0006602481007575989
2024-02-14 10:36:40 | TRACE   | query_time, 0.0006326790899038315
2024-02-14 10:36:40 | TRACE   | query_time, 0.0006833765655755997
2024-02-14 10:36:40 | TRACE   | query_time, 0.0006889663636684418
2024-02-14 10:36:40 | TRACE   | query_time, 0.0006825551390647888
2024-02-14 10:36:40 | TRACE   | query_time, 0.0006887782365083694
2024-02-14 10:36:40 | TRACE   | query_time, 0.0007669329643249512
2024-02-14 10:36:40 | TRACE   | query_time, 0.000690411776304245
2024-02-14 10:36:40 | TRACE   | query_time, 0.000744212418794632
2024-02-14 10:36:40 | TRACE   | query_time, 0.0006874129176139832
2024-02-14 10:36:40 | TRACE   | query_time, 0.0006299950182437897
2024-02-14 10:36:40 | TRACE   | query_time, 0.0006250739097595215
2024-02-14 10:36:40 | TRACE   | query_time, 0.0006721355020999908
2024-02-14 10:36:40 | TRACE   | query_time, 0.0006425231695175171
2024-02-14 10:36:40 | TRACE   | query_time, 0.0006318222731351852
2024-02-14 10:36:40 | TRACE   | query_time, 0.0006720572710037231
2024-02-14 10:36:40 | TRACE   | query_time, 0.0006693582981824875
2024-02-14 10:36:40 | TRACE   | query_time, 0.0006389319896697998
2024-02-14 10:36:40 | TRACE   | query_time, 0.0006899535655975342
2024-02-14 10:36:40 | TRACE   | query_time, 0.0006814915686845779
2024-02-14 10:36:40 | TRACE   | query_time, 0.0006753206253051758
2024-02-14 10:36:40 | TRACE   | query_time, 0.000680580735206604
2024-02-14 10:36:40 | TRACE   | query_time, 0.000683121383190155
2024-02-14 10:36:40 | TRACE   | query_time, 0.0007452238351106644
2024-02-14 10:36:40 | TRACE   | query_time, 0.0007465202361345291
2024-02-14 10:36:40 | TRACE   | query_time, 0.0006631463766098022
2024-02-14 10:36:40 | TRACE   | query_time, 0.0006674658507108688
2024-02-14 10:36:40 | TRACE   | query_time, 0.0006913505494594574
2024-02-14 10:36:40 | TRACE   | query_time, 0.0006777122616767883
2024-02-14 10:36:40 | TRACE   | query_time, 0.0006667394191026688
2024-02-14 10:36:40 | TRACE   | query_time, 0.0006292127072811127
2024-02-14 10:36:40 | TRACE   | query_time, 0.0006522610783576965
2024-02-14 10:36:40 | TRACE   | query_time, 0.0006566513329744339
2024-02-14 10:36:40 | TRACE   | query_time, 0.000744946300983429
2024-02-14 10:36:40 | TRACE   | query_time, 0.0006712190806865692
2024-02-14 10:36:40 | TRACE   | query_time, 0.0006853621453046799
2024-02-14 10:36:40 | TRACE   | query_time, 0.000664103776216507
2024-02-14 10:36:40 | TRACE   | query_time, 0.0007127542048692703
2024-02-14 10:36:40 | TRACE   | query_time, 0.0007139798253774643
2024-02-14 10:36:40 | TRACE   | query_time, 0.0007338300347328186
2024-02-14 10:36:40 | TRACE   | query_time, 0.0006964448839426041
2024-02-14 10:36:40 | TRACE   | query_time, 0.0007299035787582397
2024-02-14 10:36:40 | TRACE   | query_time, 0.0007001794874668121
2024-02-14 10:36:40 | TRACE   | query_time, 0.0007438547909259796
2024-02-14 10:36:40 | TRACE   | query_time, 0.000743567943572998
2024-02-14 10:36:40 | TRACE   | query_time, 0.000745043158531189
2024-02-14 10:36:40 | TRACE   | query_time, 0.0008074883371591568
2024-02-14 10:36:40 | TRACE   | query_time, 0.0007706247270107269
2024-02-14 10:36:40 | TRACE   | query_time, 0.0007029827684164047
2024-02-14 10:36:40 | TRACE   | query_time, 0.0007468461990356445
2024-02-14 10:36:40 | TRACE   | query_time, 0.0006961748003959656
2024-02-14 10:36:40 | TRACE   | query_time, 0.000720711424946785
2024-02-14 10:36:40 | TRACE   | query_time, 0.0007457993924617767
2024-02-14 10:36:40 | TRACE   | query_time, 0.0007242001593112946
2024-02-14 10:36:40 | TRACE   | query_time, 0.0007173474878072739
2024-02-14 10:36:40 | TRACE   | query_time, 0.0007472392171621323
2024-02-14 10:36:40 | TRACE   | query_time, 0.0007415711879730225
2024-02-14 10:36:40 | TRACE   | query_time, 0.0007054675370454788
2024-02-14 10:36:40 | TRACE   | query_time, 0.0007191039621829987
2024-02-14 10:36:40 | TRACE   | query_time, 0.0007494036108255386
2024-02-14 10:36:40 | TRACE   | query_time, 0.0007201731204986572
2024-02-14 10:36:40 | TRACE   | query_time, 0.0007903333753347397
2024-02-14 10:36:40 | TRACE   | query_time, 0.0007988978177309036
2024-02-14 10:36:40 | TRACE   | query_time, 0.0007545873522758484
2024-02-14 10:36:40 | TRACE   | query_time, 0.0006926469504833221
2024-02-14 10:36:40 | TRACE   | query_time, 0.0006937477737665176
2024-02-14 10:36:40 | TRACE   | query_time, 0.0007457584142684937
2024-02-14 10:36:40 | TRACE   | query_time, 0.0007365252822637558
2024-02-14 10:36:40 | TRACE   | query_time, 0.0007360950112342834
2024-02-14 10:36:40 | TRACE   | query_time, 0.0007815826684236526
2024-02-14 10:36:40 | TRACE   | query_time, 0.0007675215601921082
2024-02-14 10:36:40 | TRACE   | query_time, 0.0007935911417007446
2024-02-14 10:36:40 | TRACE   | query_time, 0.0007201246917247772
2024-02-14 10:36:40 | TRACE   | query_time, 0.0007200241088867188
2024-02-14 10:36:40 | TRACE   | query_time, 0.0007315035909414291
2024-02-14 10:36:40 | TRACE   | query_time, 0.0007478836923837662
2024-02-14 10:36:40 | TRACE   | query_time, 0.0007247589528560638
2024-02-14 10:36:40 | TRACE   | query_time, 0.000735212117433548
2024-02-14 10:36:40 | TRACE   | query_time, 0.0007402058690786362
2024-02-14 10:36:40 | TRACE   | query_time, 0.0007210336625576019
2024-02-14 10:36:40 | TRACE   | query_time, 0.0007329750806093216
2024-02-14 10:36:40 | TRACE   | query_time, 0.0007887464016675949
2024-02-14 10:36:40 | TRACE   | query_time, 0.0007321089506149292
2024-02-14 10:36:40 | TRACE   | query_time, 0.0007414277642965317
2024-02-14 10:36:40 | TRACE   | query_time, 0.0007044654339551926
2024-02-14 10:36:40 | TRACE   | query_time, 0.0007406584918498993
2024-02-14 10:36:40 | TRACE   | query_time, 0.0006975438445806503
2024-02-14 10:36:40 | TRACE   | query_time, 0.0007218793034553528
2024-02-14 10:36:40 | TRACE   | query_time, 0.0006959028542041779
2024-02-14 10:36:40 | TRACE   | query_time, 0.0007376000285148621
2024-02-14 10:36:40 | TRACE   | query_time, 0.0007746480405330658
2024-02-14 10:36:40 | TRACE   | query_time, 0.0007398240268230438
2024-02-14 10:36:40 | TRACE   | query_time, 0.0007230732589960098
2024-02-14 10:36:40 | TRACE   | query_time, 0.0007153507322072983
2024-02-14 10:36:40 | TRACE   | query_time, 0.0007249414920806885
2024-02-14 10:36:40 | TRACE   | query_time, 0.0007334128022193909
2024-02-14 10:36:40 | TRACE   | query_time, 0.0007483512163162231
2024-02-14 10:36:40 | TRACE   | query_time, 0.0007092561572790146
2024-02-14 10:36:40 | TRACE   | query_time, 0.0007410086691379547
2024-02-14 10:36:40 | TRACE   | query_time, 0.0007348954677581787
2024-02-14 10:36:40 | TRACE   | query_time, 0.0007304567843675613
2024-02-14 10:36:40 | TRACE   | query_time, 0.0007319767028093338
2024-02-14 10:36:40 | TRACE   | query_time, 0.0007252506911754608
2024-02-14 10:36:40 | TRACE   | query_time, 0.0006956532597541809
2024-02-14 10:36:40 | TRACE   | query_time, 0.0007270630449056625
2024-02-14 10:36:40 | TRACE   | query_time, 0.0007054470479488373
2024-02-14 10:36:40 | TRACE   | query_time, 0.0007469914853572845
2024-02-14 10:36:40 | TRACE   | query_time, 0.0007278677076101303
2024-02-14 10:36:40 | TRACE   | query_time, 0.0007266364991664886
2024-02-14 10:36:40 | TRACE   | query_time, 0.0007088575512170792
2024-02-14 10:36:40 | TRACE   | query_time, 0.0007234308868646622
2024-02-14 10:36:40 | TRACE   | query_time, 0.000737043097615242
2024-02-14 10:36:40 | TRACE   | query_time, 0.0007841065526008606
2024-02-14 10:36:40 | TRACE   | query_time, 0.0007446762174367905
2024-02-14 10:36:40 | TRACE   | query_time, 0.0007541626691818237
2024-02-14 10:36:40 | TRACE   | query_time, 0.0007401201874017715
2024-02-14 10:36:40 | TRACE   | query_time, 0.000747213140130043
2024-02-14 10:36:40 | TRACE   | query_time, 0.0007259678095579147
2024-02-14 10:36:40 | TRACE   | query_time, 0.0007310248911380768
2024-02-14 10:36:40 | TRACE   | query_time, 0.0007413905113935471
2024-02-14 10:36:40 | TRACE   | query_time, 0.0007267743349075317
2024-02-14 10:36:40 | TRACE   | query_time, 0.0007880926132202148
2024-02-14 10:36:40 | TRACE   | query_time, 0.0007390771061182022
2024-02-14 10:36:40 | TRACE   | query_time, 0.0007117446511983871
2024-02-14 10:36:40 | TRACE   | query_time, 0.0010158158838748932
2024-02-14 10:36:40 | TRACE   | query_time, 0.0007141120731830597
2024-02-14 10:36:40 | TRACE   | query_time, 0.0007309354841709137
2024-02-14 10:36:40 | TRACE   | query_time, 0.0006917789578437805
2024-02-14 10:36:40 | TRACE   | query_time, 0.0006886236369609833
2024-02-14 10:36:40 | TRACE   | query_time, 0.0007425397634506226
2024-02-14 10:36:40 | TRACE   | query_time, 0.0007484592497348785
2024-02-14 10:36:40 | TRACE   | query_time, 0.0008007120341062546
2024-02-14 10:36:40 | TRACE   | query_time, 0.0007310621440410614
2024-02-14 10:36:40 | TRACE   | query_time, 0.0007238518446683884
2024-02-14 10:36:40 | TRACE   | query_time, 0.0007187444716691971
2024-02-14 10:36:40 | TRACE   | query_time, 0.0007365811616182327
2024-02-14 10:36:40 | TRACE   | query_time, 0.0007243622094392776
2024-02-14 10:36:40 | TRACE   | query_time, 0.0007926523685455322
2024-02-14 10:36:40 | TRACE   | query_time, 0.0007956456393003464
2024-02-14 10:36:40 | TRACE   | query_time, 0.000715944916009903
2024-02-14 10:36:40 | TRACE   | query_time, 0.0007328800857067108
2024-02-14 10:36:40 | TRACE   | query_time, 0.0006948430091142654
2024-02-14 10:36:40 | TRACE   | query_time, 0.0007459502667188644
2024-02-14 10:36:40 | TRACE   | query_time, 0.0007044542580842972
2024-02-14 10:36:40 | TRACE   | query_time, 0.0007355082780122757
2024-02-14 10:36:40 | TRACE   | query_time, 0.0007261596620082855
2024-02-14 10:36:40 | TRACE   | query_time, 0.000721486285328865
2024-02-14 10:36:40 | TRACE   | query_time, 0.0007223784923553467
2024-02-14 10:36:40 | TRACE   | query_time, 0.0006958842277526855
2024-02-14 10:36:40 | TRACE   | query_time, 0.0007507558912038803
2024-02-14 10:36:40 | TRACE   | query_time, 0.0007163882255554199
2024-02-14 10:36:40 | TRACE   | query_time, 0.0007370226085186005
2024-02-14 10:36:40 | TRACE   | query_time, 0.00076323002576828
2024-02-14 10:36:40 | TRACE   | query_time, 0.0007115621119737625
2024-02-14 10:36:40 | TRACE   | query_time, 0.0007438473403453827
2024-02-14 10:36:40 | TRACE   | query_time, 0.0006944369524717331
2024-02-14 10:36:40 | TRACE   | query_time, 0.0007236655801534653
2024-02-14 10:36:40 | TRACE   | query_time, 0.0007249936461448669
2024-02-14 10:36:40 | TRACE   | query_time, 0.0007232576608657837
2024-02-14 10:36:40 | TRACE   | query_time, 0.000694718211889267
2024-02-14 10:36:40 | TRACE   | query_time, 0.0007136035710573196
2024-02-14 10:36:40 | TRACE   | query_time, 0.0007391385734081268
2024-02-14 10:36:40 | TRACE   | query_time, 0.0007295720279216766
2024-02-14 10:36:40 | TRACE   | query_time, 0.0007412321865558624
2024-02-14 10:36:40 | TRACE   | query_time, 0.0007181894034147263
2024-02-14 10:36:40 | TRACE   | query_time, 0.0007257387042045593
2024-02-14 10:36:40 | TRACE   | query_time, 0.000739607959985733
2024-02-14 10:36:40 | TRACE   | query_time, 0.0007024556398391724
2024-02-14 10:36:40 | TRACE   | query_time, 0.0007298439741134644
