2024-02-14 10:41:33 | DEBUG   | {'input': PosixPath('data/open_data_usa/indices/microbenchmarks/rebinning-k150.zst'), 'input_type': 'index', 'queries': PosixPath('data/open_data_usa/queries/microbenchmarks.zst'), 'estimation_mode': None, 'index_mode': 'recall', 'output': None, 'workers': None, 'frequency_hists': False, 'suppress_results': False, 'log_level': 'INFO', 'log_file': PosixPath('logs/microbenchmarks/runtime/open_data_usa-rebinning-k150-single-5.log')}
2024-02-14 10:41:33 | DEBUG   | Loading input data from data/open_data_usa/indices/microbenchmarks/rebinning-k150.zst
2024-02-14 10:41:33 | DEBUG   | Loading queries from data/open_data_usa/queries/microbenchmarks.zst
2024-02-14 10:41:33 | TRACE   | bootstrap_time, 0.34174332208931446
2024-02-14 10:41:33 | DEBUG   | Starting execution
2024-02-14 10:41:33 | TRACE   | query_time, 0.0007645227015018463
2024-02-14 10:41:33 | TRACE   | query_time, 0.0004716571420431137
2024-02-14 10:41:33 | TRACE   | query_time, 0.000453755259513855
2024-02-14 10:41:33 | TRACE   | query_time, 0.00046261586248874664
2024-02-14 10:41:33 | TRACE   | query_time, 0.00044595077633857727
2024-02-14 10:41:33 | TRACE   | query_time, 0.00044350139796733856
2024-02-14 10:41:33 | TRACE   | query_time, 0.0005694795399904251
2024-02-14 10:41:33 | TRACE   | query_time, 0.00045061297714710236
2024-02-14 10:41:33 | TRACE   | query_time, 0.0004390273243188858
2024-02-14 10:41:33 | TRACE   | query_time, 0.00047576241195201874
2024-02-14 10:41:33 | TRACE   | query_time, 0.00045137107372283936
2024-02-14 10:41:33 | TRACE   | query_time, 0.0004522223025560379
2024-02-14 10:41:33 | TRACE   | query_time, 0.00044306740164756775
2024-02-14 10:41:33 | TRACE   | query_time, 0.00048126839101314545
2024-02-14 10:41:33 | TRACE   | query_time, 0.00048564933240413666
2024-02-14 10:41:33 | TRACE   | query_time, 0.00047233328223228455
2024-02-14 10:41:33 | TRACE   | query_time, 0.0004719216376543045
2024-02-14 10:41:33 | TRACE   | query_time, 0.0004672035574913025
2024-02-14 10:41:33 | TRACE   | query_time, 0.0004649907350540161
2024-02-14 10:41:33 | TRACE   | query_time, 0.0004741344600915909
2024-02-14 10:41:33 | TRACE   | query_time, 0.0005302634090185165
2024-02-14 10:41:33 | TRACE   | query_time, 0.00047148391604423523
2024-02-14 10:41:33 | TRACE   | query_time, 0.0004789251834154129
2024-02-14 10:41:33 | TRACE   | query_time, 0.0004626903682947159
2024-02-14 10:41:33 | TRACE   | query_time, 0.0004885401576757431
2024-02-14 10:41:33 | TRACE   | query_time, 0.00047384947538375854
2024-02-14 10:41:33 | TRACE   | query_time, 0.00046562403440475464
2024-02-14 10:41:33 | TRACE   | query_time, 0.0005113128572702408
2024-02-14 10:41:33 | TRACE   | query_time, 0.0004854835569858551
2024-02-14 10:41:33 | TRACE   | query_time, 0.00047055259346961975
2024-02-14 10:41:33 | TRACE   | query_time, 0.0005562212318181992
2024-02-14 10:41:33 | TRACE   | query_time, 0.0004727449268102646
2024-02-14 10:41:33 | TRACE   | query_time, 0.00048250146210193634
2024-02-14 10:41:33 | TRACE   | query_time, 0.000454585999250412
2024-02-14 10:41:33 | TRACE   | query_time, 0.00048528052866458893
2024-02-14 10:41:33 | TRACE   | query_time, 0.00047021545469760895
2024-02-14 10:41:33 | TRACE   | query_time, 0.0004557650536298752
2024-02-14 10:41:33 | TRACE   | query_time, 0.0006022658199071884
2024-02-14 10:41:33 | TRACE   | query_time, 0.00048168934881687164
2024-02-14 10:41:33 | TRACE   | query_time, 0.0005306582897901535
2024-02-14 10:41:33 | TRACE   | query_time, 0.00046178512275218964
2024-02-14 10:41:33 | TRACE   | query_time, 0.0005304440855979919
2024-02-14 10:41:33 | TRACE   | query_time, 0.0004766974598169327
2024-02-14 10:41:33 | TRACE   | query_time, 0.0005168356001377106
2024-02-14 10:41:33 | TRACE   | query_time, 0.0005016811192035675
2024-02-14 10:41:33 | TRACE   | query_time, 0.0004698876291513443
2024-02-14 10:41:33 | TRACE   | query_time, 0.0004713963717222214
2024-02-14 10:41:33 | TRACE   | query_time, 0.000494685024023056
2024-02-14 10:41:33 | TRACE   | query_time, 0.00047714076936244965
2024-02-14 10:41:33 | TRACE   | query_time, 0.0004687458276748657
2024-02-14 10:41:33 | TRACE   | query_time, 0.0006052199751138687
2024-02-14 10:41:33 | TRACE   | query_time, 0.0004778541624546051
2024-02-14 10:41:33 | TRACE   | query_time, 0.0005830004811286926
2024-02-14 10:41:33 | TRACE   | query_time, 0.00047967955470085144
2024-02-14 10:41:33 | TRACE   | query_time, 0.0004633702337741852
2024-02-14 10:41:33 | TRACE   | query_time, 0.0005312040448188782
2024-02-14 10:41:33 | TRACE   | query_time, 0.00047312863171100616
2024-02-14 10:41:33 | TRACE   | query_time, 0.00046955421566963196
2024-02-14 10:41:33 | TRACE   | query_time, 0.00047642551362514496
2024-02-14 10:41:33 | TRACE   | query_time, 0.0005696117877960205
2024-02-14 10:41:33 | TRACE   | query_time, 0.0004934351891279221
2024-02-14 10:41:33 | TRACE   | query_time, 0.0004842206835746765
2024-02-14 10:41:33 | TRACE   | query_time, 0.0006149895489215851
2024-02-14 10:41:33 | TRACE   | query_time, 0.0004810243844985962
2024-02-14 10:41:33 | TRACE   | query_time, 0.0004803743213415146
2024-02-14 10:41:33 | TRACE   | query_time, 0.0004805121570825577
2024-02-14 10:41:33 | TRACE   | query_time, 0.0004779249429702759
2024-02-14 10:41:33 | TRACE   | query_time, 0.00045659951865673065
2024-02-14 10:41:33 | TRACE   | query_time, 0.00048049725592136383
2024-02-14 10:41:33 | TRACE   | query_time, 0.0004673674702644348
2024-02-14 10:41:33 | TRACE   | query_time, 0.0004577822983264923
2024-02-14 10:41:33 | TRACE   | query_time, 0.00047712214291095734
2024-02-14 10:41:33 | TRACE   | query_time, 0.0004805326461791992
2024-02-14 10:41:33 | TRACE   | query_time, 0.00046883709728717804
2024-02-14 10:41:33 | TRACE   | query_time, 0.0005218088626861572
2024-02-14 10:41:33 | TRACE   | query_time, 0.00047053955495357513
2024-02-14 10:41:33 | TRACE   | query_time, 0.00047173723578453064
2024-02-14 10:41:33 | TRACE   | query_time, 0.000453311949968338
2024-02-14 10:41:33 | TRACE   | query_time, 0.00048125721514225006
2024-02-14 10:41:33 | TRACE   | query_time, 0.0004641767591238022
2024-02-14 10:41:33 | TRACE   | query_time, 0.0004565678536891937
2024-02-14 10:41:33 | TRACE   | query_time, 0.00046858377754688263
2024-02-14 10:41:33 | TRACE   | query_time, 0.0004711933434009552
2024-02-14 10:41:33 | TRACE   | query_time, 0.0005592964589595795
2024-02-14 10:41:33 | TRACE   | query_time, 0.0004568137228488922
2024-02-14 10:41:33 | TRACE   | query_time, 0.0005004927515983582
2024-02-14 10:41:33 | TRACE   | query_time, 0.0004751160740852356
2024-02-14 10:41:33 | TRACE   | query_time, 0.0004607122391462326
2024-02-14 10:41:33 | TRACE   | query_time, 0.0004694536328315735
2024-02-14 10:41:33 | TRACE   | query_time, 0.0004608500748872757
2024-02-14 10:41:33 | TRACE   | query_time, 0.0005583725869655609
2024-02-14 10:41:33 | TRACE   | query_time, 0.0004738159477710724
2024-02-14 10:41:33 | TRACE   | query_time, 0.0004742033779621124
2024-02-14 10:41:33 | TRACE   | query_time, 0.00046942010521888733
2024-02-14 10:41:33 | TRACE   | query_time, 0.00046586431562900543
2024-02-14 10:41:33 | TRACE   | query_time, 0.0004739779978990555
2024-02-14 10:41:33 | TRACE   | query_time, 0.0004671085625886917
2024-02-14 10:41:33 | TRACE   | query_time, 0.000451626256108284
2024-02-14 10:41:33 | TRACE   | query_time, 0.00047688931226730347
2024-02-14 10:41:33 | TRACE   | query_time, 0.0004696641117334366
2024-02-14 10:41:33 | TRACE   | query_time, 0.0005887635052204132
2024-02-14 10:41:33 | TRACE   | query_time, 0.000497797504067421
2024-02-14 10:41:33 | TRACE   | query_time, 0.0004744250327348709
2024-02-14 10:41:33 | TRACE   | query_time, 0.00046706385910511017
2024-02-14 10:41:33 | TRACE   | query_time, 0.0004585515707731247
2024-02-14 10:41:33 | TRACE   | query_time, 0.00047313421964645386
2024-02-14 10:41:33 | TRACE   | query_time, 0.0004747062921524048
2024-02-14 10:41:33 | TRACE   | query_time, 0.00045959651470184326
2024-02-14 10:41:33 | TRACE   | query_time, 0.0004753563553094864
2024-02-14 10:41:33 | TRACE   | query_time, 0.00046454742550849915
2024-02-14 10:41:33 | TRACE   | query_time, 0.00045445188879966736
2024-02-14 10:41:33 | TRACE   | query_time, 0.00046628713607788086
2024-02-14 10:41:33 | TRACE   | query_time, 0.0005824211984872818
2024-02-14 10:41:33 | TRACE   | query_time, 0.0004739128053188324
2024-02-14 10:41:33 | TRACE   | query_time, 0.0004672873765230179
2024-02-14 10:41:33 | TRACE   | query_time, 0.0005305837839841843
2024-02-14 10:41:33 | TRACE   | query_time, 0.0005959551781415939
2024-02-14 10:41:33 | TRACE   | query_time, 0.00045670196413993835
2024-02-14 10:41:33 | TRACE   | query_time, 0.0004793461412191391
2024-02-14 10:41:33 | TRACE   | query_time, 0.0005873367190361023
2024-02-14 10:41:33 | TRACE   | query_time, 0.0004758760333061218
2024-02-14 10:41:33 | TRACE   | query_time, 0.0004527401179075241
2024-02-14 10:41:33 | TRACE   | query_time, 0.0005074292421340942
2024-02-14 10:41:33 | TRACE   | query_time, 0.00046862103044986725
2024-02-14 10:41:33 | TRACE   | query_time, 0.00045697949826717377
2024-02-14 10:41:33 | TRACE   | query_time, 0.0004744306206703186
2024-02-14 10:41:33 | TRACE   | query_time, 0.0004701465368270874
2024-02-14 10:41:33 | TRACE   | query_time, 0.0004562400281429291
2024-02-14 10:41:33 | TRACE   | query_time, 0.0004719346761703491
2024-02-14 10:41:33 | TRACE   | query_time, 0.0004969462752342224
2024-02-14 10:41:33 | TRACE   | query_time, 0.0004713572561740875
2024-02-14 10:41:33 | TRACE   | query_time, 0.00044885650277137756
2024-02-14 10:41:33 | TRACE   | query_time, 0.00048101507127285004
2024-02-14 10:41:33 | TRACE   | query_time, 0.00046123750507831573
2024-02-14 10:41:33 | TRACE   | query_time, 0.00045806169509887695
2024-02-14 10:41:33 | TRACE   | query_time, 0.0005700085312128067
2024-02-14 10:41:33 | TRACE   | query_time, 0.00048306770622730255
2024-02-14 10:41:33 | TRACE   | query_time, 0.00046274811029434204
2024-02-14 10:41:33 | TRACE   | query_time, 0.0004739314317703247
2024-02-14 10:41:33 | TRACE   | query_time, 0.0005276445299386978
2024-02-14 10:41:33 | TRACE   | query_time, 0.0004765000194311142
2024-02-14 10:41:33 | TRACE   | query_time, 0.0004530046135187149
2024-02-14 10:41:33 | TRACE   | query_time, 0.00047168880701065063
2024-02-14 10:41:33 | TRACE   | query_time, 0.00046382099390029907
2024-02-14 10:41:33 | TRACE   | query_time, 0.0005838964134454727
2024-02-14 10:41:33 | TRACE   | query_time, 0.0004814527928829193
2024-02-14 10:41:33 | TRACE   | query_time, 0.0005876682698726654
2024-02-14 10:41:33 | TRACE   | query_time, 0.0004696417599916458
2024-02-14 10:41:33 | TRACE   | query_time, 0.00046179257333278656
2024-02-14 10:41:33 | TRACE   | query_time, 0.00047172047197818756
2024-02-14 10:41:33 | TRACE   | query_time, 0.0005587954074144363
2024-02-14 10:41:33 | TRACE   | query_time, 0.0005747508257627487
2024-02-14 10:41:33 | TRACE   | query_time, 0.00047540105879306793
2024-02-14 10:41:33 | TRACE   | query_time, 0.0004734080284833908
2024-02-14 10:41:33 | TRACE   | query_time, 0.0004812125116586685
2024-02-14 10:41:33 | TRACE   | query_time, 0.00045497529208660126
2024-02-14 10:41:33 | TRACE   | query_time, 0.0004728585481643677
2024-02-14 10:41:33 | TRACE   | query_time, 0.000527484342455864
2024-02-14 10:41:33 | TRACE   | query_time, 0.00046629831194877625
2024-02-14 10:41:33 | TRACE   | query_time, 0.0004668924957513809
2024-02-14 10:41:33 | TRACE   | query_time, 0.00046868808567523956
2024-02-14 10:41:33 | TRACE   | query_time, 0.0005882494151592255
2024-02-14 10:41:33 | TRACE   | query_time, 0.00046060048043727875
2024-02-14 10:41:33 | TRACE   | query_time, 0.0005843807011842728
2024-02-14 10:41:33 | TRACE   | query_time, 0.00046993978321552277
2024-02-14 10:41:33 | TRACE   | query_time, 0.0004902221262454987
2024-02-14 10:41:33 | TRACE   | query_time, 0.00047231651842594147
2024-02-14 10:41:33 | TRACE   | query_time, 0.0004659462720155716
2024-02-14 10:41:33 | TRACE   | query_time, 0.00046089477837085724
2024-02-14 10:41:33 | TRACE   | query_time, 0.0005585327744483948
2024-02-14 10:41:33 | TRACE   | query_time, 0.00047453679144382477
2024-02-14 10:41:33 | TRACE   | query_time, 0.00046697258949279785
2024-02-14 10:41:33 | TRACE   | query_time, 0.00046636536717414856
2024-02-14 10:41:33 | TRACE   | query_time, 0.0004988722503185272
2024-02-14 10:41:33 | TRACE   | query_time, 0.00046931207180023193
2024-02-14 10:41:33 | TRACE   | query_time, 0.000467618927359581
2024-02-14 10:41:33 | TRACE   | query_time, 0.0004704426974058151
2024-02-14 10:41:33 | TRACE   | query_time, 0.0004613548517227173
2024-02-14 10:41:33 | TRACE   | query_time, 0.0004541166126728058
2024-02-14 10:41:33 | TRACE   | query_time, 0.0004613753408193588
2024-02-14 10:41:33 | TRACE   | query_time, 0.0004689842462539673
2024-02-14 10:41:33 | TRACE   | query_time, 0.0004674158990383148
2024-02-14 10:41:33 | TRACE   | query_time, 0.0005216486752033234
2024-02-14 10:41:33 | TRACE   | query_time, 0.00047034211456775665
2024-02-14 10:41:33 | TRACE   | query_time, 0.000466860830783844
2024-02-14 10:41:33 | TRACE   | query_time, 0.00044991634786129
2024-02-14 10:41:33 | TRACE   | query_time, 0.000598495826125145
2024-02-14 10:41:33 | TRACE   | query_time, 0.000462925061583519
2024-02-14 10:41:33 | TRACE   | query_time, 0.0004569590091705322
2024-02-14 10:41:33 | TRACE   | query_time, 0.0004630330950021744
2024-02-14 10:41:33 | TRACE   | query_time, 0.000597100704908371
2024-02-14 10:41:33 | TRACE   | query_time, 0.0004732385277748108
2024-02-14 10:41:33 | TRACE   | query_time, 0.00047409534454345703
2024-02-14 10:41:33 | TRACE   | query_time, 0.0004759225994348526
2024-02-14 10:41:33 | TRACE   | query_time, 0.00046719610691070557
2024-02-14 10:41:33 | TRACE   | query_time, 0.0005976445972919464
2024-02-14 10:41:33 | TRACE   | query_time, 0.00046324916183948517
2024-02-14 10:41:33 | TRACE   | query_time, 0.0004696771502494812
2024-02-14 10:41:33 | TRACE   | query_time, 0.0004736706614494324
2024-02-14 10:41:33 | TRACE   | query_time, 0.0005001761019229889
2024-02-14 10:41:33 | TRACE   | query_time, 0.0004744138568639755
2024-02-14 10:41:33 | TRACE   | query_time, 0.0005280114710330963
2024-02-14 10:41:33 | TRACE   | query_time, 0.0004611816257238388
2024-02-14 10:41:33 | TRACE   | query_time, 0.00046419166028499603
2024-02-14 10:41:33 | TRACE   | query_time, 0.0004687216132879257
2024-02-14 10:41:33 | TRACE   | query_time, 0.0005192756652832031
2024-02-14 10:41:33 | TRACE   | query_time, 0.0004704669117927551
2024-02-14 10:41:33 | TRACE   | query_time, 0.000515323132276535
2024-02-14 10:41:33 | TRACE   | query_time, 0.00047339126467704773
2024-02-14 10:41:33 | TRACE   | query_time, 0.00045729242265224457
2024-02-14 10:41:33 | TRACE   | query_time, 0.0005905777215957642
2024-02-14 10:41:33 | TRACE   | query_time, 0.0005032233893871307
2024-02-14 10:41:33 | TRACE   | query_time, 0.00046126358211040497
2024-02-14 10:41:33 | TRACE   | query_time, 0.0004725642502307892
2024-02-14 10:41:33 | TRACE   | query_time, 0.0004644952714443207
2024-02-14 10:41:33 | TRACE   | query_time, 0.00047354400157928467
2024-02-14 10:41:33 | TRACE   | query_time, 0.0005833897739648819
2024-02-14 10:41:33 | TRACE   | query_time, 0.00047614797949790955
2024-02-14 10:41:33 | TRACE   | query_time, 0.0004977155476808548
2024-02-14 10:41:33 | TRACE   | query_time, 0.0004628300666809082
2024-02-14 10:41:33 | TRACE   | query_time, 0.0004697795957326889
2024-02-14 10:41:33 | TRACE   | query_time, 0.0004696827381849289
2024-02-14 10:41:33 | TRACE   | query_time, 0.0004501752555370331
2024-02-14 10:41:33 | TRACE   | query_time, 0.00046296417713165283
2024-02-14 10:41:33 | TRACE   | query_time, 0.0005530007183551788
2024-02-14 10:41:33 | TRACE   | query_time, 0.0004692431539297104
2024-02-14 10:41:33 | TRACE   | query_time, 0.00045666471123695374
2024-02-14 10:41:33 | TRACE   | query_time, 0.00047037936747074127
2024-02-14 10:41:33 | TRACE   | query_time, 0.0004587210714817047
2024-02-14 10:41:33 | TRACE   | query_time, 0.00045823119580745697
2024-02-14 10:41:33 | TRACE   | query_time, 0.00052657350897789
2024-02-14 10:41:33 | TRACE   | query_time, 0.00047366321086883545
2024-02-14 10:41:33 | TRACE   | query_time, 0.0005205366760492325
2024-02-14 10:41:33 | TRACE   | query_time, 0.0004738960415124893
2024-02-14 10:41:33 | TRACE   | query_time, 0.0005842261016368866
2024-02-14 10:41:33 | TRACE   | query_time, 0.00047519244253635406
2024-02-14 10:41:33 | TRACE   | query_time, 0.0004669521003961563
2024-02-14 10:41:33 | TRACE   | query_time, 0.00047629326581954956
2024-02-14 10:41:33 | TRACE   | query_time, 0.0004686526954174042
2024-02-14 10:41:33 | TRACE   | query_time, 0.0004693325608968735
2024-02-14 10:41:33 | TRACE   | query_time, 0.0004654061049222946
2024-02-14 10:41:33 | TRACE   | query_time, 0.00046644359827041626
2024-02-14 10:41:33 | TRACE   | query_time, 0.00045202672481536865
2024-02-14 10:41:33 | TRACE   | query_time, 0.00047339126467704773
2024-02-14 10:41:33 | TRACE   | query_time, 0.0005571022629737854
2024-02-14 10:41:33 | TRACE   | query_time, 0.0004780702292919159
2024-02-14 10:41:33 | TRACE   | query_time, 0.0004639718681573868
2024-02-14 10:41:33 | TRACE   | query_time, 0.0004695877432823181
2024-02-14 10:41:33 | TRACE   | query_time, 0.0004645101726055145
2024-02-14 10:41:33 | TRACE   | query_time, 0.0004614405333995819
2024-02-14 10:41:33 | TRACE   | query_time, 0.0004744138568639755
2024-02-14 10:41:33 | TRACE   | query_time, 0.0004695802927017212
2024-02-14 10:41:33 | TRACE   | query_time, 0.000452384352684021
2024-02-14 10:41:33 | TRACE   | query_time, 0.00048442743718624115
2024-02-14 10:41:33 | TRACE   | query_time, 0.00046696141362190247
2024-02-14 10:41:33 | TRACE   | query_time, 0.0005926080048084259
2024-02-14 10:41:33 | TRACE   | query_time, 0.00045446865260601044
2024-02-14 10:41:33 | TRACE   | query_time, 0.00047699548304080963
2024-02-14 10:41:33 | TRACE   | query_time, 0.0004654061049222946
2024-02-14 10:41:33 | TRACE   | query_time, 0.00045177899301052094
2024-02-14 10:41:33 | TRACE   | query_time, 0.0005597881972789764
2024-02-14 10:41:33 | TRACE   | query_time, 0.00047597289085388184
2024-02-14 10:41:33 | TRACE   | query_time, 0.00047751516103744507
2024-02-14 10:41:33 | TRACE   | query_time, 0.00047059543430805206
2024-02-14 10:41:33 | TRACE   | query_time, 0.00046083517372608185
2024-02-14 10:41:33 | TRACE   | query_time, 0.00047087110579013824
2024-02-14 10:41:33 | TRACE   | query_time, 0.0005688481032848358
2024-02-14 10:41:33 | TRACE   | query_time, 0.0005288012325763702
2024-02-14 10:41:33 | TRACE   | query_time, 0.0004683602601289749
2024-02-14 10:41:33 | TRACE   | query_time, 0.0004605073481798172
2024-02-14 10:41:33 | TRACE   | query_time, 0.00047187134623527527
2024-02-14 10:41:33 | TRACE   | query_time, 0.000529855489730835
2024-02-14 10:41:33 | TRACE   | query_time, 0.00045398250222206116
2024-02-14 10:41:33 | TRACE   | query_time, 0.0005343295633792877
2024-02-14 10:41:33 | TRACE   | query_time, 0.00046303682029247284
2024-02-14 10:41:33 | TRACE   | query_time, 0.0005957409739494324
2024-02-14 10:41:33 | TRACE   | query_time, 0.0004599131643772125
2024-02-14 10:41:33 | TRACE   | query_time, 0.0006001964211463928
2024-02-14 10:41:33 | TRACE   | query_time, 0.0004817284643650055
2024-02-14 10:41:33 | TRACE   | query_time, 0.0005162712186574936
2024-02-14 10:41:33 | TRACE   | query_time, 0.000460183247923851
2024-02-14 10:41:33 | TRACE   | query_time, 0.0004690326750278473
2024-02-14 10:41:33 | TRACE   | query_time, 0.00046614930033683777
2024-02-14 10:41:33 | TRACE   | query_time, 0.0004523079842329025
2024-02-14 10:41:33 | TRACE   | query_time, 0.0004956237971782684
2024-02-14 10:41:33 | TRACE   | query_time, 0.0004747491329908371
2024-02-14 10:41:33 | TRACE   | query_time, 0.00046054087579250336
2024-02-14 10:41:33 | TRACE   | query_time, 0.0004722699522972107
2024-02-14 10:41:33 | TRACE   | query_time, 0.00046515651047229767
2024-02-14 10:41:33 | TRACE   | query_time, 0.0004551280289888382
2024-02-14 10:41:33 | TRACE   | query_time, 0.00046065449714660645
2024-02-14 10:41:33 | TRACE   | query_time, 0.00047426484525203705
2024-02-14 10:41:33 | TRACE   | query_time, 0.00047157518565654755
2024-02-14 10:41:33 | TRACE   | query_time, 0.00046758726239204407
2024-02-14 10:41:33 | TRACE   | query_time, 0.00046206265687942505
2024-02-14 10:41:33 | TRACE   | query_time, 0.0005311388522386551
2024-02-14 10:41:33 | TRACE   | query_time, 0.0005126427859067917
2024-02-14 10:41:33 | TRACE   | query_time, 0.00047816894948482513
2024-02-14 10:41:33 | TRACE   | query_time, 0.00047189556062221527
2024-02-14 10:41:33 | TRACE   | query_time, 0.0004683118313550949
2024-02-14 10:41:33 | TRACE   | query_time, 0.00048413872718811035
2024-02-14 10:41:33 | TRACE   | query_time, 0.00046963058412075043
2024-02-14 10:41:33 | TRACE   | query_time, 0.0004599522799253464
2024-02-14 10:41:33 | TRACE   | query_time, 0.0005526281893253326
2024-02-14 10:41:33 | TRACE   | query_time, 0.00046932511031627655
2024-02-14 10:41:33 | TRACE   | query_time, 0.00047081708908081055
2024-02-14 10:41:33 | TRACE   | query_time, 0.0004506409168243408
2024-02-14 10:41:33 | TRACE   | query_time, 0.0005389321595430374
2024-02-14 10:41:33 | TRACE   | query_time, 0.00046455301344394684
2024-02-14 10:41:33 | TRACE   | query_time, 0.0005132537335157394
2024-02-14 10:41:33 | TRACE   | query_time, 0.00046682730317115784
2024-02-14 10:41:33 | TRACE   | query_time, 0.000463804230093956
2024-02-14 10:41:33 | TRACE   | query_time, 0.0004483051598072052
2024-02-14 10:41:33 | TRACE   | query_time, 0.0005960166454315186
2024-02-14 10:41:33 | TRACE   | query_time, 0.0004707556217908859
2024-02-14 10:41:33 | TRACE   | query_time, 0.0004551038146018982
2024-02-14 10:41:33 | TRACE   | query_time, 0.0005759485065937042
2024-02-14 10:41:33 | TRACE   | query_time, 0.0004683360457420349
2024-02-14 10:41:33 | TRACE   | query_time, 0.0005723088979721069
2024-02-14 10:41:33 | TRACE   | query_time, 0.000454045832157135
2024-02-14 10:41:33 | TRACE   | query_time, 0.0004840511828660965
2024-02-14 10:41:33 | TRACE   | query_time, 0.00046588294208049774
2024-02-14 10:41:33 | TRACE   | query_time, 0.00044623762369155884
2024-02-14 10:41:33 | TRACE   | query_time, 0.0005536917597055435
2024-02-14 10:41:33 | TRACE   | query_time, 0.00046663545072078705
2024-02-14 10:41:33 | TRACE   | query_time, 0.00045177899301052094
2024-02-14 10:41:33 | TRACE   | query_time, 0.00048471614718437195
2024-02-14 10:41:33 | TRACE   | query_time, 0.0004681069403886795
2024-02-14 10:41:33 | TRACE   | query_time, 0.0004476085305213928
2024-02-14 10:41:33 | TRACE   | query_time, 0.0004583578556776047
2024-02-14 10:41:33 | TRACE   | query_time, 0.0005196873098611832
2024-02-14 10:41:33 | TRACE   | query_time, 0.0004633944481611252
2024-02-14 10:41:33 | TRACE   | query_time, 0.0004452615976333618
2024-02-14 10:41:33 | TRACE   | query_time, 0.005296647548675537
2024-02-14 10:41:33 | TRACE   | query_time, 0.005437277257442474
2024-02-14 10:41:33 | TRACE   | query_time, 0.004795467481017113
2024-02-14 10:41:33 | TRACE   | query_time, 0.0045601073652505875
2024-02-14 10:41:33 | TRACE   | query_time, 0.004858748987317085
2024-02-14 10:41:33 | TRACE   | query_time, 0.004556471481919289
2024-02-14 10:41:33 | TRACE   | query_time, 0.0044968705624341965
2024-02-14 10:41:33 | TRACE   | query_time, 0.004733683541417122
2024-02-14 10:41:33 | TRACE   | query_time, 0.004469620063900948
2024-02-14 10:41:33 | TRACE   | query_time, 0.0044837649911642075
2024-02-14 10:41:33 | TRACE   | query_time, 0.004734082147479057
2024-02-14 10:41:33 | TRACE   | query_time, 0.004535194486379623
2024-02-14 10:41:33 | TRACE   | query_time, 0.004714895039796829
2024-02-14 10:41:33 | TRACE   | query_time, 0.004480859264731407
2024-02-14 10:41:33 | TRACE   | query_time, 0.004485884681344032
2024-02-14 10:41:33 | TRACE   | query_time, 0.004607880488038063
2024-02-14 10:41:33 | TRACE   | query_time, 0.00484667532145977
2024-02-14 10:41:33 | TRACE   | query_time, 0.004474882036447525
2024-02-14 10:41:33 | TRACE   | query_time, 0.004475032910704613
2024-02-14 10:41:33 | TRACE   | query_time, 0.0044549088925123215
2024-02-14 10:41:33 | TRACE   | query_time, 0.00434388592839241
2024-02-14 10:41:33 | TRACE   | query_time, 0.0046868231147527695
2024-02-14 10:41:33 | TRACE   | query_time, 0.004313992336392403
2024-02-14 10:41:33 | TRACE   | query_time, 0.00441889651119709
2024-02-14 10:41:33 | TRACE   | query_time, 0.004661183804273605
2024-02-14 10:41:33 | TRACE   | query_time, 0.004610512405633926
2024-02-14 10:41:33 | TRACE   | query_time, 0.004697773605585098
2024-02-14 10:41:33 | TRACE   | query_time, 0.004690730944275856
2024-02-14 10:41:33 | TRACE   | query_time, 0.004539530724287033
2024-02-14 10:41:33 | TRACE   | query_time, 0.00429120659828186
2024-02-14 10:41:33 | TRACE   | query_time, 0.004270531237125397
2024-02-14 10:41:33 | TRACE   | query_time, 0.004452340304851532
2024-02-14 10:41:33 | TRACE   | query_time, 0.004297705367207527
2024-02-14 10:41:33 | TRACE   | query_time, 0.004696417599916458
2024-02-14 10:41:33 | TRACE   | query_time, 0.004411151632666588
2024-02-14 10:41:33 | TRACE   | query_time, 0.004264777526259422
2024-02-14 10:41:33 | TRACE   | query_time, 0.004377575591206551
2024-02-14 10:41:33 | TRACE   | query_time, 0.004577780142426491
2024-02-14 10:41:33 | TRACE   | query_time, 0.0045350175350904465
2024-02-14 10:41:33 | TRACE   | query_time, 0.0043058209121227264
2024-02-14 10:41:33 | TRACE   | query_time, 0.004390057176351547
2024-02-14 10:41:33 | TRACE   | query_time, 0.004258032888174057
2024-02-14 10:41:33 | TRACE   | query_time, 0.004417836666107178
2024-02-14 10:41:33 | TRACE   | query_time, 0.004376860335469246
2024-02-14 10:41:33 | TRACE   | query_time, 0.0045234933495521545
2024-02-14 10:41:33 | TRACE   | query_time, 0.0043916478753089905
2024-02-14 10:41:33 | TRACE   | query_time, 0.00435991957783699
2024-02-14 10:41:33 | TRACE   | query_time, 0.004529723897576332
2024-02-14 10:41:33 | TRACE   | query_time, 0.004364119842648506
2024-02-14 10:41:33 | TRACE   | query_time, 0.0043729208409786224
2024-02-14 10:41:33 | TRACE   | query_time, 0.004373742267489433
2024-02-14 10:41:33 | TRACE   | query_time, 0.004530036821961403
2024-02-14 10:41:33 | TRACE   | query_time, 0.004484759643673897
2024-02-14 10:41:33 | TRACE   | query_time, 0.004613848403096199
2024-02-14 10:41:33 | TRACE   | query_time, 0.004368191584944725
2024-02-14 10:41:33 | TRACE   | query_time, 0.0026138965040445328
2024-02-14 10:41:33 | TRACE   | query_time, 0.004685539752244949
2024-02-14 10:41:33 | TRACE   | query_time, 0.0046013109385967255
2024-02-14 10:41:33 | TRACE   | query_time, 0.004315139725804329
2024-02-14 10:41:33 | TRACE   | query_time, 0.004503551870584488
2024-02-14 10:41:33 | TRACE   | query_time, 0.004341697320342064
2024-02-14 10:41:33 | TRACE   | query_time, 0.004530409350991249
2024-02-14 10:41:33 | TRACE   | query_time, 0.005039913579821587
2024-02-14 10:41:33 | TRACE   | query_time, 0.004566717892885208
2024-02-14 10:41:33 | TRACE   | query_time, 0.005030160769820213
2024-02-14 10:41:33 | TRACE   | query_time, 0.005119550973176956
2024-02-14 10:41:33 | TRACE   | query_time, 0.0046060699969530106
2024-02-14 10:41:33 | TRACE   | query_time, 0.0025737732648849487
2024-02-14 10:41:33 | TRACE   | query_time, 0.004680853337049484
2024-02-14 10:41:33 | TRACE   | query_time, 0.004327688366174698
2024-02-14 10:41:33 | TRACE   | query_time, 0.004530910402536392
2024-02-14 10:41:33 | TRACE   | query_time, 0.0043035838752985
2024-02-14 10:41:33 | TRACE   | query_time, 0.0042935628443956375
2024-02-14 10:41:33 | TRACE   | query_time, 0.00430072657763958
2024-02-14 10:41:34 | TRACE   | query_time, 0.004404054954648018
2024-02-14 10:41:34 | TRACE   | query_time, 0.0042590368539094925
2024-02-14 10:41:34 | TRACE   | query_time, 0.004249146208167076
2024-02-14 10:41:34 | TRACE   | query_time, 0.0042818207293748856
2024-02-14 10:41:34 | TRACE   | query_time, 0.0042381491512060165
2024-02-14 10:41:34 | TRACE   | query_time, 0.004238596186041832
2024-02-14 10:41:34 | TRACE   | query_time, 0.004233432933688164
2024-02-14 10:41:34 | TRACE   | query_time, 0.004495514556765556
2024-02-14 10:41:34 | TRACE   | query_time, 0.004988314583897591
2024-02-14 10:41:34 | TRACE   | query_time, 0.004428543150424957
2024-02-14 10:41:34 | TRACE   | query_time, 0.004512175917625427
2024-02-14 10:41:34 | TRACE   | query_time, 0.0025260839611291885
2024-02-14 10:41:34 | TRACE   | query_time, 0.0029989536851644516
2024-02-14 10:41:34 | TRACE   | query_time, 0.002943979576230049
2024-02-14 10:41:34 | TRACE   | query_time, 0.0028715860098600388
2024-02-14 10:41:34 | TRACE   | query_time, 0.002837352454662323
2024-02-14 10:41:34 | TRACE   | query_time, 0.0029538217931985855
2024-02-14 10:41:34 | TRACE   | query_time, 0.00481453537940979
2024-02-14 10:41:34 | TRACE   | query_time, 0.004425825551152229
2024-02-14 10:41:34 | TRACE   | query_time, 0.004492996260523796
2024-02-14 10:41:34 | TRACE   | query_time, 0.005006270483136177
2024-02-14 10:41:34 | TRACE   | query_time, 0.002602662891149521
2024-02-14 10:41:34 | TRACE   | query_time, 0.0052872952073812485
2024-02-14 10:41:34 | TRACE   | query_time, 0.004555832594633102
2024-02-14 10:41:34 | TRACE   | query_time, 0.0024786926805973053
2024-02-14 10:41:34 | TRACE   | query_time, 0.002733452245593071
2024-02-14 10:41:34 | TRACE   | query_time, 0.0029364321380853653
2024-02-14 10:41:34 | TRACE   | query_time, 0.0027379002422094345
2024-02-14 10:41:34 | TRACE   | query_time, 0.0027940217405557632
2024-02-14 10:41:34 | TRACE   | query_time, 0.002842431887984276
2024-02-14 10:41:34 | TRACE   | query_time, 0.0030585024505853653
2024-02-14 10:41:34 | TRACE   | query_time, 0.00276976078748703
2024-02-14 10:41:34 | TRACE   | query_time, 0.002820035442709923
2024-02-14 10:41:34 | TRACE   | query_time, 0.003895910456776619
2024-02-14 10:41:34 | TRACE   | query_time, 0.0029632877558469772
2024-02-14 10:41:34 | TRACE   | query_time, 0.003064507618546486
2024-02-14 10:41:34 | TRACE   | query_time, 0.002840602770447731
2024-02-14 10:41:34 | TRACE   | query_time, 0.0051017701625823975
2024-02-14 10:41:34 | TRACE   | query_time, 0.004821060225367546
2024-02-14 10:41:34 | TRACE   | query_time, 0.0027019549161195755
2024-02-14 10:41:34 | TRACE   | query_time, 0.002720193937420845
2024-02-14 10:41:34 | TRACE   | query_time, 0.0027022920548915863
2024-02-14 10:41:34 | TRACE   | query_time, 0.002722702920436859
2024-02-14 10:41:34 | TRACE   | query_time, 0.0027288272976875305
2024-02-14 10:41:34 | TRACE   | query_time, 0.0026590172201395035
2024-02-14 10:41:34 | TRACE   | query_time, 0.002657724544405937
2024-02-14 10:41:34 | TRACE   | query_time, 0.002812938764691353
2024-02-14 10:41:34 | TRACE   | query_time, 0.004864636808633804
2024-02-14 10:41:34 | TRACE   | query_time, 0.002417970448732376
2024-02-14 10:41:34 | TRACE   | query_time, 0.00282885879278183
2024-02-14 10:41:34 | TRACE   | query_time, 0.002743985503911972
2024-02-14 10:41:34 | TRACE   | query_time, 0.008240027353167534
2024-02-14 10:41:34 | TRACE   | query_time, 0.007787052541971207
2024-02-14 10:41:34 | TRACE   | query_time, 0.007840652018785477
2024-02-14 10:41:34 | TRACE   | query_time, 0.007724696770310402
2024-02-14 10:41:34 | TRACE   | query_time, 0.007731309160590172
2024-02-14 10:41:34 | TRACE   | query_time, 0.00764038972556591
2024-02-14 10:41:34 | TRACE   | query_time, 0.007786322385072708
2024-02-14 10:41:34 | TRACE   | query_time, 0.007612964138388634
2024-02-14 10:41:34 | TRACE   | query_time, 0.007694704458117485
2024-02-14 10:41:34 | TRACE   | query_time, 0.007650945335626602
2024-02-14 10:41:34 | TRACE   | query_time, 0.007586956024169922
2024-02-14 10:41:34 | TRACE   | query_time, 0.0077033936977386475
2024-02-14 10:41:34 | TRACE   | query_time, 0.007680060341954231
2024-02-14 10:41:34 | TRACE   | query_time, 0.007564883679151535
2024-02-14 10:41:34 | TRACE   | query_time, 0.007698876783251762
2024-02-14 10:41:34 | TRACE   | query_time, 0.007545482367277145
2024-02-14 10:41:34 | TRACE   | query_time, 0.007260352373123169
2024-02-14 10:41:34 | TRACE   | query_time, 0.007137950509786606
2024-02-14 10:41:34 | TRACE   | query_time, 0.007140494883060455
2024-02-14 10:41:34 | TRACE   | query_time, 0.0072493236511945724
2024-02-14 10:41:34 | TRACE   | query_time, 0.007263028994202614
2024-02-14 10:41:34 | TRACE   | query_time, 0.007223593071103096
2024-02-14 10:41:34 | TRACE   | query_time, 0.007258698344230652
2024-02-14 10:41:34 | TRACE   | query_time, 0.007079457864165306
2024-02-14 10:41:34 | TRACE   | query_time, 0.006942449137568474
2024-02-14 10:41:34 | TRACE   | query_time, 0.006975632160902023
2024-02-14 10:41:34 | TRACE   | query_time, 0.006935831159353256
2024-02-14 10:41:34 | TRACE   | query_time, 0.007043212652206421
2024-02-14 10:41:34 | TRACE   | query_time, 0.00718826986849308
2024-02-14 10:41:34 | TRACE   | query_time, 0.007184067741036415
2024-02-14 10:41:34 | TRACE   | query_time, 0.006953967735171318
2024-02-14 10:41:34 | TRACE   | query_time, 0.006969539448618889
2024-02-14 10:41:34 | TRACE   | query_time, 0.006925327703356743
2024-02-14 10:41:34 | TRACE   | query_time, 0.006961427628993988
2024-02-14 10:41:34 | TRACE   | query_time, 0.006905395537614822
2024-02-14 10:41:34 | TRACE   | query_time, 0.007026286795735359
2024-02-14 10:41:34 | TRACE   | query_time, 0.006965840235352516
2024-02-14 10:41:34 | TRACE   | query_time, 0.006841609254479408
2024-02-14 10:41:34 | TRACE   | query_time, 0.007090365514159203
2024-02-14 10:41:34 | TRACE   | query_time, 0.007034769281744957
2024-02-14 10:41:34 | TRACE   | query_time, 0.006988672539591789
2024-02-14 10:41:34 | TRACE   | query_time, 0.006948782131075859
2024-02-14 10:41:34 | TRACE   | query_time, 0.0069602616131305695
2024-02-14 10:41:34 | TRACE   | query_time, 0.0070101916790008545
2024-02-14 10:41:34 | TRACE   | query_time, 0.006820259615778923
2024-02-14 10:41:34 | TRACE   | query_time, 0.006883533671498299
2024-02-14 10:41:34 | TRACE   | query_time, 0.006948366761207581
2024-02-14 10:41:34 | TRACE   | query_time, 0.007026860490441322
2024-02-14 10:41:34 | TRACE   | query_time, 0.006759893149137497
2024-02-14 10:41:34 | TRACE   | query_time, 0.007106384262442589
2024-02-14 10:41:34 | TRACE   | query_time, 0.007005853578448296
2024-02-14 10:41:34 | TRACE   | query_time, 0.0070013627409935
2024-02-14 10:41:34 | TRACE   | query_time, 0.0069764889776706696
2024-02-14 10:41:34 | TRACE   | query_time, 0.006639789789915085
2024-02-14 10:41:34 | TRACE   | query_time, 0.0067253634333610535
2024-02-14 10:41:34 | TRACE   | query_time, 0.0068771932274103165
2024-02-14 10:41:34 | TRACE   | query_time, 0.006962314248085022
2024-02-14 10:41:34 | TRACE   | query_time, 0.006921987980604172
2024-02-14 10:41:34 | TRACE   | query_time, 0.006886305287480354
2024-02-14 10:41:34 | TRACE   | query_time, 0.006985720247030258
2024-02-14 10:41:34 | TRACE   | query_time, 0.006806639954447746
2024-02-14 10:41:34 | TRACE   | query_time, 0.006862785667181015
2024-02-14 10:41:34 | TRACE   | query_time, 0.006728477776050568
2024-02-14 10:41:34 | TRACE   | query_time, 0.0068030524998903275
2024-02-14 10:41:34 | TRACE   | query_time, 0.006914202123880386
2024-02-14 10:41:34 | TRACE   | query_time, 0.006750049069523811
2024-02-14 10:41:34 | TRACE   | query_time, 0.0070076584815979
2024-02-14 10:41:34 | TRACE   | query_time, 0.006908442825078964
2024-02-14 10:41:34 | TRACE   | query_time, 0.006884809583425522
2024-02-14 10:41:34 | TRACE   | query_time, 0.0068780817091465
2024-02-14 10:41:34 | TRACE   | query_time, 0.006884047761559486
2024-02-14 10:41:34 | TRACE   | query_time, 0.006800532341003418
2024-02-14 10:41:34 | TRACE   | query_time, 0.006823720410466194
2024-02-14 10:41:34 | TRACE   | query_time, 0.006818966940045357
2024-02-14 10:41:34 | TRACE   | query_time, 0.006743984296917915
2024-02-14 10:41:34 | TRACE   | query_time, 0.006702292710542679
2024-02-14 10:41:34 | TRACE   | query_time, 0.0069260913878679276
2024-02-14 10:41:34 | TRACE   | query_time, 0.00671098567545414
2024-02-14 10:41:34 | TRACE   | query_time, 0.006725426763296127
2024-02-14 10:41:34 | TRACE   | query_time, 0.0069210585206747055
2024-02-14 10:41:34 | TRACE   | query_time, 0.0066796839237213135
2024-02-14 10:41:34 | TRACE   | query_time, 0.006671866402029991
2024-02-14 10:41:34 | TRACE   | query_time, 0.0068628378212451935
2024-02-14 10:41:34 | TRACE   | query_time, 0.006849164143204689
2024-02-14 10:41:34 | TRACE   | query_time, 0.006568538025021553
2024-02-14 10:41:34 | TRACE   | query_time, 0.00688571110367775
2024-02-14 10:41:34 | TRACE   | query_time, 0.0067687612026929855
2024-02-14 10:41:34 | TRACE   | query_time, 0.0025692936033010483
2024-02-14 10:41:34 | TRACE   | query_time, 0.00704486109316349
2024-02-14 10:41:34 | TRACE   | query_time, 0.006652066484093666
2024-02-14 10:41:34 | TRACE   | query_time, 0.00698842853307724
2024-02-14 10:41:34 | TRACE   | query_time, 0.006996450945734978
2024-02-14 10:41:34 | TRACE   | query_time, 0.006820276379585266
2024-02-14 10:41:34 | TRACE   | query_time, 0.005548639222979546
2024-02-14 10:41:34 | TRACE   | query_time, 0.004790743812918663
2024-02-14 10:41:34 | TRACE   | query_time, 0.004782572388648987
2024-02-14 10:41:34 | TRACE   | query_time, 0.0048946477472782135
2024-02-14 10:41:34 | TRACE   | query_time, 0.00480586476624012
2024-02-14 10:41:34 | TRACE   | query_time, 0.004756905138492584
2024-02-14 10:41:34 | TRACE   | query_time, 0.004737274721264839
2024-02-14 10:41:34 | TRACE   | query_time, 0.004431024193763733
2024-02-14 10:41:34 | TRACE   | query_time, 0.004424350336194038
2024-02-14 10:41:34 | TRACE   | query_time, 0.004457021132111549
2024-02-14 10:41:34 | TRACE   | query_time, 0.004388004541397095
2024-02-14 10:41:34 | TRACE   | query_time, 0.004598528146743774
2024-02-14 10:41:34 | TRACE   | query_time, 0.004439860582351685
2024-02-14 10:41:34 | TRACE   | query_time, 0.004452986642718315
2024-02-14 10:41:34 | TRACE   | query_time, 0.0043184105306863785
2024-02-14 10:41:34 | TRACE   | query_time, 0.004387836903333664
2024-02-14 10:41:34 | TRACE   | query_time, 0.004267143085598946
2024-02-14 10:41:34 | TRACE   | query_time, 0.0041837263852357864
2024-02-14 10:41:34 | TRACE   | query_time, 0.004362063482403755
2024-02-14 10:41:34 | TRACE   | query_time, 0.004346037283539772
2024-02-14 10:41:34 | TRACE   | query_time, 0.004189584404230118
2024-02-14 10:41:34 | TRACE   | query_time, 0.004240347072482109
2024-02-14 10:41:34 | TRACE   | query_time, 0.004134315997362137
2024-02-14 10:41:34 | TRACE   | query_time, 0.004127563908696175
2024-02-14 10:41:34 | TRACE   | query_time, 0.004165170714259148
2024-02-14 10:41:34 | TRACE   | query_time, 0.004265701398253441
2024-02-14 10:41:34 | TRACE   | query_time, 0.004099277779459953
2024-02-14 10:41:34 | TRACE   | query_time, 0.0040207915008068085
2024-02-14 10:41:34 | TRACE   | query_time, 0.004026209935545921
2024-02-14 10:41:34 | TRACE   | query_time, 0.004122110083699226
2024-02-14 10:41:34 | TRACE   | query_time, 0.0040619876235723495
2024-02-14 10:41:34 | TRACE   | query_time, 0.004094507545232773
2024-02-14 10:41:35 | TRACE   | query_time, 0.00402543880045414
2024-02-14 10:41:35 | TRACE   | query_time, 0.0041112154722213745
2024-02-14 10:41:35 | TRACE   | query_time, 0.004043484106659889
2024-02-14 10:41:35 | TRACE   | query_time, 0.004007682204246521
2024-02-14 10:41:35 | TRACE   | query_time, 0.0040435753762722015
2024-02-14 10:41:35 | TRACE   | query_time, 0.004137452691793442
2024-02-14 10:41:35 | TRACE   | query_time, 0.0038712266832590103
2024-02-14 10:41:35 | TRACE   | query_time, 0.004011118784546852
2024-02-14 10:41:35 | TRACE   | query_time, 0.004042282700538635
2024-02-14 10:41:35 | TRACE   | query_time, 0.004010044038295746
2024-02-14 10:41:35 | TRACE   | query_time, 0.00398462638258934
2024-02-14 10:41:35 | TRACE   | query_time, 0.004045506939291954
