2024-02-14 10:43:30 | DEBUG   | {'input': PosixPath('data/open_data_usa/indices/microbenchmarks/rebinning-k200.zst'), 'input_type': 'index', 'queries': PosixPath('data/open_data_usa/queries/microbenchmarks.zst'), 'estimation_mode': None, 'index_mode': 'recall', 'output': None, 'workers': None, 'frequency_hists': False, 'suppress_results': False, 'log_level': 'INFO', 'log_file': PosixPath('logs/microbenchmarks/runtime/open_data_usa-rebinning-k200-single-3.log')}
2024-02-14 10:43:30 | DEBUG   | Loading input data from data/open_data_usa/indices/microbenchmarks/rebinning-k200.zst
2024-02-14 10:43:30 | DEBUG   | Loading queries from data/open_data_usa/queries/microbenchmarks.zst
2024-02-14 10:43:30 | TRACE   | bootstrap_time, 0.2863679211586714
2024-02-14 10:43:30 | DEBUG   | Starting execution
2024-02-14 10:43:30 | TRACE   | query_time, 0.0009481459856033325
2024-02-14 10:43:30 | TRACE   | query_time, 0.0005483180284500122
2024-02-14 10:43:30 | TRACE   | query_time, 0.0005254112184047699
2024-02-14 10:43:30 | TRACE   | query_time, 0.0005234815180301666
2024-02-14 10:43:30 | TRACE   | query_time, 0.00048715993762016296
2024-02-14 10:43:30 | TRACE   | query_time, 0.0005290433764457703
2024-02-14 10:43:30 | TRACE   | query_time, 0.00068657286465168
2024-02-14 10:43:30 | TRACE   | query_time, 0.0005170553922653198
2024-02-14 10:43:30 | TRACE   | query_time, 0.0004804637283086777
2024-02-14 10:43:30 | TRACE   | query_time, 0.0005327425897121429
2024-02-14 10:43:30 | TRACE   | query_time, 0.0005098562687635422
2024-02-14 10:43:30 | TRACE   | query_time, 0.0005153678357601166
2024-02-14 10:43:30 | TRACE   | query_time, 0.0005086567252874374
2024-02-14 10:43:30 | TRACE   | query_time, 0.0005424730479717255
2024-02-14 10:43:30 | TRACE   | query_time, 0.0005426406860351562
2024-02-14 10:43:30 | TRACE   | query_time, 0.0005081240087747574
2024-02-14 10:43:30 | TRACE   | query_time, 0.0005209185183048248
2024-02-14 10:43:30 | TRACE   | query_time, 0.0005392469465732574
2024-02-14 10:43:30 | TRACE   | query_time, 0.0005439203232526779
2024-02-14 10:43:30 | TRACE   | query_time, 0.0005258210003376007
2024-02-14 10:43:30 | TRACE   | query_time, 0.0006301663815975189
2024-02-14 10:43:30 | TRACE   | query_time, 0.0005429834127426147
2024-02-14 10:43:30 | TRACE   | query_time, 0.0005285162478685379
2024-02-14 10:43:30 | TRACE   | query_time, 0.0005320999771356583
2024-02-14 10:43:30 | TRACE   | query_time, 0.000521266832947731
2024-02-14 10:43:30 | TRACE   | query_time, 0.0005174502730369568
2024-02-14 10:43:30 | TRACE   | query_time, 0.0005409400910139084
2024-02-14 10:43:30 | TRACE   | query_time, 0.0005618352442979813
2024-02-14 10:43:30 | TRACE   | query_time, 0.0005421843379735947
2024-02-14 10:43:30 | TRACE   | query_time, 0.0004929658025503159
2024-02-14 10:43:30 | TRACE   | query_time, 0.0006900951266288757
2024-02-14 10:43:30 | TRACE   | query_time, 0.0005451645702123642
2024-02-14 10:43:30 | TRACE   | query_time, 0.0005366131663322449
2024-02-14 10:43:30 | TRACE   | query_time, 0.0005345083773136139
2024-02-14 10:43:30 | TRACE   | query_time, 0.0005428064614534378
2024-02-14 10:43:30 | TRACE   | query_time, 0.0005272310227155685
2024-02-14 10:43:30 | TRACE   | query_time, 0.000526944175362587
2024-02-14 10:43:30 | TRACE   | query_time, 0.0006520431488752365
2024-02-14 10:43:30 | TRACE   | query_time, 0.0005497168749570847
2024-02-14 10:43:30 | TRACE   | query_time, 0.0005932915955781937
2024-02-14 10:43:30 | TRACE   | query_time, 0.0005504731088876724
2024-02-14 10:43:30 | TRACE   | query_time, 0.0006300304085016251
2024-02-14 10:43:30 | TRACE   | query_time, 0.0005376394838094711
2024-02-14 10:43:30 | TRACE   | query_time, 0.0006065703928470612
2024-02-14 10:43:30 | TRACE   | query_time, 0.0005415063351392746
2024-02-14 10:43:30 | TRACE   | query_time, 0.0005269758403301239
2024-02-14 10:43:30 | TRACE   | query_time, 0.0005351919680833817
2024-02-14 10:43:30 | TRACE   | query_time, 0.0005598720163106918
2024-02-14 10:43:30 | TRACE   | query_time, 0.0005602724850177765
2024-02-14 10:43:30 | TRACE   | query_time, 0.0005214717239141464
2024-02-14 10:43:30 | TRACE   | query_time, 0.000712050125002861
2024-02-14 10:43:30 | TRACE   | query_time, 0.0005389861762523651
2024-02-14 10:43:30 | TRACE   | query_time, 0.0006461963057518005
2024-02-14 10:43:30 | TRACE   | query_time, 0.000571373850107193
2024-02-14 10:43:30 | TRACE   | query_time, 0.0005405154079198837
2024-02-14 10:43:30 | TRACE   | query_time, 0.0005936883389949799
2024-02-14 10:43:30 | TRACE   | query_time, 0.0005297083407640457
2024-02-14 10:43:30 | TRACE   | query_time, 0.0005063265562057495
2024-02-14 10:43:30 | TRACE   | query_time, 0.0005370993167161942
2024-02-14 10:43:30 | TRACE   | query_time, 0.0005057081580162048
2024-02-14 10:43:30 | TRACE   | query_time, 0.000538121908903122
2024-02-14 10:43:30 | TRACE   | query_time, 0.000654684379696846
2024-02-14 10:43:30 | TRACE   | query_time, 0.0007115229964256287
2024-02-14 10:43:30 | TRACE   | query_time, 0.00056510791182518
2024-02-14 10:43:30 | TRACE   | query_time, 0.0005523562431335449
2024-02-14 10:43:30 | TRACE   | query_time, 0.0005456674844026566
2024-02-14 10:43:30 | TRACE   | query_time, 0.0005328040570020676
2024-02-14 10:43:30 | TRACE   | query_time, 0.0005385261029005051
2024-02-14 10:43:30 | TRACE   | query_time, 0.00052601657807827
2024-02-14 10:43:30 | TRACE   | query_time, 0.0005363412201404572
2024-02-14 10:43:30 | TRACE   | query_time, 0.0005446877330541611
2024-02-14 10:43:30 | TRACE   | query_time, 0.0005145985633134842
2024-02-14 10:43:30 | TRACE   | query_time, 0.0005331821739673615
2024-02-14 10:43:30 | TRACE   | query_time, 0.0005377363413572311
2024-02-14 10:43:30 | TRACE   | query_time, 0.0006176531314849854
2024-02-14 10:43:30 | TRACE   | query_time, 0.0005325078964233398
2024-02-14 10:43:30 | TRACE   | query_time, 0.0005405116826295853
2024-02-14 10:43:30 | TRACE   | query_time, 0.0005293339490890503
2024-02-14 10:43:30 | TRACE   | query_time, 0.0005249567329883575
2024-02-14 10:43:30 | TRACE   | query_time, 0.0005320031195878983
2024-02-14 10:43:30 | TRACE   | query_time, 0.000538308173418045
2024-02-14 10:43:30 | TRACE   | query_time, 0.0005181785672903061
2024-02-14 10:43:30 | TRACE   | query_time, 0.0005390774458646774
2024-02-14 10:43:30 | TRACE   | query_time, 0.0006399098783731461
2024-02-14 10:43:30 | TRACE   | query_time, 0.0005415137857198715
2024-02-14 10:43:30 | TRACE   | query_time, 0.0005419515073299408
2024-02-14 10:43:30 | TRACE   | query_time, 0.0005800221115350723
2024-02-14 10:43:30 | TRACE   | query_time, 0.000548509880900383
2024-02-14 10:43:30 | TRACE   | query_time, 0.0005270373076200485
2024-02-14 10:43:30 | TRACE   | query_time, 0.0005315858870744705
2024-02-14 10:43:30 | TRACE   | query_time, 0.0006734784692525864
2024-02-14 10:43:30 | TRACE   | query_time, 0.0005259383469820023
2024-02-14 10:43:30 | TRACE   | query_time, 0.0005442798137664795
2024-02-14 10:43:30 | TRACE   | query_time, 0.0005402695387601852
2024-02-14 10:43:30 | TRACE   | query_time, 0.0005385279655456543
2024-02-14 10:43:30 | TRACE   | query_time, 0.0005178730934858322
2024-02-14 10:43:30 | TRACE   | query_time, 0.0005329344421625137
2024-02-14 10:43:30 | TRACE   | query_time, 0.0005032997578382492
2024-02-14 10:43:30 | TRACE   | query_time, 0.0005239993333816528
2024-02-14 10:43:30 | TRACE   | query_time, 0.0005002617835998535
2024-02-14 10:43:30 | TRACE   | query_time, 0.0007189996540546417
2024-02-14 10:43:30 | TRACE   | query_time, 0.0005465317517518997
2024-02-14 10:43:30 | TRACE   | query_time, 0.0005477741360664368
2024-02-14 10:43:30 | TRACE   | query_time, 0.0005415156483650208
2024-02-14 10:43:30 | TRACE   | query_time, 0.0005240347236394882
2024-02-14 10:43:30 | TRACE   | query_time, 0.000527162104845047
2024-02-14 10:43:30 | TRACE   | query_time, 0.0005349796265363693
2024-02-14 10:43:30 | TRACE   | query_time, 0.0005329735577106476
2024-02-14 10:43:30 | TRACE   | query_time, 0.0004955809563398361
2024-02-14 10:43:30 | TRACE   | query_time, 0.0005299244076013565
2024-02-14 10:43:30 | TRACE   | query_time, 0.0005082767456769943
2024-02-14 10:43:30 | TRACE   | query_time, 0.0005170796066522598
2024-02-14 10:43:30 | TRACE   | query_time, 0.0006737653166055679
2024-02-14 10:43:30 | TRACE   | query_time, 0.0005399622023105621
2024-02-14 10:43:30 | TRACE   | query_time, 0.0005259271711111069
2024-02-14 10:43:30 | TRACE   | query_time, 0.0006063971668481827
2024-02-14 10:43:30 | TRACE   | query_time, 0.0006935112178325653
2024-02-14 10:43:30 | TRACE   | query_time, 0.0005054492503404617
2024-02-14 10:43:30 | TRACE   | query_time, 0.0005226060748100281
2024-02-14 10:43:30 | TRACE   | query_time, 0.0006812699139118195
2024-02-14 10:43:30 | TRACE   | query_time, 0.0005397573113441467
2024-02-14 10:43:30 | TRACE   | query_time, 0.0005191639065742493
2024-02-14 10:43:30 | TRACE   | query_time, 0.0005528870970010757
2024-02-14 10:43:30 | TRACE   | query_time, 0.0005237329751253128
2024-02-14 10:43:30 | TRACE   | query_time, 0.0005230028182268143
2024-02-14 10:43:30 | TRACE   | query_time, 0.000530775636434555
2024-02-14 10:43:30 | TRACE   | query_time, 0.0005358122289180756
2024-02-14 10:43:30 | TRACE   | query_time, 0.000502459704875946
2024-02-14 10:43:30 | TRACE   | query_time, 0.0004974361509084702
2024-02-14 10:43:30 | TRACE   | query_time, 0.000547412782907486
2024-02-14 10:43:30 | TRACE   | query_time, 0.0005436800420284271
2024-02-14 10:43:30 | TRACE   | query_time, 0.0005200468003749847
2024-02-14 10:43:30 | TRACE   | query_time, 0.0005045756697654724
2024-02-14 10:43:30 | TRACE   | query_time, 0.0005438476800918579
2024-02-14 10:43:30 | TRACE   | query_time, 0.0005285721272230148
2024-02-14 10:43:30 | TRACE   | query_time, 0.000641627237200737
2024-02-14 10:43:30 | TRACE   | query_time, 0.00055665522813797
2024-02-14 10:43:30 | TRACE   | query_time, 0.0005241334438323975
2024-02-14 10:43:30 | TRACE   | query_time, 0.0005418192595243454
2024-02-14 10:43:30 | TRACE   | query_time, 0.0005905032157897949
2024-02-14 10:43:30 | TRACE   | query_time, 0.0005242843180894852
2024-02-14 10:43:30 | TRACE   | query_time, 0.0005049053579568863
2024-02-14 10:43:30 | TRACE   | query_time, 0.0005410555750131607
2024-02-14 10:43:30 | TRACE   | query_time, 0.0005333870649337769
2024-02-14 10:43:30 | TRACE   | query_time, 0.000674346461892128
2024-02-14 10:43:30 | TRACE   | query_time, 0.0005333255976438522
2024-02-14 10:43:30 | TRACE   | query_time, 0.0006843898445367813
2024-02-14 10:43:30 | TRACE   | query_time, 0.0005249921232461929
2024-02-14 10:43:30 | TRACE   | query_time, 0.0005477461963891983
2024-02-14 10:43:30 | TRACE   | query_time, 0.0005029849708080292
2024-02-14 10:43:30 | TRACE   | query_time, 0.0006396584212779999
2024-02-14 10:43:30 | TRACE   | query_time, 0.0006663482636213303
2024-02-14 10:43:30 | TRACE   | query_time, 0.0005411151796579361
2024-02-14 10:43:30 | TRACE   | query_time, 0.0005294084548950195
2024-02-14 10:43:30 | TRACE   | query_time, 0.0005426220595836639
2024-02-14 10:43:30 | TRACE   | query_time, 0.0005358550697565079
2024-02-14 10:43:30 | TRACE   | query_time, 0.0005330722779035568
2024-02-14 10:43:30 | TRACE   | query_time, 0.000573551282286644
2024-02-14 10:43:30 | TRACE   | query_time, 0.0005278196185827255
2024-02-14 10:43:30 | TRACE   | query_time, 0.000527549535036087
2024-02-14 10:43:30 | TRACE   | query_time, 0.0005108360201120377
2024-02-14 10:43:30 | TRACE   | query_time, 0.0006631333380937576
2024-02-14 10:43:30 | TRACE   | query_time, 0.0005405060946941376
2024-02-14 10:43:30 | TRACE   | query_time, 0.0006737392395734787
2024-02-14 10:43:30 | TRACE   | query_time, 0.0005285739898681641
2024-02-14 10:43:30 | TRACE   | query_time, 0.0005471073091030121
2024-02-14 10:43:30 | TRACE   | query_time, 0.000548388808965683
2024-02-14 10:43:30 | TRACE   | query_time, 0.0005174688994884491
2024-02-14 10:43:30 | TRACE   | query_time, 0.0005399361252784729
2024-02-14 10:43:30 | TRACE   | query_time, 0.0006356127560138702
2024-02-14 10:43:30 | TRACE   | query_time, 0.0005402956157922745
2024-02-14 10:43:30 | TRACE   | query_time, 0.0005187280476093292
2024-02-14 10:43:30 | TRACE   | query_time, 0.0005110632628202438
2024-02-14 10:43:30 | TRACE   | query_time, 0.00054178386926651
2024-02-14 10:43:30 | TRACE   | query_time, 0.0005213133990764618
2024-02-14 10:43:30 | TRACE   | query_time, 0.0005141627043485641
2024-02-14 10:43:30 | TRACE   | query_time, 0.0005352422595024109
2024-02-14 10:43:30 | TRACE   | query_time, 0.0005153492093086243
2024-02-14 10:43:30 | TRACE   | query_time, 0.0005486123263835907
2024-02-14 10:43:30 | TRACE   | query_time, 0.0005279667675495148
2024-02-14 10:43:30 | TRACE   | query_time, 0.000524105504155159
2024-02-14 10:43:30 | TRACE   | query_time, 0.0005266126245260239
2024-02-14 10:43:30 | TRACE   | query_time, 0.000591052696108818
2024-02-14 10:43:30 | TRACE   | query_time, 0.0005173515528440475
2024-02-14 10:43:30 | TRACE   | query_time, 0.000514347106218338
2024-02-14 10:43:30 | TRACE   | query_time, 0.0005274191498756409
2024-02-14 10:43:30 | TRACE   | query_time, 0.0006858184933662415
2024-02-14 10:43:30 | TRACE   | query_time, 0.0005190800875425339
2024-02-14 10:43:30 | TRACE   | query_time, 0.000530751422047615
2024-02-14 10:43:30 | TRACE   | query_time, 0.0005277767777442932
2024-02-14 10:43:30 | TRACE   | query_time, 0.0006771404296159744
2024-02-14 10:43:30 | TRACE   | query_time, 0.0005302857607603073
2024-02-14 10:43:30 | TRACE   | query_time, 0.0005311835557222366
2024-02-14 10:43:30 | TRACE   | query_time, 0.0005036145448684692
2024-02-14 10:43:30 | TRACE   | query_time, 0.0005236081779003143
2024-02-14 10:43:30 | TRACE   | query_time, 0.0006747562438249588
2024-02-14 10:43:30 | TRACE   | query_time, 0.0005283188074827194
2024-02-14 10:43:30 | TRACE   | query_time, 0.0005222111940383911
2024-02-14 10:43:30 | TRACE   | query_time, 0.0005064569413661957
2024-02-14 10:43:30 | TRACE   | query_time, 0.0005300715565681458
2024-02-14 10:43:30 | TRACE   | query_time, 0.0005221962928771973
2024-02-14 10:43:30 | TRACE   | query_time, 0.0006107538938522339
2024-02-14 10:43:30 | TRACE   | query_time, 0.0005452539771795273
2024-02-14 10:43:30 | TRACE   | query_time, 0.0005190279334783554
2024-02-14 10:43:30 | TRACE   | query_time, 0.0005377493798732758
2024-02-14 10:43:30 | TRACE   | query_time, 0.0006165523082017899
2024-02-14 10:43:30 | TRACE   | query_time, 0.0005314722657203674
2024-02-14 10:43:30 | TRACE   | query_time, 0.0005860123783349991
2024-02-14 10:43:30 | TRACE   | query_time, 0.0005121082067489624
2024-02-14 10:43:30 | TRACE   | query_time, 0.0005368180572986603
2024-02-14 10:43:30 | TRACE   | query_time, 0.0006653610616922379
2024-02-14 10:43:30 | TRACE   | query_time, 0.0005526728928089142
2024-02-14 10:43:30 | TRACE   | query_time, 0.0005321819335222244
2024-02-14 10:43:30 | TRACE   | query_time, 0.0005221422761678696
2024-02-14 10:43:30 | TRACE   | query_time, 0.0004958808422088623
2024-02-14 10:43:30 | TRACE   | query_time, 0.0005386173725128174
2024-02-14 10:43:30 | TRACE   | query_time, 0.000672491267323494
2024-02-14 10:43:30 | TRACE   | query_time, 0.0005333684384822845
2024-02-14 10:43:30 | TRACE   | query_time, 0.0005518794059753418
2024-02-14 10:43:30 | TRACE   | query_time, 0.0005341488867998123
2024-02-14 10:43:30 | TRACE   | query_time, 0.0004880763590335846
2024-02-14 10:43:30 | TRACE   | query_time, 0.0005340538918972015
2024-02-14 10:43:30 | TRACE   | query_time, 0.0005308091640472412
2024-02-14 10:43:30 | TRACE   | query_time, 0.00049578957259655
2024-02-14 10:43:30 | TRACE   | query_time, 0.0006376039236783981
2024-02-14 10:43:30 | TRACE   | query_time, 0.000545872375369072
2024-02-14 10:43:30 | TRACE   | query_time, 0.0005182158201932907
2024-02-14 10:43:30 | TRACE   | query_time, 0.0005404036492109299
2024-02-14 10:43:30 | TRACE   | query_time, 0.0005324743688106537
2024-02-14 10:43:30 | TRACE   | query_time, 0.0005257315933704376
2024-02-14 10:43:30 | TRACE   | query_time, 0.0005849935114383698
2024-02-14 10:43:30 | TRACE   | query_time, 0.0005360636860132217
2024-02-14 10:43:30 | TRACE   | query_time, 0.0006029568612575531
2024-02-14 10:43:30 | TRACE   | query_time, 0.0005208216607570648
2024-02-14 10:43:30 | TRACE   | query_time, 0.0006809122860431671
2024-02-14 10:43:30 | TRACE   | query_time, 0.0005388744175434113
2024-02-14 10:43:30 | TRACE   | query_time, 0.0004874318838119507
2024-02-14 10:43:30 | TRACE   | query_time, 0.0005364324897527695
2024-02-14 10:43:30 | TRACE   | query_time, 0.0005252696573734283
2024-02-14 10:43:30 | TRACE   | query_time, 0.0005313176661729813
2024-02-14 10:43:30 | TRACE   | query_time, 0.0005376823246479034
2024-02-14 10:43:30 | TRACE   | query_time, 0.0005317367613315582
2024-02-14 10:43:30 | TRACE   | query_time, 0.0005156844854354858
2024-02-14 10:43:30 | TRACE   | query_time, 0.0005382075905799866
2024-02-14 10:43:30 | TRACE   | query_time, 0.0006400421261787415
2024-02-14 10:43:30 | TRACE   | query_time, 0.0005470886826515198
2024-02-14 10:43:30 | TRACE   | query_time, 0.0005157254636287689
2024-02-14 10:43:30 | TRACE   | query_time, 0.0005317963659763336
2024-02-14 10:43:30 | TRACE   | query_time, 0.000530412420630455
2024-02-14 10:43:30 | TRACE   | query_time, 0.0005208440124988556
2024-02-14 10:43:30 | TRACE   | query_time, 0.0005008000880479813
2024-02-14 10:43:30 | TRACE   | query_time, 0.0005394220352172852
2024-02-14 10:43:30 | TRACE   | query_time, 0.0004890933632850647
2024-02-14 10:43:30 | TRACE   | query_time, 0.0005316194146871567
2024-02-14 10:43:30 | TRACE   | query_time, 0.0005230344831943512
2024-02-14 10:43:30 | TRACE   | query_time, 0.0006730463355779648
2024-02-14 10:43:30 | TRACE   | query_time, 0.0005302168428897858
2024-02-14 10:43:30 | TRACE   | query_time, 0.0005428493022918701
2024-02-14 10:43:30 | TRACE   | query_time, 0.0005178339779376984
2024-02-14 10:43:30 | TRACE   | query_time, 0.0005307067185640335
2024-02-14 10:43:30 | TRACE   | query_time, 0.0006312411278486252
2024-02-14 10:43:30 | TRACE   | query_time, 0.0005308445543050766
2024-02-14 10:43:30 | TRACE   | query_time, 0.000544210895895958
2024-02-14 10:43:30 | TRACE   | query_time, 0.000545162707567215
2024-02-14 10:43:30 | TRACE   | query_time, 0.0005319640040397644
2024-02-14 10:43:30 | TRACE   | query_time, 0.0005275625735521317
2024-02-14 10:43:30 | TRACE   | query_time, 0.0006384458392858505
2024-02-14 10:43:30 | TRACE   | query_time, 0.0006099473685026169
2024-02-14 10:43:30 | TRACE   | query_time, 0.0005207471549510956
2024-02-14 10:43:30 | TRACE   | query_time, 0.0005439631640911102
2024-02-14 10:43:30 | TRACE   | query_time, 0.0005263593047857285
2024-02-14 10:43:30 | TRACE   | query_time, 0.0006086546927690506
2024-02-14 10:43:30 | TRACE   | query_time, 0.0005225352942943573
2024-02-14 10:43:30 | TRACE   | query_time, 0.0005970951169729233
2024-02-14 10:43:30 | TRACE   | query_time, 0.000516355037689209
2024-02-14 10:43:30 | TRACE   | query_time, 0.0006905030459165573
2024-02-14 10:43:30 | TRACE   | query_time, 0.0005333349108695984
2024-02-14 10:43:30 | TRACE   | query_time, 0.000677863135933876
2024-02-14 10:43:30 | TRACE   | query_time, 0.0005199145525693893
2024-02-14 10:43:30 | TRACE   | query_time, 0.0005424395203590393
2024-02-14 10:43:30 | TRACE   | query_time, 0.0005253460258245468
2024-02-14 10:43:30 | TRACE   | query_time, 0.0005304217338562012
2024-02-14 10:43:30 | TRACE   | query_time, 0.00052652508020401
2024-02-14 10:43:30 | TRACE   | query_time, 0.0005387682467699051
2024-02-14 10:43:30 | TRACE   | query_time, 0.000532984733581543
2024-02-14 10:43:30 | TRACE   | query_time, 0.0005350410938262939
2024-02-14 10:43:30 | TRACE   | query_time, 0.0005276016891002655
2024-02-14 10:43:30 | TRACE   | query_time, 0.0005306173115968704
2024-02-14 10:43:30 | TRACE   | query_time, 0.00048473477363586426
2024-02-14 10:43:30 | TRACE   | query_time, 0.0005306843668222427
2024-02-14 10:43:30 | TRACE   | query_time, 0.0005259886384010315
2024-02-14 10:43:30 | TRACE   | query_time, 0.0005170069634914398
2024-02-14 10:43:30 | TRACE   | query_time, 0.0005272720009088516
2024-02-14 10:43:30 | TRACE   | query_time, 0.0005264915525913239
2024-02-14 10:43:30 | TRACE   | query_time, 0.0005175303667783737
2024-02-14 10:43:30 | TRACE   | query_time, 0.0005883332341909409
2024-02-14 10:43:30 | TRACE   | query_time, 0.0006001107394695282
2024-02-14 10:43:30 | TRACE   | query_time, 0.00048802420496940613
2024-02-14 10:43:30 | TRACE   | query_time, 0.0005217008292675018
2024-02-14 10:43:30 | TRACE   | query_time, 0.0005244947969913483
2024-02-14 10:43:30 | TRACE   | query_time, 0.0005270633846521378
2024-02-14 10:43:30 | TRACE   | query_time, 0.0005317442119121552
2024-02-14 10:43:30 | TRACE   | query_time, 0.0005274154245853424
2024-02-14 10:43:30 | TRACE   | query_time, 0.0006227064877748489
2024-02-14 10:43:30 | TRACE   | query_time, 0.0005301591008901596
2024-02-14 10:43:30 | TRACE   | query_time, 0.0005296897143125534
2024-02-14 10:43:30 | TRACE   | query_time, 0.0004939623177051544
2024-02-14 10:43:30 | TRACE   | query_time, 0.0006119925528764725
2024-02-14 10:43:30 | TRACE   | query_time, 0.0005313735455274582
2024-02-14 10:43:30 | TRACE   | query_time, 0.00046927668154239655
2024-02-14 10:43:30 | TRACE   | query_time, 0.00042249076068401337
2024-02-14 10:43:30 | TRACE   | query_time, 0.00041671283543109894
2024-02-14 10:43:30 | TRACE   | query_time, 0.0004119202494621277
2024-02-14 10:43:30 | TRACE   | query_time, 0.0006792880594730377
2024-02-14 10:43:30 | TRACE   | query_time, 0.0003866851329803467
2024-02-14 10:43:30 | TRACE   | query_time, 0.00040963292121887207
2024-02-14 10:43:30 | TRACE   | query_time, 0.0006590671837329865
2024-02-14 10:43:30 | TRACE   | query_time, 0.00041209906339645386
2024-02-14 10:43:30 | TRACE   | query_time, 0.0006781779229640961
2024-02-14 10:43:30 | TRACE   | query_time, 0.00043046288192272186
2024-02-14 10:43:30 | TRACE   | query_time, 0.0004496350884437561
2024-02-14 10:43:30 | TRACE   | query_time, 0.0004313793033361435
2024-02-14 10:43:30 | TRACE   | query_time, 0.0004277750849723816
2024-02-14 10:43:30 | TRACE   | query_time, 0.0006407480686903
2024-02-14 10:43:30 | TRACE   | query_time, 0.0004123244434595108
2024-02-14 10:43:30 | TRACE   | query_time, 0.0004049483686685562
2024-02-14 10:43:30 | TRACE   | query_time, 0.0004647262394428253
2024-02-14 10:43:30 | TRACE   | query_time, 0.00043210387229919434
2024-02-14 10:43:30 | TRACE   | query_time, 0.00043144263327121735
2024-02-14 10:43:30 | TRACE   | query_time, 0.00043493881821632385
2024-02-14 10:43:30 | TRACE   | query_time, 0.000611843541264534
2024-02-14 10:43:30 | TRACE   | query_time, 0.00041457079350948334
2024-02-14 10:43:30 | TRACE   | query_time, 0.0004566255956888199
2024-02-14 10:43:30 | TRACE   | query_time, 0.0057981498539447784
2024-02-14 10:43:30 | TRACE   | query_time, 0.005902277305722237
2024-02-14 10:43:30 | TRACE   | query_time, 0.005153769627213478
2024-02-14 10:43:30 | TRACE   | query_time, 0.0049575213342905045
2024-02-14 10:43:30 | TRACE   | query_time, 0.0052892956882715225
2024-02-14 10:43:30 | TRACE   | query_time, 0.004939746111631393
2024-02-14 10:43:30 | TRACE   | query_time, 0.004875168204307556
2024-02-14 10:43:30 | TRACE   | query_time, 0.005178699269890785
2024-02-14 10:43:30 | TRACE   | query_time, 0.004835654050111771
2024-02-14 10:43:30 | TRACE   | query_time, 0.004835315048694611
2024-02-14 10:43:30 | TRACE   | query_time, 0.005116662010550499
2024-02-14 10:43:30 | TRACE   | query_time, 0.004858812317252159
2024-02-14 10:43:30 | TRACE   | query_time, 0.00508362241089344
2024-02-14 10:43:30 | TRACE   | query_time, 0.004841400310397148
2024-02-14 10:43:30 | TRACE   | query_time, 0.004846110939979553
2024-02-14 10:43:30 | TRACE   | query_time, 0.004988556727766991
2024-02-14 10:43:30 | TRACE   | query_time, 0.005232322961091995
2024-02-14 10:43:30 | TRACE   | query_time, 0.004820708185434341
2024-02-14 10:43:30 | TRACE   | query_time, 0.004801174625754356
2024-02-14 10:43:30 | TRACE   | query_time, 0.004791742190718651
2024-02-14 10:43:30 | TRACE   | query_time, 0.004752639681100845
2024-02-14 10:43:30 | TRACE   | query_time, 0.005029626190662384
2024-02-14 10:43:30 | TRACE   | query_time, 0.004709780216217041
2024-02-14 10:43:30 | TRACE   | query_time, 0.004740511998534203
2024-02-14 10:43:30 | TRACE   | query_time, 0.005010666325688362
2024-02-14 10:43:30 | TRACE   | query_time, 0.004964249208569527
2024-02-14 10:43:30 | TRACE   | query_time, 0.005057103931903839
2024-02-14 10:43:30 | TRACE   | query_time, 0.005084903910756111
2024-02-14 10:43:30 | TRACE   | query_time, 0.004937333986163139
2024-02-14 10:43:30 | TRACE   | query_time, 0.004665439948439598
2024-02-14 10:43:30 | TRACE   | query_time, 0.0046021174639463425
2024-02-14 10:43:30 | TRACE   | query_time, 0.004796629771590233
2024-02-14 10:43:30 | TRACE   | query_time, 0.0046597253531217575
2024-02-14 10:43:30 | TRACE   | query_time, 0.005104111507534981
2024-02-14 10:43:30 | TRACE   | query_time, 0.004718877375125885
2024-02-14 10:43:30 | TRACE   | query_time, 0.0045893434435129166
2024-02-14 10:43:30 | TRACE   | query_time, 0.004715271294116974
2024-02-14 10:43:30 | TRACE   | query_time, 0.0049494244158267975
2024-02-14 10:43:30 | TRACE   | query_time, 0.004874512553215027
2024-02-14 10:43:30 | TRACE   | query_time, 0.004701718688011169
2024-02-14 10:43:30 | TRACE   | query_time, 0.004705239087343216
2024-02-14 10:43:30 | TRACE   | query_time, 0.004577362909913063
2024-02-14 10:43:30 | TRACE   | query_time, 0.004773387685418129
2024-02-14 10:43:30 | TRACE   | query_time, 0.00470966100692749
2024-02-14 10:43:30 | TRACE   | query_time, 0.0048974379897117615
2024-02-14 10:43:30 | TRACE   | query_time, 0.004731012508273125
2024-02-14 10:43:30 | TRACE   | query_time, 0.004698298871517181
2024-02-14 10:43:30 | TRACE   | query_time, 0.004828875884413719
2024-02-14 10:43:30 | TRACE   | query_time, 0.004697924479842186
2024-02-14 10:43:30 | TRACE   | query_time, 0.004718773066997528
2024-02-14 10:43:30 | TRACE   | query_time, 0.00465933233499527
2024-02-14 10:43:30 | TRACE   | query_time, 0.0048692189157009125
2024-02-14 10:43:30 | TRACE   | query_time, 0.004825413227081299
2024-02-14 10:43:30 | TRACE   | query_time, 0.004988754168152809
2024-02-14 10:43:30 | TRACE   | query_time, 0.0047227926552295685
2024-02-14 10:43:30 | TRACE   | query_time, 0.002964131534099579
2024-02-14 10:43:30 | TRACE   | query_time, 0.005078146234154701
2024-02-14 10:43:30 | TRACE   | query_time, 0.0049829669296741486
2024-02-14 10:43:30 | TRACE   | query_time, 0.00472642108798027
2024-02-14 10:43:30 | TRACE   | query_time, 0.004915889352560043
2024-02-14 10:43:30 | TRACE   | query_time, 0.004717335104942322
2024-02-14 10:43:30 | TRACE   | query_time, 0.004983346909284592
2024-02-14 10:43:30 | TRACE   | query_time, 0.005455320701003075
2024-02-14 10:43:30 | TRACE   | query_time, 0.00491049699485302
2024-02-14 10:43:30 | TRACE   | query_time, 0.0055052731186151505
2024-02-14 10:43:30 | TRACE   | query_time, 0.005635164678096771
2024-02-14 10:43:30 | TRACE   | query_time, 0.00506310909986496
2024-02-14 10:43:30 | TRACE   | query_time, 0.0029006265103816986
2024-02-14 10:43:30 | TRACE   | query_time, 0.005033332854509354
2024-02-14 10:43:30 | TRACE   | query_time, 0.004721876233816147
2024-02-14 10:43:30 | TRACE   | query_time, 0.004876317456364632
2024-02-14 10:43:31 | TRACE   | query_time, 0.004657141864299774
2024-02-14 10:43:31 | TRACE   | query_time, 0.004678623750805855
2024-02-14 10:43:31 | TRACE   | query_time, 0.004657123237848282
2024-02-14 10:43:31 | TRACE   | query_time, 0.004829220473766327
2024-02-14 10:43:31 | TRACE   | query_time, 0.004643524065613747
2024-02-14 10:43:31 | TRACE   | query_time, 0.004614099860191345
2024-02-14 10:43:31 | TRACE   | query_time, 0.004786068573594093
2024-02-14 10:43:31 | TRACE   | query_time, 0.004593644291162491
2024-02-14 10:43:31 | TRACE   | query_time, 0.004651308059692383
2024-02-14 10:43:31 | TRACE   | query_time, 0.004633566364645958
2024-02-14 10:43:31 | TRACE   | query_time, 0.004928454756736755
2024-02-14 10:43:31 | TRACE   | query_time, 0.0053634364157915115
2024-02-14 10:43:31 | TRACE   | query_time, 0.004804424941539764
2024-02-14 10:43:31 | TRACE   | query_time, 0.004900544881820679
2024-02-14 10:43:31 | TRACE   | query_time, 0.0028486959636211395
2024-02-14 10:43:31 | TRACE   | query_time, 0.003277931362390518
2024-02-14 10:43:31 | TRACE   | query_time, 0.0032042134553194046
2024-02-14 10:43:31 | TRACE   | query_time, 0.00311896950006485
2024-02-14 10:43:31 | TRACE   | query_time, 0.0031337179243564606
2024-02-14 10:43:31 | TRACE   | query_time, 0.0032291878014802933
2024-02-14 10:43:31 | TRACE   | query_time, 0.0051764994859695435
2024-02-14 10:43:31 | TRACE   | query_time, 0.004858832806348801
2024-02-14 10:43:31 | TRACE   | query_time, 0.0048774052411317825
2024-02-14 10:43:31 | TRACE   | query_time, 0.005430750548839569
2024-02-14 10:43:31 | TRACE   | query_time, 0.0028998814523220062
2024-02-14 10:43:31 | TRACE   | query_time, 0.005694063380360603
2024-02-14 10:43:31 | TRACE   | query_time, 0.00496051087975502
2024-02-14 10:43:31 | TRACE   | query_time, 0.002860795706510544
2024-02-14 10:43:31 | TRACE   | query_time, 0.003059063106775284
2024-02-14 10:43:31 | TRACE   | query_time, 0.003214653581380844
2024-02-14 10:43:31 | TRACE   | query_time, 0.0031383130699396133
2024-02-14 10:43:31 | TRACE   | query_time, 0.003058798611164093
2024-02-14 10:43:31 | TRACE   | query_time, 0.0032391995191574097
2024-02-14 10:43:31 | TRACE   | query_time, 0.0034112446010112762
2024-02-14 10:43:31 | TRACE   | query_time, 0.003064582124352455
2024-02-14 10:43:31 | TRACE   | query_time, 0.0031958427280187607
2024-02-14 10:43:31 | TRACE   | query_time, 0.003201337531208992
2024-02-14 10:43:31 | TRACE   | query_time, 0.003234393894672394
2024-02-14 10:43:31 | TRACE   | query_time, 0.003416106104850769
2024-02-14 10:43:31 | TRACE   | query_time, 0.0032742004841566086
2024-02-14 10:43:31 | TRACE   | query_time, 0.005610063672065735
2024-02-14 10:43:31 | TRACE   | query_time, 0.005240706726908684
2024-02-14 10:43:31 | TRACE   | query_time, 0.003032747656106949
2024-02-14 10:43:31 | TRACE   | query_time, 0.0031277965754270554
2024-02-14 10:43:31 | TRACE   | query_time, 0.003009149804711342
2024-02-14 10:43:31 | TRACE   | query_time, 0.0030483752489089966
2024-02-14 10:43:31 | TRACE   | query_time, 0.003083936870098114
2024-02-14 10:43:31 | TRACE   | query_time, 0.002990392968058586
2024-02-14 10:43:31 | TRACE   | query_time, 0.00299704447388649
2024-02-14 10:43:31 | TRACE   | query_time, 0.0032003242522478104
2024-02-14 10:43:31 | TRACE   | query_time, 0.0052911583334207535
2024-02-14 10:43:31 | TRACE   | query_time, 0.0027524083852767944
2024-02-14 10:43:31 | TRACE   | query_time, 0.0033418312668800354
2024-02-14 10:43:31 | TRACE   | query_time, 0.0032008346170186996
2024-02-14 10:43:31 | TRACE   | query_time, 0.008818203583359718
2024-02-14 10:43:31 | TRACE   | query_time, 0.008257126435637474
2024-02-14 10:43:31 | TRACE   | query_time, 0.008086003363132477
2024-02-14 10:43:31 | TRACE   | query_time, 0.008151808753609657
2024-02-14 10:43:31 | TRACE   | query_time, 0.007852807641029358
2024-02-14 10:43:31 | TRACE   | query_time, 0.007971040904521942
2024-02-14 10:43:31 | TRACE   | query_time, 0.007843401283025742
2024-02-14 10:43:31 | TRACE   | query_time, 0.007992411032319069
2024-02-14 10:43:31 | TRACE   | query_time, 0.00804629735648632
2024-02-14 10:43:31 | TRACE   | query_time, 0.008264122530817986
2024-02-14 10:43:31 | TRACE   | query_time, 0.008327679708600044
2024-02-14 10:43:31 | TRACE   | query_time, 0.008210612460970879
2024-02-14 10:43:31 | TRACE   | query_time, 0.008073916658759117
2024-02-14 10:43:31 | TRACE   | query_time, 0.008109340444207191
2024-02-14 10:43:31 | TRACE   | query_time, 0.008025199174880981
2024-02-14 10:43:31 | TRACE   | query_time, 0.008009282872080803
2024-02-14 10:43:31 | TRACE   | query_time, 0.00794002041220665
2024-02-14 10:43:31 | TRACE   | query_time, 0.007902337238192558
2024-02-14 10:43:31 | TRACE   | query_time, 0.007921256124973297
2024-02-14 10:43:31 | TRACE   | query_time, 0.0079293642193079
2024-02-14 10:43:31 | TRACE   | query_time, 0.00801069289445877
2024-02-14 10:43:31 | TRACE   | query_time, 0.008000165224075317
2024-02-14 10:43:31 | TRACE   | query_time, 0.007678834721446037
2024-02-14 10:43:31 | TRACE   | query_time, 0.0076467543840408325
2024-02-14 10:43:31 | TRACE   | query_time, 0.0074926745146512985
2024-02-14 10:43:31 | TRACE   | query_time, 0.0074032992124557495
2024-02-14 10:43:31 | TRACE   | query_time, 0.007413579151034355
2024-02-14 10:43:31 | TRACE   | query_time, 0.007692873477935791
2024-02-14 10:43:31 | TRACE   | query_time, 0.007609307765960693
2024-02-14 10:43:31 | TRACE   | query_time, 0.007589338347315788
2024-02-14 10:43:31 | TRACE   | query_time, 0.007505230605602264
2024-02-14 10:43:31 | TRACE   | query_time, 0.0075222402811050415
2024-02-14 10:43:31 | TRACE   | query_time, 0.0074270348995924
2024-02-14 10:43:31 | TRACE   | query_time, 0.007484845817089081
2024-02-14 10:43:31 | TRACE   | query_time, 0.007408086210489273
2024-02-14 10:43:31 | TRACE   | query_time, 0.0075920987874269485
2024-02-14 10:43:31 | TRACE   | query_time, 0.007452633231878281
2024-02-14 10:43:31 | TRACE   | query_time, 0.0074411071836948395
2024-02-14 10:43:31 | TRACE   | query_time, 0.0075320713222026825
2024-02-14 10:43:31 | TRACE   | query_time, 0.00760614313185215
2024-02-14 10:43:31 | TRACE   | query_time, 0.00755026750266552
2024-02-14 10:43:31 | TRACE   | query_time, 0.007494352757930756
2024-02-14 10:43:31 | TRACE   | query_time, 0.007523905485868454
2024-02-14 10:43:31 | TRACE   | query_time, 0.007520999759435654
2024-02-14 10:43:31 | TRACE   | query_time, 0.00725308433175087
2024-02-14 10:43:31 | TRACE   | query_time, 0.007363207638263702
2024-02-14 10:43:31 | TRACE   | query_time, 0.007368432357907295
2024-02-14 10:43:31 | TRACE   | query_time, 0.007540319114923477
2024-02-14 10:43:31 | TRACE   | query_time, 0.0074416641145944595
2024-02-14 10:43:31 | TRACE   | query_time, 0.007783818989992142
2024-02-14 10:43:31 | TRACE   | query_time, 0.007521441206336021
2024-02-14 10:43:31 | TRACE   | query_time, 0.007502343505620956
2024-02-14 10:43:31 | TRACE   | query_time, 0.007456919178366661
2024-02-14 10:43:31 | TRACE   | query_time, 0.0072068702429533005
2024-02-14 10:43:31 | TRACE   | query_time, 0.007364301010966301
2024-02-14 10:43:31 | TRACE   | query_time, 0.007392134517431259
2024-02-14 10:43:31 | TRACE   | query_time, 0.007504846900701523
2024-02-14 10:43:31 | TRACE   | query_time, 0.007387463003396988
2024-02-14 10:43:31 | TRACE   | query_time, 0.007270960137248039
2024-02-14 10:43:31 | TRACE   | query_time, 0.007431434467434883
2024-02-14 10:43:31 | TRACE   | query_time, 0.007278880104422569
2024-02-14 10:43:31 | TRACE   | query_time, 0.007428843528032303
2024-02-14 10:43:31 | TRACE   | query_time, 0.007314139977097511
2024-02-14 10:43:31 | TRACE   | query_time, 0.007182598114013672
2024-02-14 10:43:31 | TRACE   | query_time, 0.007238013669848442
2024-02-14 10:43:31 | TRACE   | query_time, 0.007312208414077759
2024-02-14 10:43:31 | TRACE   | query_time, 0.007478352636098862
2024-02-14 10:43:31 | TRACE   | query_time, 0.007235292345285416
2024-02-14 10:43:31 | TRACE   | query_time, 0.0074447523802518845
2024-02-14 10:43:31 | TRACE   | query_time, 0.007292196154594421
2024-02-14 10:43:31 | TRACE   | query_time, 0.007355088368058205
2024-02-14 10:43:31 | TRACE   | query_time, 0.007284153252840042
2024-02-14 10:43:31 | TRACE   | query_time, 0.007276061922311783
2024-02-14 10:43:31 | TRACE   | query_time, 0.007295340299606323
2024-02-14 10:43:31 | TRACE   | query_time, 0.007175805047154427
2024-02-14 10:43:31 | TRACE   | query_time, 0.007339993491768837
2024-02-14 10:43:31 | TRACE   | query_time, 0.007396731525659561
2024-02-14 10:43:31 | TRACE   | query_time, 0.007253490388393402
2024-02-14 10:43:31 | TRACE   | query_time, 0.007233336567878723
2024-02-14 10:43:31 | TRACE   | query_time, 0.007390802726149559
2024-02-14 10:43:31 | TRACE   | query_time, 0.007176270708441734
2024-02-14 10:43:31 | TRACE   | query_time, 0.007133476436138153
2024-02-14 10:43:31 | TRACE   | query_time, 0.007300836965441704
2024-02-14 10:43:31 | TRACE   | query_time, 0.0071381330490112305
2024-02-14 10:43:31 | TRACE   | query_time, 0.0071169473230838776
2024-02-14 10:43:31 | TRACE   | query_time, 0.0073213595896959305
2024-02-14 10:43:31 | TRACE   | query_time, 0.007186943665146828
2024-02-14 10:43:31 | TRACE   | query_time, 0.00317210890352726
2024-02-14 10:43:31 | TRACE   | query_time, 0.007418064400553703
2024-02-14 10:43:31 | TRACE   | query_time, 0.007196798920631409
2024-02-14 10:43:31 | TRACE   | query_time, 0.007331933826208115
2024-02-14 10:43:31 | TRACE   | query_time, 0.007250629365444183
2024-02-14 10:43:31 | TRACE   | query_time, 0.007183996960520744
2024-02-14 10:43:31 | TRACE   | query_time, 0.007091691717505455
2024-02-14 10:43:31 | TRACE   | query_time, 0.0069031063467264175
2024-02-14 10:43:31 | TRACE   | query_time, 0.007074730470776558
2024-02-14 10:43:31 | TRACE   | query_time, 0.007158365100622177
2024-02-14 10:43:31 | TRACE   | query_time, 0.007177542895078659
2024-02-14 10:43:31 | TRACE   | query_time, 0.0071336254477500916
2024-02-14 10:43:31 | TRACE   | query_time, 0.007141612470149994
2024-02-14 10:43:31 | TRACE   | query_time, 0.006987633183598518
2024-02-14 10:43:31 | TRACE   | query_time, 0.005711544305086136
2024-02-14 10:43:32 | TRACE   | query_time, 0.005255410447716713
2024-02-14 10:43:32 | TRACE   | query_time, 0.0052051786333322525
2024-02-14 10:43:32 | TRACE   | query_time, 0.0052165016531944275
2024-02-14 10:43:32 | TRACE   | query_time, 0.005085550248622894
2024-02-14 10:43:32 | TRACE   | query_time, 0.005035515874624252
2024-02-14 10:43:32 | TRACE   | query_time, 0.004994284361600876
2024-02-14 10:43:32 | TRACE   | query_time, 0.004856584593653679
2024-02-14 10:43:32 | TRACE   | query_time, 0.004746472463011742
2024-02-14 10:43:32 | TRACE   | query_time, 0.004753222689032555
2024-02-14 10:43:32 | TRACE   | query_time, 0.004938213154673576
2024-02-14 10:43:32 | TRACE   | query_time, 0.004747461527585983
2024-02-14 10:43:32 | TRACE   | query_time, 0.004705624654889107
2024-02-14 10:43:32 | TRACE   | query_time, 0.004736751317977905
2024-02-14 10:43:32 | TRACE   | query_time, 0.004611043259501457
2024-02-14 10:43:32 | TRACE   | query_time, 0.004545323550701141
2024-02-14 10:43:32 | TRACE   | query_time, 0.004634056240320206
2024-02-14 10:43:32 | TRACE   | query_time, 0.0045883189886808395
2024-02-14 10:43:32 | TRACE   | query_time, 0.0045126620680093765
2024-02-14 10:43:32 | TRACE   | query_time, 0.004394577816128731
2024-02-14 10:43:32 | TRACE   | query_time, 0.004529872909188271
2024-02-14 10:43:32 | TRACE   | query_time, 0.004500648006796837
2024-02-14 10:43:32 | TRACE   | query_time, 0.004366118460893631
2024-02-14 10:43:32 | TRACE   | query_time, 0.004449320957064629
2024-02-14 10:43:32 | TRACE   | query_time, 0.0043587759137153625
2024-02-14 10:43:32 | TRACE   | query_time, 0.004399830475449562
2024-02-14 10:43:32 | TRACE   | query_time, 0.004391515627503395
2024-02-14 10:43:32 | TRACE   | query_time, 0.004293637350201607
2024-02-14 10:43:32 | TRACE   | query_time, 0.004299955442547798
2024-02-14 10:43:32 | TRACE   | query_time, 0.004401763901114464
2024-02-14 10:43:32 | TRACE   | query_time, 0.004224138334393501
2024-02-14 10:43:32 | TRACE   | query_time, 0.004312295466661453
2024-02-14 10:43:32 | TRACE   | query_time, 0.004378115758299828
2024-02-14 10:43:32 | TRACE   | query_time, 0.004302123561501503
2024-02-14 10:43:32 | TRACE   | query_time, 0.004238637164235115
2024-02-14 10:43:32 | TRACE   | query_time, 0.004297034814953804
2024-02-14 10:43:32 | TRACE   | query_time, 0.0042471978813409805
2024-02-14 10:43:32 | TRACE   | query_time, 0.004136163741350174
