2024-02-14 10:46:29 | DEBUG   | {'input': PosixPath('data/open_data_usa/indices/microbenchmarks/rebinning-k750.zst'), 'input_type': 'index', 'queries': PosixPath('data/open_data_usa/queries/microbenchmarks.zst'), 'estimation_mode': None, 'index_mode': 'recall', 'output': None, 'workers': None, 'frequency_hists': False, 'suppress_results': False, 'log_level': 'INFO', 'log_file': PosixPath('logs/microbenchmarks/runtime/open_data_usa-rebinning-k750-single-2.log')}
2024-02-14 10:46:29 | DEBUG   | Loading input data from data/open_data_usa/indices/microbenchmarks/rebinning-k750.zst
2024-02-14 10:46:29 | DEBUG   | Loading queries from data/open_data_usa/queries/microbenchmarks.zst
2024-02-14 10:46:29 | TRACE   | bootstrap_time, 0.1240765992552042
2024-02-14 10:46:29 | DEBUG   | Starting execution
2024-02-14 10:46:29 | TRACE   | query_time, 0.0015929918736219406
2024-02-14 10:46:29 | TRACE   | query_time, 0.0011503025889396667
2024-02-14 10:46:29 | TRACE   | query_time, 0.0011462923139333725
2024-02-14 10:46:29 | TRACE   | query_time, 0.0011191405355930328
2024-02-14 10:46:29 | TRACE   | query_time, 0.001092422753572464
2024-02-14 10:46:29 | TRACE   | query_time, 0.0011212248355150223
2024-02-14 10:46:29 | TRACE   | query_time, 0.001422761008143425
2024-02-14 10:46:29 | TRACE   | query_time, 0.0011290442198514938
2024-02-14 10:46:29 | TRACE   | query_time, 0.0010808911174535751
2024-02-14 10:46:29 | TRACE   | query_time, 0.0012109559029340744
2024-02-14 10:46:29 | TRACE   | query_time, 0.0011156760156154633
2024-02-14 10:46:29 | TRACE   | query_time, 0.0011054407805204391
2024-02-14 10:46:29 | TRACE   | query_time, 0.0011117905378341675
2024-02-14 10:46:29 | TRACE   | query_time, 0.00112844817340374
2024-02-14 10:46:29 | TRACE   | query_time, 0.0011435355991125107
2024-02-14 10:46:29 | TRACE   | query_time, 0.0011128336191177368
2024-02-14 10:46:29 | TRACE   | query_time, 0.0011352524161338806
2024-02-14 10:46:29 | TRACE   | query_time, 0.0011527836322784424
2024-02-14 10:46:29 | TRACE   | query_time, 0.0010311082005500793
2024-02-14 10:46:29 | TRACE   | query_time, 0.0011428426951169968
2024-02-14 10:46:29 | TRACE   | query_time, 0.0013047903776168823
2024-02-14 10:46:29 | TRACE   | query_time, 0.0010289959609508514
2024-02-14 10:46:29 | TRACE   | query_time, 0.0011324156075716019
2024-02-14 10:46:29 | TRACE   | query_time, 0.0010400563478469849
2024-02-14 10:46:29 | TRACE   | query_time, 0.0009932797402143478
2024-02-14 10:46:29 | TRACE   | query_time, 0.0011529624462127686
2024-02-14 10:46:29 | TRACE   | query_time, 0.0010301601141691208
2024-02-14 10:46:29 | TRACE   | query_time, 0.0012551192194223404
2024-02-14 10:46:29 | TRACE   | query_time, 0.001147441565990448
2024-02-14 10:46:29 | TRACE   | query_time, 0.0009976234287023544
2024-02-14 10:46:29 | TRACE   | query_time, 0.0014285501092672348
2024-02-14 10:46:29 | TRACE   | query_time, 0.0011506397277116776
2024-02-14 10:46:29 | TRACE   | query_time, 0.0011444594711065292
2024-02-14 10:46:29 | TRACE   | query_time, 0.0011511705815792084
2024-02-14 10:46:29 | TRACE   | query_time, 0.001156425103545189
2024-02-14 10:46:29 | TRACE   | query_time, 0.0010257549583911896
2024-02-14 10:46:29 | TRACE   | query_time, 0.0010141171514987946
2024-02-14 10:46:29 | TRACE   | query_time, 0.001406017690896988
2024-02-14 10:46:29 | TRACE   | query_time, 0.0011346153914928436
2024-02-14 10:46:29 | TRACE   | query_time, 0.0012832283973693848
2024-02-14 10:46:29 | TRACE   | query_time, 0.001031266525387764
2024-02-14 10:46:29 | TRACE   | query_time, 0.0013167187571525574
2024-02-14 10:46:29 | TRACE   | query_time, 0.001063888892531395
2024-02-14 10:46:29 | TRACE   | query_time, 0.0012827757745981216
2024-02-14 10:46:29 | TRACE   | query_time, 0.0010235477238893509
2024-02-14 10:46:29 | TRACE   | query_time, 0.0010550450533628464
2024-02-14 10:46:29 | TRACE   | query_time, 0.0010473765432834625
2024-02-14 10:46:29 | TRACE   | query_time, 0.001245042309165001
2024-02-14 10:46:29 | TRACE   | query_time, 0.001024613156914711
2024-02-14 10:46:29 | TRACE   | query_time, 0.0010457225143909454
2024-02-14 10:46:29 | TRACE   | query_time, 0.0014680679887533188
2024-02-14 10:46:29 | TRACE   | query_time, 0.001028822734951973
2024-02-14 10:46:29 | TRACE   | query_time, 0.0014066938310861588
2024-02-14 10:46:29 | TRACE   | query_time, 0.0010270960628986359
2024-02-14 10:46:29 | TRACE   | query_time, 0.0010464247316122055
2024-02-14 10:46:29 | TRACE   | query_time, 0.00128948874771595
2024-02-14 10:46:29 | TRACE   | query_time, 0.001027323305606842
2024-02-14 10:46:29 | TRACE   | query_time, 0.0010146833956241608
2024-02-14 10:46:29 | TRACE   | query_time, 0.0010408516973257065
2024-02-14 10:46:29 | TRACE   | query_time, 0.0010072402656078339
2024-02-14 10:46:29 | TRACE   | query_time, 0.0010416191071271896
2024-02-14 10:46:29 | TRACE   | query_time, 0.001031016930937767
2024-02-14 10:46:29 | TRACE   | query_time, 0.0014456156641244888
2024-02-14 10:46:29 | TRACE   | query_time, 0.0010222718119621277
2024-02-14 10:46:29 | TRACE   | query_time, 0.001028500497341156
2024-02-14 10:46:29 | TRACE   | query_time, 0.0010297242552042007
2024-02-14 10:46:29 | TRACE   | query_time, 0.0010368898510932922
2024-02-14 10:46:29 | TRACE   | query_time, 0.0010256655514240265
2024-02-14 10:46:29 | TRACE   | query_time, 0.001021459698677063
2024-02-14 10:46:29 | TRACE   | query_time, 0.0010277610272169113
2024-02-14 10:46:29 | TRACE   | query_time, 0.0010332167148590088
2024-02-14 10:46:29 | TRACE   | query_time, 0.00099087692797184
2024-02-14 10:46:29 | TRACE   | query_time, 0.0010314732789993286
2024-02-14 10:46:29 | TRACE   | query_time, 0.0010514035820960999
2024-02-14 10:46:29 | TRACE   | query_time, 0.0012813806533813477
2024-02-14 10:46:29 | TRACE   | query_time, 0.0010225754231214523
2024-02-14 10:46:29 | TRACE   | query_time, 0.0010600686073303223
2024-02-14 10:46:29 | TRACE   | query_time, 0.0010388363152742386
2024-02-14 10:46:29 | TRACE   | query_time, 0.0010227113962173462
2024-02-14 10:46:29 | TRACE   | query_time, 0.0010390076786279678
2024-02-14 10:46:29 | TRACE   | query_time, 0.0010254159569740295
2024-02-14 10:46:29 | TRACE   | query_time, 0.0010220948606729507
2024-02-14 10:46:29 | TRACE   | query_time, 0.0010280460119247437
2024-02-14 10:46:29 | TRACE   | query_time, 0.0013715662062168121
2024-02-14 10:46:29 | TRACE   | query_time, 0.00100652314722538
2024-02-14 10:46:29 | TRACE   | query_time, 0.0011367928236722946
2024-02-14 10:46:29 | TRACE   | query_time, 0.0010429322719573975
2024-02-14 10:46:29 | TRACE   | query_time, 0.0010244697332382202
2024-02-14 10:46:29 | TRACE   | query_time, 0.0010373201221227646
2024-02-14 10:46:29 | TRACE   | query_time, 0.00105288065969944
2024-02-14 10:46:29 | TRACE   | query_time, 0.0013661757111549377
2024-02-14 10:46:29 | TRACE   | query_time, 0.001023588702082634
2024-02-14 10:46:29 | TRACE   | query_time, 0.0010388679802417755
2024-02-14 10:46:29 | TRACE   | query_time, 0.0010255519300699234
2024-02-14 10:46:29 | TRACE   | query_time, 0.0010326597839593887
2024-02-14 10:46:29 | TRACE   | query_time, 0.0010387040674686432
2024-02-14 10:46:29 | TRACE   | query_time, 0.0010288003832101822
2024-02-14 10:46:29 | TRACE   | query_time, 0.0009977612644433975
2024-02-14 10:46:29 | TRACE   | query_time, 0.0010193493217229843
2024-02-14 10:46:29 | TRACE   | query_time, 0.0010272879153490067
2024-02-14 10:46:29 | TRACE   | query_time, 0.0013900883495807648
2024-02-14 10:46:29 | TRACE   | query_time, 0.0011035837233066559
2024-02-14 10:46:29 | TRACE   | query_time, 0.001033872365951538
2024-02-14 10:46:29 | TRACE   | query_time, 0.0010186228901147842
2024-02-14 10:46:29 | TRACE   | query_time, 0.0010181963443756104
2024-02-14 10:46:29 | TRACE   | query_time, 0.0010474193841218948
2024-02-14 10:46:29 | TRACE   | query_time, 0.0010268297046422958
2024-02-14 10:46:29 | TRACE   | query_time, 0.001030709594488144
2024-02-14 10:46:29 | TRACE   | query_time, 0.0009983405470848083
2024-02-14 10:46:29 | TRACE   | query_time, 0.0010398346930742264
2024-02-14 10:46:29 | TRACE   | query_time, 0.0009782928973436356
2024-02-14 10:46:29 | TRACE   | query_time, 0.0010170899331569672
2024-02-14 10:46:29 | TRACE   | query_time, 0.0013770703226327896
2024-02-14 10:46:29 | TRACE   | query_time, 0.0010156314820051193
2024-02-14 10:46:29 | TRACE   | query_time, 0.001022249460220337
2024-02-14 10:46:29 | TRACE   | query_time, 0.0011674705892801285
2024-02-14 10:46:29 | TRACE   | query_time, 0.0013982076197862625
2024-02-14 10:46:29 | TRACE   | query_time, 0.0009979791939258575
2024-02-14 10:46:29 | TRACE   | query_time, 0.0010223425924777985
2024-02-14 10:46:29 | TRACE   | query_time, 0.001402776688337326
2024-02-14 10:46:29 | TRACE   | query_time, 0.0010000728070735931
2024-02-14 10:46:29 | TRACE   | query_time, 0.0010082311928272247
2024-02-14 10:46:29 | TRACE   | query_time, 0.0011132415384054184
2024-02-14 10:46:29 | TRACE   | query_time, 0.0010281354188919067
2024-02-14 10:46:29 | TRACE   | query_time, 0.0010305140167474747
2024-02-14 10:46:29 | TRACE   | query_time, 0.0010313279926776886
2024-02-14 10:46:29 | TRACE   | query_time, 0.0010086335241794586
2024-02-14 10:46:29 | TRACE   | query_time, 0.0009884722530841827
2024-02-14 10:46:29 | TRACE   | query_time, 0.00098327174782753
2024-02-14 10:46:29 | TRACE   | query_time, 0.0011040158569812775
2024-02-14 10:46:29 | TRACE   | query_time, 0.0010318141430616379
2024-02-14 10:46:29 | TRACE   | query_time, 0.0010255072265863419
2024-02-14 10:46:29 | TRACE   | query_time, 0.0009926650673151016
2024-02-14 10:46:29 | TRACE   | query_time, 0.0010122023522853851
2024-02-14 10:46:29 | TRACE   | query_time, 0.0010379888117313385
2024-02-14 10:46:29 | TRACE   | query_time, 0.0013662464916706085
2024-02-14 10:46:29 | TRACE   | query_time, 0.001013968139886856
2024-02-14 10:46:29 | TRACE   | query_time, 0.0010599195957183838
2024-02-14 10:46:29 | TRACE   | query_time, 0.0010262392461299896
2024-02-14 10:46:29 | TRACE   | query_time, 0.001160142943263054
2024-02-14 10:46:29 | TRACE   | query_time, 0.0010090209543704987
2024-02-14 10:46:29 | TRACE   | query_time, 0.000986207276582718
2024-02-14 10:46:29 | TRACE   | query_time, 0.00102335587143898
2024-02-14 10:46:29 | TRACE   | query_time, 0.001016821712255478
2024-02-14 10:46:29 | TRACE   | query_time, 0.0013952367007732391
2024-02-14 10:46:29 | TRACE   | query_time, 0.0010088924318552017
2024-02-14 10:46:29 | TRACE   | query_time, 0.0013970956206321716
2024-02-14 10:46:29 | TRACE   | query_time, 0.000993369147181511
2024-02-14 10:46:29 | TRACE   | query_time, 0.0010091420263051987
2024-02-14 10:46:29 | TRACE   | query_time, 0.000986635684967041
2024-02-14 10:46:29 | TRACE   | query_time, 0.001245688647031784
2024-02-14 10:46:29 | TRACE   | query_time, 0.0014067087322473526
2024-02-14 10:46:29 | TRACE   | query_time, 0.0010062791407108307
2024-02-14 10:46:29 | TRACE   | query_time, 0.0010265279561281204
2024-02-14 10:46:29 | TRACE   | query_time, 0.0010091718286275864
2024-02-14 10:46:29 | TRACE   | query_time, 0.0010184179991483688
2024-02-14 10:46:29 | TRACE   | query_time, 0.0010215453803539276
2024-02-14 10:46:29 | TRACE   | query_time, 0.001148337498307228
2024-02-14 10:46:29 | TRACE   | query_time, 0.0010116659104824066
2024-02-14 10:46:29 | TRACE   | query_time, 0.0010102875530719757
2024-02-14 10:46:29 | TRACE   | query_time, 0.0009912904351949692
2024-02-14 10:46:29 | TRACE   | query_time, 0.0013728141784667969
2024-02-14 10:46:29 | TRACE   | query_time, 0.0010122805833816528
2024-02-14 10:46:29 | TRACE   | query_time, 0.001407582312822342
2024-02-14 10:46:29 | TRACE   | query_time, 0.0009844377636909485
2024-02-14 10:46:29 | TRACE   | query_time, 0.001117868348956108
2024-02-14 10:46:29 | TRACE   | query_time, 0.001022886484861374
2024-02-14 10:46:29 | TRACE   | query_time, 0.0010004620999097824
2024-02-14 10:46:29 | TRACE   | query_time, 0.0010029058903455734
2024-02-14 10:46:29 | TRACE   | query_time, 0.001260656863451004
2024-02-14 10:46:29 | TRACE   | query_time, 0.001009661704301834
2024-02-14 10:46:29 | TRACE   | query_time, 0.00099976547062397
2024-02-14 10:46:29 | TRACE   | query_time, 0.0009792409837245941
2024-02-14 10:46:29 | TRACE   | query_time, 0.0010985787957906723
2024-02-14 10:46:29 | TRACE   | query_time, 0.0010230187326669693
2024-02-14 10:46:29 | TRACE   | query_time, 0.0009809304028749466
2024-02-14 10:46:29 | TRACE   | query_time, 0.0010140128433704376
2024-02-14 10:46:29 | TRACE   | query_time, 0.0010098926723003387
2024-02-14 10:46:29 | TRACE   | query_time, 0.0009873919188976288
2024-02-14 10:46:29 | TRACE   | query_time, 0.0010173376649618149
2024-02-14 10:46:29 | TRACE   | query_time, 0.0010155588388442993
2024-02-14 10:46:29 | TRACE   | query_time, 0.0009926557540893555
2024-02-14 10:46:29 | TRACE   | query_time, 0.0011450815945863724
2024-02-14 10:46:29 | TRACE   | query_time, 0.001006782054901123
2024-02-14 10:46:29 | TRACE   | query_time, 0.0009827874600887299
2024-02-14 10:46:29 | TRACE   | query_time, 0.0009974930435419083
2024-02-14 10:46:29 | TRACE   | query_time, 0.0013888981193304062
2024-02-14 10:46:29 | TRACE   | query_time, 0.0009801965206861496
2024-02-14 10:46:29 | TRACE   | query_time, 0.001016233116388321
2024-02-14 10:46:29 | TRACE   | query_time, 0.0010128673166036606
2024-02-14 10:46:29 | TRACE   | query_time, 0.001388711854815483
2024-02-14 10:46:29 | TRACE   | query_time, 0.0009813271462917328
2024-02-14 10:46:29 | TRACE   | query_time, 0.000998152419924736
2024-02-14 10:46:29 | TRACE   | query_time, 0.0009710527956485748
2024-02-14 10:46:29 | TRACE   | query_time, 0.000999201089143753
2024-02-14 10:46:29 | TRACE   | query_time, 0.0013911128044128418
2024-02-14 10:46:29 | TRACE   | query_time, 0.000971328467130661
2024-02-14 10:46:29 | TRACE   | query_time, 0.001024451106786728
2024-02-14 10:46:29 | TRACE   | query_time, 0.0009780097752809525
2024-02-14 10:46:29 | TRACE   | query_time, 0.0010001398622989655
2024-02-14 10:46:29 | TRACE   | query_time, 0.001013331115245819
2024-02-14 10:46:29 | TRACE   | query_time, 0.001147337257862091
2024-02-14 10:46:29 | TRACE   | query_time, 0.0010113585740327835
2024-02-14 10:46:29 | TRACE   | query_time, 0.0010219160467386246
2024-02-14 10:46:29 | TRACE   | query_time, 0.0009909793734550476
2024-02-14 10:46:29 | TRACE   | query_time, 0.0011597890406847
2024-02-14 10:46:29 | TRACE   | query_time, 0.0010253693908452988
2024-02-14 10:46:29 | TRACE   | query_time, 0.0011433064937591553
2024-02-14 10:46:29 | TRACE   | query_time, 0.0009749215096235275
2024-02-14 10:46:29 | TRACE   | query_time, 0.0010069124400615692
2024-02-14 10:46:29 | TRACE   | query_time, 0.0013878680765628815
2024-02-14 10:46:29 | TRACE   | query_time, 0.001064131036400795
2024-02-14 10:46:29 | TRACE   | query_time, 0.0010087136179208755
2024-02-14 10:46:29 | TRACE   | query_time, 0.0010142158716917038
2024-02-14 10:46:29 | TRACE   | query_time, 0.0009647142142057419
2024-02-14 10:46:29 | TRACE   | query_time, 0.0009885281324386597
2024-02-14 10:46:29 | TRACE   | query_time, 0.0013880953192710876
2024-02-14 10:46:29 | TRACE   | query_time, 0.0009900815784931183
2024-02-14 10:46:29 | TRACE   | query_time, 0.0010857153683900833
2024-02-14 10:46:29 | TRACE   | query_time, 0.001005604863166809
2024-02-14 10:46:29 | TRACE   | query_time, 0.0009818952530622482
2024-02-14 10:46:29 | TRACE   | query_time, 0.0009905081242322922
2024-02-14 10:46:29 | TRACE   | query_time, 0.0010015703737735748
2024-02-14 10:46:29 | TRACE   | query_time, 0.0009644012898206711
2024-02-14 10:46:29 | TRACE   | query_time, 0.0012370999902486801
2024-02-14 10:46:29 | TRACE   | query_time, 0.0009926799684762955
2024-02-14 10:46:29 | TRACE   | query_time, 0.0009999796748161316
2024-02-14 10:46:29 | TRACE   | query_time, 0.0010005272924900055
2024-02-14 10:46:29 | TRACE   | query_time, 0.0010261572897434235
2024-02-14 10:46:29 | TRACE   | query_time, 0.0009930562227964401
2024-02-14 10:46:29 | TRACE   | query_time, 0.0011222120374441147
2024-02-14 10:46:29 | TRACE   | query_time, 0.001004587858915329
2024-02-14 10:46:29 | TRACE   | query_time, 0.0011249594390392303
2024-02-14 10:46:29 | TRACE   | query_time, 0.001006031408905983
2024-02-14 10:46:29 | TRACE   | query_time, 0.001382501795887947
2024-02-14 10:46:29 | TRACE   | query_time, 0.0009764879941940308
2024-02-14 10:46:29 | TRACE   | query_time, 0.0009608399122953415
2024-02-14 10:46:29 | TRACE   | query_time, 0.0010009612888097763
2024-02-14 10:46:29 | TRACE   | query_time, 0.0009930189698934555
2024-02-14 10:46:29 | TRACE   | query_time, 0.0009879972785711288
2024-02-14 10:46:29 | TRACE   | query_time, 0.001002330332994461
2024-02-14 10:46:29 | TRACE   | query_time, 0.0010121874511241913
2024-02-14 10:46:29 | TRACE   | query_time, 0.0009875353425741196
2024-02-14 10:46:29 | TRACE   | query_time, 0.000985199585556984
2024-02-14 10:46:29 | TRACE   | query_time, 0.0012149326503276825
2024-02-14 10:46:29 | TRACE   | query_time, 0.0009993966668844223
2024-02-14 10:46:29 | TRACE   | query_time, 0.0009852759540081024
2024-02-14 10:46:29 | TRACE   | query_time, 0.0009883828461170197
2024-02-14 10:46:29 | TRACE   | query_time, 0.0009949933737516403
2024-02-14 10:46:29 | TRACE   | query_time, 0.0009955931454896927
2024-02-14 10:46:29 | TRACE   | query_time, 0.000976933166384697
2024-02-14 10:46:29 | TRACE   | query_time, 0.000985458493232727
2024-02-14 10:46:29 | TRACE   | query_time, 0.000984175130724907
2024-02-14 10:46:29 | TRACE   | query_time, 0.0009993202984333038
2024-02-14 10:46:29 | TRACE   | query_time, 0.000979902222752571
2024-02-14 10:46:29 | TRACE   | query_time, 0.0013793855905532837
2024-02-14 10:46:29 | TRACE   | query_time, 0.0009742081165313721
2024-02-14 10:46:29 | TRACE   | query_time, 0.0009907390922307968
2024-02-14 10:46:29 | TRACE   | query_time, 0.0009979680180549622
2024-02-14 10:46:29 | TRACE   | query_time, 0.0009953156113624573
2024-02-14 10:46:29 | TRACE   | query_time, 0.0012224763631820679
2024-02-14 10:46:29 | TRACE   | query_time, 0.0009833574295043945
2024-02-14 10:46:29 | TRACE   | query_time, 0.0010792892426252365
2024-02-14 10:46:29 | TRACE   | query_time, 0.0009782835841178894
2024-02-14 10:46:29 | TRACE   | query_time, 0.0009763054549694061
2024-02-14 10:46:29 | TRACE   | query_time, 0.0010110121220350266
2024-02-14 10:46:29 | TRACE   | query_time, 0.0012124329805374146
2024-02-14 10:46:29 | TRACE   | query_time, 0.001132788136601448
2024-02-14 10:46:29 | TRACE   | query_time, 0.0009876564145088196
2024-02-14 10:46:29 | TRACE   | query_time, 0.0010074116289615631
2024-02-14 10:46:29 | TRACE   | query_time, 0.0009780116379261017
2024-02-14 10:46:29 | TRACE   | query_time, 0.0011434555053710938
2024-02-14 10:46:29 | TRACE   | query_time, 0.0010037776082754135
2024-02-14 10:46:29 | TRACE   | query_time, 0.0011235959827899933
2024-02-14 10:46:29 | TRACE   | query_time, 0.0009953510016202927
2024-02-14 10:46:29 | TRACE   | query_time, 0.0013569127768278122
2024-02-14 10:46:29 | TRACE   | query_time, 0.0009825211018323898
2024-02-14 10:46:29 | TRACE   | query_time, 0.0013789255172014236
2024-02-14 10:46:29 | TRACE   | query_time, 0.0009818151593208313
2024-02-14 10:46:29 | TRACE   | query_time, 0.0010976828634738922
2024-02-14 10:46:29 | TRACE   | query_time, 0.0009827632457017899
2024-02-14 10:46:29 | TRACE   | query_time, 0.0009774211794137955
2024-02-14 10:46:29 | TRACE   | query_time, 0.0009839367121458054
2024-02-14 10:46:29 | TRACE   | query_time, 0.0009991005063056946
2024-02-14 10:46:29 | TRACE   | query_time, 0.0010657701641321182
2024-02-14 10:46:29 | TRACE   | query_time, 0.0009765569120645523
2024-02-14 10:46:29 | TRACE   | query_time, 0.0010085012763738632
2024-02-14 10:46:29 | TRACE   | query_time, 0.0009798239916563034
2024-02-14 10:46:29 | TRACE   | query_time, 0.0009471755474805832
2024-02-14 10:46:29 | TRACE   | query_time, 0.000992031767964363
2024-02-14 10:46:29 | TRACE   | query_time, 0.000986328348517418
2024-02-14 10:46:29 | TRACE   | query_time, 0.0009756907820701599
2024-02-14 10:46:29 | TRACE   | query_time, 0.000994071364402771
2024-02-14 10:46:29 | TRACE   | query_time, 0.0009977389127016068
2024-02-14 10:46:29 | TRACE   | query_time, 0.0009930487722158432
2024-02-14 10:46:29 | TRACE   | query_time, 0.0011135879904031754
2024-02-14 10:46:29 | TRACE   | query_time, 0.0011052601039409637
2024-02-14 10:46:29 | TRACE   | query_time, 0.00096900574862957
2024-02-14 10:46:29 | TRACE   | query_time, 0.0009761396795511246
2024-02-14 10:46:29 | TRACE   | query_time, 0.0010001976042985916
2024-02-14 10:46:29 | TRACE   | query_time, 0.0009844433516263962
2024-02-14 10:46:29 | TRACE   | query_time, 0.0009711477905511856
2024-02-14 10:46:29 | TRACE   | query_time, 0.0009735245257616043
2024-02-14 10:46:29 | TRACE   | query_time, 0.0012083053588867188
2024-02-14 10:46:29 | TRACE   | query_time, 0.0010000001639127731
2024-02-14 10:46:29 | TRACE   | query_time, 0.0009689219295978546
2024-02-14 10:46:29 | TRACE   | query_time, 0.0009388439357280731
2024-02-14 10:46:29 | TRACE   | query_time, 0.0011110100895166397
2024-02-14 10:46:29 | TRACE   | query_time, 0.000999515876173973
2024-02-14 10:46:29 | TRACE   | query_time, 0.0010936539620161057
2024-02-14 10:46:29 | TRACE   | query_time, 0.0009565651416778564
2024-02-14 10:46:29 | TRACE   | query_time, 0.0009693652391433716
2024-02-14 10:46:29 | TRACE   | query_time, 0.0009498149156570435
2024-02-14 10:46:29 | TRACE   | query_time, 0.0012191496789455414
2024-02-14 10:46:29 | TRACE   | query_time, 0.0009551569819450378
2024-02-14 10:46:29 | TRACE   | query_time, 0.0009505152702331543
2024-02-14 10:46:29 | TRACE   | query_time, 0.0012044832110404968
2024-02-14 10:46:29 | TRACE   | query_time, 0.0009517110884189606
2024-02-14 10:46:29 | TRACE   | query_time, 0.0012527424842119217
2024-02-14 10:46:29 | TRACE   | query_time, 0.000956391915678978
2024-02-14 10:46:29 | TRACE   | query_time, 0.0009500924497842789
2024-02-14 10:46:29 | TRACE   | query_time, 0.0009529069066047668
2024-02-14 10:46:29 | TRACE   | query_time, 0.0009552091360092163
2024-02-14 10:46:29 | TRACE   | query_time, 0.0011742431670427322
2024-02-14 10:46:29 | TRACE   | query_time, 0.001101592555642128
2024-02-14 10:46:29 | TRACE   | query_time, 0.0009462442249059677
2024-02-14 10:46:29 | TRACE   | query_time, 0.0010459255427122116
2024-02-14 10:46:29 | TRACE   | query_time, 0.000959303230047226
2024-02-14 10:46:29 | TRACE   | query_time, 0.0009657219052314758
2024-02-14 10:46:29 | TRACE   | query_time, 0.0009540561586618423
2024-02-14 10:46:29 | TRACE   | query_time, 0.0011186767369508743
2024-02-14 10:46:29 | TRACE   | query_time, 0.0009735915809869766
2024-02-14 10:46:29 | TRACE   | query_time, 0.000956682488322258
2024-02-14 10:46:29 | TRACE   | query_time, 0.009843243286013603
2024-02-14 10:46:29 | TRACE   | query_time, 0.010237909853458405
2024-02-14 10:46:29 | TRACE   | query_time, 0.009085619822144508
2024-02-14 10:46:29 | TRACE   | query_time, 0.008817048743367195
2024-02-14 10:46:29 | TRACE   | query_time, 0.009328724816441536
2024-02-14 10:46:29 | TRACE   | query_time, 0.008810658007860184
2024-02-14 10:46:29 | TRACE   | query_time, 0.00870530679821968
2024-02-14 10:46:29 | TRACE   | query_time, 0.00912378914654255
2024-02-14 10:46:29 | TRACE   | query_time, 0.008582280948758125
2024-02-14 10:46:29 | TRACE   | query_time, 0.008685315027832985
2024-02-14 10:46:29 | TRACE   | query_time, 0.009132346138358116
2024-02-14 10:46:29 | TRACE   | query_time, 0.008727135136723518
2024-02-14 10:46:29 | TRACE   | query_time, 0.009102769196033478
2024-02-14 10:46:29 | TRACE   | query_time, 0.008682610467076302
2024-02-14 10:46:29 | TRACE   | query_time, 0.008669121190905571
2024-02-14 10:46:29 | TRACE   | query_time, 0.008884984999895096
2024-02-14 10:46:29 | TRACE   | query_time, 0.009309707209467888
2024-02-14 10:46:29 | TRACE   | query_time, 0.008669285103678703
2024-02-14 10:46:29 | TRACE   | query_time, 0.008657189086079597
2024-02-14 10:46:29 | TRACE   | query_time, 0.008562194183468819
2024-02-14 10:46:29 | TRACE   | query_time, 0.008385304361581802
2024-02-14 10:46:29 | TRACE   | query_time, 0.008935520425438881
2024-02-14 10:46:29 | TRACE   | query_time, 0.008193019777536392
2024-02-14 10:46:29 | TRACE   | query_time, 0.008519329130649567
2024-02-14 10:46:29 | TRACE   | query_time, 0.00894327275454998
2024-02-14 10:46:29 | TRACE   | query_time, 0.00884813629090786
2024-02-14 10:46:29 | TRACE   | query_time, 0.009016606956720352
2024-02-14 10:46:29 | TRACE   | query_time, 0.009049871936440468
2024-02-14 10:46:30 | TRACE   | query_time, 0.00879974476993084
2024-02-14 10:46:30 | TRACE   | query_time, 0.008228262886404991
2024-02-14 10:46:30 | TRACE   | query_time, 0.008159197866916656
2024-02-14 10:46:30 | TRACE   | query_time, 0.008602045476436615
2024-02-14 10:46:30 | TRACE   | query_time, 0.008289428427815437
2024-02-14 10:46:30 | TRACE   | query_time, 0.009101031348109245
2024-02-14 10:46:30 | TRACE   | query_time, 0.00850004144012928
2024-02-14 10:46:30 | TRACE   | query_time, 0.008177336305379868
2024-02-14 10:46:30 | TRACE   | query_time, 0.008416172116994858
2024-02-14 10:46:30 | TRACE   | query_time, 0.008898640051484108
2024-02-14 10:46:30 | TRACE   | query_time, 0.008804544806480408
2024-02-14 10:46:30 | TRACE   | query_time, 0.008322123438119888
2024-02-14 10:46:30 | TRACE   | query_time, 0.008535686880350113
2024-02-14 10:46:30 | TRACE   | query_time, 0.008244121447205544
2024-02-14 10:46:30 | TRACE   | query_time, 0.008575035259127617
2024-02-14 10:46:30 | TRACE   | query_time, 0.008539237082004547
2024-02-14 10:46:30 | TRACE   | query_time, 0.008742144331336021
2024-02-14 10:46:30 | TRACE   | query_time, 0.008498027920722961
2024-02-14 10:46:30 | TRACE   | query_time, 0.008520100265741348
2024-02-14 10:46:30 | TRACE   | query_time, 0.008750423789024353
2024-02-14 10:46:30 | TRACE   | query_time, 0.008474752306938171
2024-02-14 10:46:30 | TRACE   | query_time, 0.008575625717639923
2024-02-14 10:46:30 | TRACE   | query_time, 0.008498098701238632
2024-02-14 10:46:30 | TRACE   | query_time, 0.008771032094955444
2024-02-14 10:46:30 | TRACE   | query_time, 0.008734475821256638
2024-02-14 10:46:30 | TRACE   | query_time, 0.009105369448661804
2024-02-14 10:46:30 | TRACE   | query_time, 0.00854506902396679
2024-02-14 10:46:30 | TRACE   | query_time, 0.006568603217601776
2024-02-14 10:46:30 | TRACE   | query_time, 0.008869975805282593
2024-02-14 10:46:30 | TRACE   | query_time, 0.00892210379242897
2024-02-14 10:46:30 | TRACE   | query_time, 0.008431164547801018
2024-02-14 10:46:30 | TRACE   | query_time, 0.008686814457178116
2024-02-14 10:46:30 | TRACE   | query_time, 0.00847085565328598
2024-02-14 10:46:30 | TRACE   | query_time, 0.008877616375684738
2024-02-14 10:46:30 | TRACE   | query_time, 0.009631296619772911
2024-02-14 10:46:30 | TRACE   | query_time, 0.008861634880304337
2024-02-14 10:46:30 | TRACE   | query_time, 0.009748728945851326
2024-02-14 10:46:30 | TRACE   | query_time, 0.009912300854921341
2024-02-14 10:46:30 | TRACE   | query_time, 0.009127544239163399
2024-02-14 10:46:30 | TRACE   | query_time, 0.006435329094529152
2024-02-14 10:46:30 | TRACE   | query_time, 0.008891841396689415
2024-02-14 10:46:30 | TRACE   | query_time, 0.008568024262785912
2024-02-14 10:46:30 | TRACE   | query_time, 0.008876893669366837
2024-02-14 10:46:30 | TRACE   | query_time, 0.008376626297831535
2024-02-14 10:46:30 | TRACE   | query_time, 0.008439101278781891
2024-02-14 10:46:30 | TRACE   | query_time, 0.008461888879537582
2024-02-14 10:46:30 | TRACE   | query_time, 0.008611032739281654
2024-02-14 10:46:30 | TRACE   | query_time, 0.008427204564213753
2024-02-14 10:46:30 | TRACE   | query_time, 0.008372688665986061
2024-02-14 10:46:30 | TRACE   | query_time, 0.008449532091617584
2024-02-14 10:46:30 | TRACE   | query_time, 0.00836232490837574
2024-02-14 10:46:30 | TRACE   | query_time, 0.008343379944562912
2024-02-14 10:46:30 | TRACE   | query_time, 0.008445395156741142
2024-02-14 10:46:30 | TRACE   | query_time, 0.008914617821574211
2024-02-14 10:46:30 | TRACE   | query_time, 0.009629083797335625
2024-02-14 10:46:30 | TRACE   | query_time, 0.00881153717637062
2024-02-14 10:46:30 | TRACE   | query_time, 0.008970074355602264
2024-02-14 10:46:30 | TRACE   | query_time, 0.006407640874385834
2024-02-14 10:46:30 | TRACE   | query_time, 0.007120450958609581
2024-02-14 10:46:30 | TRACE   | query_time, 0.007048385217785835
2024-02-14 10:46:30 | TRACE   | query_time, 0.006899110972881317
2024-02-14 10:46:30 | TRACE   | query_time, 0.006770815700292587
2024-02-14 10:46:30 | TRACE   | query_time, 0.007020782679319382
2024-02-14 10:46:30 | TRACE   | query_time, 0.009215136989951134
2024-02-14 10:46:30 | TRACE   | query_time, 0.008842438459396362
2024-02-14 10:46:30 | TRACE   | query_time, 0.00898224301636219
2024-02-14 10:46:30 | TRACE   | query_time, 0.009819550439715385
2024-02-14 10:46:30 | TRACE   | query_time, 0.006653878837823868
2024-02-14 10:46:30 | TRACE   | query_time, 0.010029135271906853
2024-02-14 10:46:30 | TRACE   | query_time, 0.008952353149652481
2024-02-14 10:46:30 | TRACE   | query_time, 0.006397552788257599
2024-02-14 10:46:30 | TRACE   | query_time, 0.006613440811634064
2024-02-14 10:46:30 | TRACE   | query_time, 0.007139381021261215
2024-02-14 10:46:30 | TRACE   | query_time, 0.006748532876372337
2024-02-14 10:46:30 | TRACE   | query_time, 0.006691360846161842
2024-02-14 10:46:30 | TRACE   | query_time, 0.007056748494505882
2024-02-14 10:46:30 | TRACE   | query_time, 0.00896618701517582
2024-02-14 10:46:30 | TRACE   | query_time, 0.00637035071849823
2024-02-14 10:46:30 | TRACE   | query_time, 0.00692572258412838
2024-02-14 10:46:30 | TRACE   | query_time, 0.007044227793812752
2024-02-14 10:46:30 | TRACE   | query_time, 0.007039019837975502
2024-02-14 10:46:30 | TRACE   | query_time, 0.009044922888278961
2024-02-14 10:46:30 | TRACE   | query_time, 0.006813840940594673
2024-02-14 10:46:30 | TRACE   | query_time, 0.009936008602380753
2024-02-14 10:46:30 | TRACE   | query_time, 0.009593138471245766
2024-02-14 10:46:30 | TRACE   | query_time, 0.008628284558653831
2024-02-14 10:46:30 | TRACE   | query_time, 0.006677154451608658
2024-02-14 10:46:30 | TRACE   | query_time, 0.006877511739730835
2024-02-14 10:46:30 | TRACE   | query_time, 0.0068944301456213
2024-02-14 10:46:30 | TRACE   | query_time, 0.007038883864879608
2024-02-14 10:46:30 | TRACE   | query_time, 0.006610305979847908
2024-02-14 10:46:30 | TRACE   | query_time, 0.00670986995100975
2024-02-14 10:46:30 | TRACE   | query_time, 0.007177047431468964
2024-02-14 10:46:30 | TRACE   | query_time, 0.009633267298340797
2024-02-14 10:46:30 | TRACE   | query_time, 0.0066481661051511765
2024-02-14 10:46:30 | TRACE   | query_time, 0.00904654897749424
2024-02-14 10:46:30 | TRACE   | query_time, 0.006846729665994644
2024-02-14 10:46:30 | TRACE   | query_time, 0.0130325797945261
2024-02-14 10:46:30 | TRACE   | query_time, 0.012547776103019714
2024-02-14 10:46:30 | TRACE   | query_time, 0.012663966044783592
2024-02-14 10:46:30 | TRACE   | query_time, 0.012559069320559502
2024-02-14 10:46:30 | TRACE   | query_time, 0.012704804539680481
2024-02-14 10:46:30 | TRACE   | query_time, 0.012236366048455238
2024-02-14 10:46:30 | TRACE   | query_time, 0.012529963627457619
2024-02-14 10:46:30 | TRACE   | query_time, 0.012527426704764366
2024-02-14 10:46:30 | TRACE   | query_time, 0.009179357439279556
2024-02-14 10:46:30 | TRACE   | query_time, 0.009094895794987679
2024-02-14 10:46:30 | TRACE   | query_time, 0.008736081421375275
2024-02-14 10:46:30 | TRACE   | query_time, 0.008490728214383125
2024-02-14 10:46:30 | TRACE   | query_time, 0.008459562435746193
2024-02-14 10:46:30 | TRACE   | query_time, 0.008179880678653717
2024-02-14 10:46:30 | TRACE   | query_time, 0.008219495415687561
2024-02-14 10:46:30 | TRACE   | query_time, 0.00816407985985279
2024-02-14 10:46:30 | TRACE   | query_time, 0.007943809032440186
2024-02-14 10:46:30 | TRACE   | query_time, 0.007823703810572624
2024-02-14 10:46:30 | TRACE   | query_time, 0.007833743467926979
2024-02-14 10:46:31 | TRACE   | query_time, 0.00758354552090168
2024-02-14 10:46:31 | TRACE   | query_time, 0.007578860968351364
2024-02-14 10:46:31 | TRACE   | query_time, 0.007469428703188896
2024-02-14 10:46:31 | TRACE   | query_time, 0.0076155997812747955
2024-02-14 10:46:31 | TRACE   | query_time, 0.007506979629397392
2024-02-14 10:46:31 | TRACE   | query_time, 0.007701180875301361
2024-02-14 10:46:31 | TRACE   | query_time, 0.007733114063739777
2024-02-14 10:46:31 | TRACE   | query_time, 0.007396956905722618
2024-02-14 10:46:31 | TRACE   | query_time, 0.007443884387612343
2024-02-14 10:46:31 | TRACE   | query_time, 0.007329756394028664
2024-02-14 10:46:31 | TRACE   | query_time, 0.007374987006187439
2024-02-14 10:46:31 | TRACE   | query_time, 0.007375791668891907
2024-02-14 10:46:31 | TRACE   | query_time, 0.007371744140982628
2024-02-14 10:46:31 | TRACE   | query_time, 0.007458165287971497
2024-02-14 10:46:31 | TRACE   | query_time, 0.00738660991191864
2024-02-14 10:46:31 | TRACE   | query_time, 0.007561340928077698
2024-02-14 10:46:31 | TRACE   | query_time, 0.007395772263407707
2024-02-14 10:46:31 | TRACE   | query_time, 0.007305396720767021
2024-02-14 10:46:31 | TRACE   | query_time, 0.007305946201086044
2024-02-14 10:46:31 | TRACE   | query_time, 0.0074132755398750305
2024-02-14 10:46:31 | TRACE   | query_time, 0.007344510406255722
2024-02-14 10:46:31 | TRACE   | query_time, 0.007398607209324837
2024-02-14 10:46:31 | TRACE   | query_time, 0.007298247888684273
2024-02-14 10:46:31 | TRACE   | query_time, 0.007304459810256958
2024-02-14 10:46:31 | TRACE   | query_time, 0.007273199036717415
2024-02-14 10:46:31 | TRACE   | query_time, 0.007414901629090309
2024-02-14 10:46:31 | TRACE   | query_time, 0.0073203835636377335
2024-02-14 10:46:31 | TRACE   | query_time, 0.007306745275855064
2024-02-14 10:46:31 | TRACE   | query_time, 0.007252387702465057
2024-02-14 10:46:31 | TRACE   | query_time, 0.007279273122549057
2024-02-14 10:46:31 | TRACE   | query_time, 0.0072238147258758545
2024-02-14 10:46:31 | TRACE   | query_time, 0.007732726633548737
2024-02-14 10:46:31 | TRACE   | query_time, 0.0071764979511499405
2024-02-14 10:46:31 | TRACE   | query_time, 0.0073376670479774475
2024-02-14 10:46:31 | TRACE   | query_time, 0.0073434337973594666
2024-02-14 10:46:31 | TRACE   | query_time, 0.007273292168974876
2024-02-14 10:46:31 | TRACE   | query_time, 0.00718376599252224
2024-02-14 10:46:31 | TRACE   | query_time, 0.00719248503446579
2024-02-14 10:46:31 | TRACE   | query_time, 0.00718371756374836
2024-02-14 10:46:31 | TRACE   | query_time, 0.007195308804512024
2024-02-14 10:46:31 | TRACE   | query_time, 0.007127618417143822
2024-02-14 10:46:31 | TRACE   | query_time, 0.007167147472500801
2024-02-14 10:46:31 | TRACE   | query_time, 0.0071391332894563675
2024-02-14 10:46:31 | TRACE   | query_time, 0.0072612278163433075
2024-02-14 10:46:31 | TRACE   | query_time, 0.007195824757218361
2024-02-14 10:46:31 | TRACE   | query_time, 0.007140869274735451
2024-02-14 10:46:31 | TRACE   | query_time, 0.007242688909173012
2024-02-14 10:46:31 | TRACE   | query_time, 0.007201585918664932
2024-02-14 10:46:31 | TRACE   | query_time, 0.007164176553487778
2024-02-14 10:46:31 | TRACE   | query_time, 0.0072372183203697205
2024-02-14 10:46:31 | TRACE   | query_time, 0.007094649598002434
2024-02-14 10:46:31 | TRACE   | query_time, 0.007232384756207466
2024-02-14 10:46:31 | TRACE   | query_time, 0.007145406678318977
2024-02-14 10:46:31 | TRACE   | query_time, 0.007176900282502174
2024-02-14 10:46:31 | TRACE   | query_time, 0.00709984265267849
2024-02-14 10:46:31 | TRACE   | query_time, 0.007202800363302231
2024-02-14 10:46:31 | TRACE   | query_time, 0.0074592214077711105
2024-02-14 10:46:31 | TRACE   | query_time, 0.007276467978954315
2024-02-14 10:46:31 | TRACE   | query_time, 0.00729840062558651
2024-02-14 10:46:31 | TRACE   | query_time, 0.00713716447353363
2024-02-14 10:46:31 | TRACE   | query_time, 0.007072748616337776
2024-02-14 10:46:31 | TRACE   | query_time, 0.007132839411497116
2024-02-14 10:46:31 | TRACE   | query_time, 0.007111746817827225
2024-02-14 10:46:31 | TRACE   | query_time, 0.007097108289599419
2024-02-14 10:46:31 | TRACE   | query_time, 0.007149688899517059
2024-02-14 10:46:31 | TRACE   | query_time, 0.0072546955198049545
2024-02-14 10:46:31 | TRACE   | query_time, 0.007060615345835686
2024-02-14 10:46:31 | TRACE   | query_time, 0.008250361308455467
2024-02-14 10:46:31 | TRACE   | query_time, 0.005138745531439781
2024-02-14 10:46:31 | TRACE   | query_time, 0.007481751963496208
2024-02-14 10:46:31 | TRACE   | query_time, 0.007247479632496834
2024-02-14 10:46:31 | TRACE   | query_time, 0.007311064749956131
2024-02-14 10:46:31 | TRACE   | query_time, 0.0070812758058309555
2024-02-14 10:46:31 | TRACE   | query_time, 0.007244959473609924
2024-02-14 10:46:31 | TRACE   | query_time, 0.007100474089384079
2024-02-14 10:46:31 | TRACE   | query_time, 0.007197145372629166
2024-02-14 10:46:31 | TRACE   | query_time, 0.007059494033455849
2024-02-14 10:46:31 | TRACE   | query_time, 0.007195489481091499
2024-02-14 10:46:31 | TRACE   | query_time, 0.007073167711496353
2024-02-14 10:46:31 | TRACE   | query_time, 0.007117621600627899
2024-02-14 10:46:31 | TRACE   | query_time, 0.0070670004934072495
2024-02-14 10:46:31 | TRACE   | query_time, 0.007240673527121544
2024-02-14 10:46:31 | TRACE   | query_time, 0.00721387006342411
2024-02-14 10:46:31 | TRACE   | query_time, 0.007077302783727646
2024-02-14 10:46:31 | TRACE   | query_time, 0.007055474445223808
2024-02-14 10:46:31 | TRACE   | query_time, 0.007162680849432945
2024-02-14 10:46:31 | TRACE   | query_time, 0.007154569029808044
2024-02-14 10:46:31 | TRACE   | query_time, 0.007060034200549126
2024-02-14 10:46:31 | TRACE   | query_time, 0.007036972790956497
2024-02-14 10:46:31 | TRACE   | query_time, 0.007083989679813385
2024-02-14 10:46:31 | TRACE   | query_time, 0.007157297804951668
2024-02-14 10:46:31 | TRACE   | query_time, 0.007095864042639732
2024-02-14 10:46:31 | TRACE   | query_time, 0.007046384736895561
2024-02-14 10:46:31 | TRACE   | query_time, 0.007247274741530418
2024-02-14 10:46:31 | TRACE   | query_time, 0.007108479738235474
2024-02-14 10:46:31 | TRACE   | query_time, 0.007081219926476479
2024-02-14 10:46:31 | TRACE   | query_time, 0.007088016718626022
2024-02-14 10:46:31 | TRACE   | query_time, 0.0071184225380420685
2024-02-14 10:46:31 | TRACE   | query_time, 0.007103005424141884
2024-02-14 10:46:31 | TRACE   | query_time, 0.006979053840041161
2024-02-14 10:46:31 | TRACE   | query_time, 0.007045187056064606
2024-02-14 10:46:31 | TRACE   | query_time, 0.007188351824879646
2024-02-14 10:46:31 | TRACE   | query_time, 0.006987344473600388
2024-02-14 10:46:31 | TRACE   | query_time, 0.007012207061052322
2024-02-14 10:46:31 | TRACE   | query_time, 0.007060486823320389
2024-02-14 10:46:31 | TRACE   | query_time, 0.00709330290555954
2024-02-14 10:46:31 | TRACE   | query_time, 0.006944373250007629
2024-02-14 10:46:31 | TRACE   | query_time, 0.006989035755395889
2024-02-14 10:46:31 | TRACE   | query_time, 0.0070189908146858215
2024-02-14 10:46:31 | TRACE   | query_time, 0.0070489272475242615
2024-02-14 10:46:31 | TRACE   | query_time, 0.007044531404972076
2024-02-14 10:46:31 | TRACE   | query_time, 0.007031777873635292
2024-02-14 10:46:31 | TRACE   | query_time, 0.006998730823397636
2024-02-14 10:46:31 | TRACE   | query_time, 0.007022734731435776
2024-02-14 10:46:31 | TRACE   | query_time, 0.007032591849565506
2024-02-14 10:46:31 | TRACE   | query_time, 0.00712154246866703
2024-02-14 10:46:31 | TRACE   | query_time, 0.00704108364880085
2024-02-14 10:46:31 | TRACE   | query_time, 0.006986124441027641
2024-02-14 10:46:31 | TRACE   | query_time, 0.006909236311912537
2024-02-14 10:46:31 | TRACE   | query_time, 0.007087843492627144
2024-02-14 10:46:31 | TRACE   | query_time, 0.007143078371882439
2024-02-14 10:46:31 | TRACE   | query_time, 0.007127031683921814
