2024-02-14 10:41:32 | DEBUG   | {'input': PosixPath('data/open_data_usa/indices/microbenchmarks/rebinning-k400.zst'), 'input_type': 'index', 'queries': PosixPath('data/open_data_usa/queries/microbenchmarks.zst'), 'estimation_mode': None, 'index_mode': 'recall', 'output': None, 'workers': None, 'frequency_hists': False, 'suppress_results': False, 'log_level': 'INFO', 'log_file': PosixPath('logs/microbenchmarks/runtime/open_data_usa-rebinning-k400-single-4.log')}
2024-02-14 10:41:32 | DEBUG   | Loading input data from data/open_data_usa/indices/microbenchmarks/rebinning-k400.zst
2024-02-14 10:41:32 | DEBUG   | Loading queries from data/open_data_usa/queries/microbenchmarks.zst
2024-02-14 10:41:32 | TRACE   | bootstrap_time, 0.11621510051190853
2024-02-14 10:41:32 | DEBUG   | Starting execution
2024-02-14 10:41:32 | TRACE   | query_time, 0.0007132813334465027
2024-02-14 10:41:32 | TRACE   | query_time, 0.0005047060549259186
2024-02-14 10:41:32 | TRACE   | query_time, 0.0005011055618524551
2024-02-14 10:41:32 | TRACE   | query_time, 0.0004928242415189743
2024-02-14 10:41:32 | TRACE   | query_time, 0.00047507137060165405
2024-02-14 10:41:32 | TRACE   | query_time, 0.00047721900045871735
2024-02-14 10:41:32 | TRACE   | query_time, 0.000629255548119545
2024-02-14 10:41:32 | TRACE   | query_time, 0.000500604510307312
2024-02-14 10:41:32 | TRACE   | query_time, 0.00046892277896404266
2024-02-14 10:41:32 | TRACE   | query_time, 0.0005090292543172836
2024-02-14 10:41:32 | TRACE   | query_time, 0.00048074871301651
2024-02-14 10:41:32 | TRACE   | query_time, 0.0004778485745191574
2024-02-14 10:41:32 | TRACE   | query_time, 0.00048130378127098083
2024-02-14 10:41:32 | TRACE   | query_time, 0.0005003400146961212
2024-02-14 10:41:32 | TRACE   | query_time, 0.0004980452358722687
2024-02-14 10:41:32 | TRACE   | query_time, 0.00048705562949180603
2024-02-14 10:41:32 | TRACE   | query_time, 0.0004954207688570023
2024-02-14 10:41:32 | TRACE   | query_time, 0.0004896149039268494
2024-02-14 10:41:32 | TRACE   | query_time, 0.0004999544471502304
2024-02-14 10:41:32 | TRACE   | query_time, 0.0005162395536899567
2024-02-14 10:41:32 | TRACE   | query_time, 0.0005640946328639984
2024-02-14 10:41:32 | TRACE   | query_time, 0.000514741986989975
2024-02-14 10:41:32 | TRACE   | query_time, 0.0005122888833284378
2024-02-14 10:41:32 | TRACE   | query_time, 0.0004950147122144699
2024-02-14 10:41:32 | TRACE   | query_time, 0.0004905182868242264
2024-02-14 10:41:32 | TRACE   | query_time, 0.0005124621093273163
2024-02-14 10:41:32 | TRACE   | query_time, 0.0004893504083156586
2024-02-14 10:41:32 | TRACE   | query_time, 0.0005284976214170456
2024-02-14 10:41:32 | TRACE   | query_time, 0.0005037207156419754
2024-02-14 10:41:32 | TRACE   | query_time, 0.0004856996238231659
2024-02-14 10:41:32 | TRACE   | query_time, 0.0006250347942113876
2024-02-14 10:41:32 | TRACE   | query_time, 0.0005154386162757874
2024-02-14 10:41:32 | TRACE   | query_time, 0.000506984069943428
2024-02-14 10:41:32 | TRACE   | query_time, 0.0004975683987140656
2024-02-14 10:41:32 | TRACE   | query_time, 0.0005127917975187302
2024-02-14 10:41:32 | TRACE   | query_time, 0.0005084387958049774
2024-02-14 10:41:32 | TRACE   | query_time, 0.0004913751035928726
2024-02-14 10:41:32 | TRACE   | query_time, 0.0006288439035415649
2024-02-14 10:41:32 | TRACE   | query_time, 0.0005103349685668945
2024-02-14 10:41:32 | TRACE   | query_time, 0.0005624368786811829
2024-02-14 10:41:32 | TRACE   | query_time, 0.0004307664930820465
2024-02-14 10:41:32 | TRACE   | query_time, 0.000592624768614769
2024-02-14 10:41:32 | TRACE   | query_time, 0.0005262438207864761
2024-02-14 10:41:32 | TRACE   | query_time, 0.0005569346249103546
2024-02-14 10:41:32 | TRACE   | query_time, 0.000515468418598175
2024-02-14 10:41:32 | TRACE   | query_time, 0.0005160942673683167
2024-02-14 10:41:32 | TRACE   | query_time, 0.0005038995295763016
2024-02-14 10:41:32 | TRACE   | query_time, 0.0005178879946470261
2024-02-14 10:41:32 | TRACE   | query_time, 0.000429714098572731
2024-02-14 10:41:32 | TRACE   | query_time, 0.000429350882768631
2024-02-14 10:41:32 | TRACE   | query_time, 0.0006579477339982986
2024-02-14 10:41:32 | TRACE   | query_time, 0.0005122199654579163
2024-02-14 10:41:32 | TRACE   | query_time, 0.0006171278655529022
2024-02-14 10:41:32 | TRACE   | query_time, 0.00043305568397045135
2024-02-14 10:41:32 | TRACE   | query_time, 0.0004434902220964432
2024-02-14 10:41:32 | TRACE   | query_time, 0.0005840305238962173
2024-02-14 10:41:32 | TRACE   | query_time, 0.0004296153783798218
2024-02-14 10:41:32 | TRACE   | query_time, 0.0004298388957977295
2024-02-14 10:41:32 | TRACE   | query_time, 0.000525815412402153
2024-02-14 10:41:32 | TRACE   | query_time, 0.0004176683723926544
2024-02-14 10:41:32 | TRACE   | query_time, 0.00044913217425346375
2024-02-14 10:41:32 | TRACE   | query_time, 0.0004409030079841614
2024-02-14 10:41:32 | TRACE   | query_time, 0.0006557293236255646
2024-02-14 10:41:32 | TRACE   | query_time, 0.00044102035462856293
2024-02-14 10:41:32 | TRACE   | query_time, 0.0005674362182617188
2024-02-14 10:41:32 | TRACE   | query_time, 0.00043807923793792725
2024-02-14 10:41:32 | TRACE   | query_time, 0.0004601031541824341
2024-02-14 10:41:32 | TRACE   | query_time, 0.00044612959027290344
2024-02-14 10:41:32 | TRACE   | query_time, 0.00043932534754276276
2024-02-14 10:41:32 | TRACE   | query_time, 0.0005310475826263428
2024-02-14 10:41:32 | TRACE   | query_time, 0.00043341517448425293
2024-02-14 10:41:32 | TRACE   | query_time, 0.0004313439130783081
2024-02-14 10:41:32 | TRACE   | query_time, 0.00044090859591960907
2024-02-14 10:41:32 | TRACE   | query_time, 0.000528411939740181
2024-02-14 10:41:32 | TRACE   | query_time, 0.0005695223808288574
2024-02-14 10:41:32 | TRACE   | query_time, 0.00044148415327072144
2024-02-14 10:41:32 | TRACE   | query_time, 0.00044193677604198456
2024-02-14 10:41:32 | TRACE   | query_time, 0.0004519466310739517
2024-02-14 10:41:32 | TRACE   | query_time, 0.0004467479884624481
2024-02-14 10:41:32 | TRACE   | query_time, 0.0004358366131782532
2024-02-14 10:41:32 | TRACE   | query_time, 0.0004451349377632141
2024-02-14 10:41:32 | TRACE   | query_time, 0.0004484802484512329
2024-02-14 10:41:32 | TRACE   | query_time, 0.00044509582221508026
2024-02-14 10:41:32 | TRACE   | query_time, 0.0006285961717367172
2024-02-14 10:41:32 | TRACE   | query_time, 0.00042541511356830597
2024-02-14 10:41:32 | TRACE   | query_time, 0.0004632379859685898
2024-02-14 10:41:32 | TRACE   | query_time, 0.00045039691030979156
2024-02-14 10:41:32 | TRACE   | query_time, 0.0004410669207572937
2024-02-14 10:41:32 | TRACE   | query_time, 0.000459279865026474
2024-02-14 10:41:32 | TRACE   | query_time, 0.00043672695755958557
2024-02-14 10:41:32 | TRACE   | query_time, 0.0006290562450885773
2024-02-14 10:41:32 | TRACE   | query_time, 0.00042464397847652435
2024-02-14 10:41:32 | TRACE   | query_time, 0.00043602101504802704
2024-02-14 10:41:32 | TRACE   | query_time, 0.0004591122269630432
2024-02-14 10:41:32 | TRACE   | query_time, 0.0004312470555305481
2024-02-14 10:41:32 | TRACE   | query_time, 0.0004380233585834503
2024-02-14 10:41:32 | TRACE   | query_time, 0.00044820085167884827
2024-02-14 10:41:32 | TRACE   | query_time, 0.00043619610369205475
2024-02-14 10:41:32 | TRACE   | query_time, 0.0004343874752521515
2024-02-14 10:41:32 | TRACE   | query_time, 0.0004228241741657257
2024-02-14 10:41:32 | TRACE   | query_time, 0.0006437245756387711
2024-02-14 10:41:32 | TRACE   | query_time, 0.00044872425496578217
2024-02-14 10:41:32 | TRACE   | query_time, 0.0004488900303840637
2024-02-14 10:41:32 | TRACE   | query_time, 0.000443505123257637
2024-02-14 10:41:32 | TRACE   | query_time, 0.0004395917057991028
2024-02-14 10:41:32 | TRACE   | query_time, 0.00043032504618167877
2024-02-14 10:41:32 | TRACE   | query_time, 0.00043987296521663666
2024-02-14 10:41:32 | TRACE   | query_time, 0.00045445747673511505
2024-02-14 10:41:32 | TRACE   | query_time, 0.000427834689617157
2024-02-14 10:41:32 | TRACE   | query_time, 0.00043114274740219116
2024-02-14 10:41:32 | TRACE   | query_time, 0.00043207965791225433
2024-02-14 10:41:32 | TRACE   | query_time, 0.0004336591809988022
2024-02-14 10:41:32 | TRACE   | query_time, 0.0006258115172386169
2024-02-14 10:41:32 | TRACE   | query_time, 0.0004355553537607193
2024-02-14 10:41:32 | TRACE   | query_time, 0.00043205544352531433
2024-02-14 10:41:32 | TRACE   | query_time, 0.0005009137094020844
2024-02-14 10:41:32 | TRACE   | query_time, 0.0006377324461936951
2024-02-14 10:41:32 | TRACE   | query_time, 0.0004142913967370987
2024-02-14 10:41:32 | TRACE   | query_time, 0.0004528407007455826
2024-02-14 10:41:32 | TRACE   | query_time, 0.0006345510482788086
2024-02-14 10:41:32 | TRACE   | query_time, 0.0004325956106185913
2024-02-14 10:41:32 | TRACE   | query_time, 0.00043032877147197723
2024-02-14 10:41:32 | TRACE   | query_time, 0.0004582013934850693
2024-02-14 10:41:32 | TRACE   | query_time, 0.000444997102022171
2024-02-14 10:41:32 | TRACE   | query_time, 0.00045028142631053925
2024-02-14 10:41:32 | TRACE   | query_time, 0.0004334840923547745
2024-02-14 10:41:32 | TRACE   | query_time, 0.00043817609548568726
2024-02-14 10:41:32 | TRACE   | query_time, 0.0004199165850877762
2024-02-14 10:41:32 | TRACE   | query_time, 0.0004317350685596466
2024-02-14 10:41:32 | TRACE   | query_time, 0.00045072659850120544
2024-02-14 10:41:32 | TRACE   | query_time, 0.00044705718755722046
2024-02-14 10:41:32 | TRACE   | query_time, 0.0004324037581682205
2024-02-14 10:41:32 | TRACE   | query_time, 0.0004303194582462311
2024-02-14 10:41:32 | TRACE   | query_time, 0.00044233910739421844
2024-02-14 10:41:32 | TRACE   | query_time, 0.0004471186548471451
2024-02-14 10:41:32 | TRACE   | query_time, 0.0006205886602401733
2024-02-14 10:41:32 | TRACE   | query_time, 0.0004232693463563919
2024-02-14 10:41:32 | TRACE   | query_time, 0.000445803627371788
2024-02-14 10:41:32 | TRACE   | query_time, 0.00045259296894073486
2024-02-14 10:41:32 | TRACE   | query_time, 0.0004961974918842316
2024-02-14 10:41:32 | TRACE   | query_time, 0.0004281718283891678
2024-02-14 10:41:32 | TRACE   | query_time, 0.0004276316612958908
2024-02-14 10:41:32 | TRACE   | query_time, 0.00045075081288814545
2024-02-14 10:41:32 | TRACE   | query_time, 0.000430205836892128
2024-02-14 10:41:32 | TRACE   | query_time, 0.0006377529352903366
2024-02-14 10:41:32 | TRACE   | query_time, 0.00043279118835926056
2024-02-14 10:41:32 | TRACE   | query_time, 0.0006327498704195023
2024-02-14 10:41:32 | TRACE   | query_time, 0.0004220791161060333
2024-02-14 10:41:32 | TRACE   | query_time, 0.000433383509516716
2024-02-14 10:41:32 | TRACE   | query_time, 0.0004303324967622757
2024-02-14 10:41:32 | TRACE   | query_time, 0.0006149951368570328
2024-02-14 10:41:32 | TRACE   | query_time, 0.0006240010261535645
2024-02-14 10:41:32 | TRACE   | query_time, 0.00042162835597991943
2024-02-14 10:41:32 | TRACE   | query_time, 0.00044508278369903564
2024-02-14 10:41:32 | TRACE   | query_time, 0.0004403498023748398
2024-02-14 10:41:32 | TRACE   | query_time, 0.0004394669085741043
2024-02-14 10:41:32 | TRACE   | query_time, 0.0004341099411249161
2024-02-14 10:41:32 | TRACE   | query_time, 0.0005029197782278061
2024-02-14 10:41:32 | TRACE   | query_time, 0.0004401989281177521
2024-02-14 10:41:32 | TRACE   | query_time, 0.00042715854942798615
2024-02-14 10:41:32 | TRACE   | query_time, 0.0004203207790851593
2024-02-14 10:41:32 | TRACE   | query_time, 0.0006353706121444702
2024-02-14 10:41:32 | TRACE   | query_time, 0.0004330631345510483
2024-02-14 10:41:32 | TRACE   | query_time, 0.0006383471190929413
2024-02-14 10:41:32 | TRACE   | query_time, 0.0004166271537542343
2024-02-14 10:41:32 | TRACE   | query_time, 0.00044690072536468506
2024-02-14 10:41:32 | TRACE   | query_time, 0.00044490769505500793
2024-02-14 10:41:32 | TRACE   | query_time, 0.0004289783537387848
2024-02-14 10:41:32 | TRACE   | query_time, 0.0004283040761947632
2024-02-14 10:41:32 | TRACE   | query_time, 0.0006150584667921066
2024-02-14 10:41:32 | TRACE   | query_time, 0.0004200320690870285
2024-02-14 10:41:32 | TRACE   | query_time, 0.0004464108496904373
2024-02-14 10:41:32 | TRACE   | query_time, 0.00042914971709251404
2024-02-14 10:41:32 | TRACE   | query_time, 0.0004501529037952423
2024-02-14 10:41:32 | TRACE   | query_time, 0.0004399064928293228
2024-02-14 10:41:32 | TRACE   | query_time, 0.00041767582297325134
2024-02-14 10:41:32 | TRACE   | query_time, 0.0004361942410469055
2024-02-14 10:41:32 | TRACE   | query_time, 0.0004352368414402008
2024-02-14 10:41:32 | TRACE   | query_time, 0.0004275757819414139
2024-02-14 10:41:32 | TRACE   | query_time, 0.00044839829206466675
2024-02-14 10:41:32 | TRACE   | query_time, 0.00044673867523670197
2024-02-14 10:41:32 | TRACE   | query_time, 0.00042643770575523376
2024-02-14 10:41:32 | TRACE   | query_time, 0.0004921648651361465
2024-02-14 10:41:32 | TRACE   | query_time, 0.00042824074625968933
2024-02-14 10:41:32 | TRACE   | query_time, 0.0004276260733604431
2024-02-14 10:41:32 | TRACE   | query_time, 0.00042514875531196594
2024-02-14 10:41:32 | TRACE   | query_time, 0.0006328579038381577
2024-02-14 10:41:32 | TRACE   | query_time, 0.00042123720049858093
2024-02-14 10:41:32 | TRACE   | query_time, 0.0004390198737382889
2024-02-14 10:41:32 | TRACE   | query_time, 0.00043696537613868713
2024-02-14 10:41:32 | TRACE   | query_time, 0.000627586618065834
2024-02-14 10:41:32 | TRACE   | query_time, 0.0004139356315135956
2024-02-14 10:41:32 | TRACE   | query_time, 0.00043529272079467773
2024-02-14 10:41:32 | TRACE   | query_time, 0.0004155803471803665
2024-02-14 10:41:32 | TRACE   | query_time, 0.0004310794174671173
2024-02-14 10:41:32 | TRACE   | query_time, 0.0006292574107646942
2024-02-14 10:41:32 | TRACE   | query_time, 0.00040445104241371155
2024-02-14 10:41:32 | TRACE   | query_time, 0.000437028706073761
2024-02-14 10:41:32 | TRACE   | query_time, 0.00042277947068214417
2024-02-14 10:41:32 | TRACE   | query_time, 0.000425487756729126
2024-02-14 10:41:32 | TRACE   | query_time, 0.00042382627725601196
2024-02-14 10:41:32 | TRACE   | query_time, 0.0004993956536054611
2024-02-14 10:41:32 | TRACE   | query_time, 0.0004499945789575577
2024-02-14 10:41:32 | TRACE   | query_time, 0.0004348214715719223
2024-02-14 10:41:32 | TRACE   | query_time, 0.00042278505861759186
2024-02-14 10:41:32 | TRACE   | query_time, 0.0005184151232242584
2024-02-14 10:41:32 | TRACE   | query_time, 0.00044481828808784485
2024-02-14 10:41:32 | TRACE   | query_time, 0.0004855617880821228
2024-02-14 10:41:32 | TRACE   | query_time, 0.0004132445901632309
2024-02-14 10:41:32 | TRACE   | query_time, 0.0004405844956636429
2024-02-14 10:41:32 | TRACE   | query_time, 0.000637514516711235
2024-02-14 10:41:32 | TRACE   | query_time, 0.000431576743721962
2024-02-14 10:41:32 | TRACE   | query_time, 0.00044380128383636475
2024-02-14 10:41:32 | TRACE   | query_time, 0.00042713433504104614
2024-02-14 10:41:32 | TRACE   | query_time, 0.0004163682460784912
2024-02-14 10:41:32 | TRACE   | query_time, 0.00042194314301013947
2024-02-14 10:41:32 | TRACE   | query_time, 0.0006267353892326355
2024-02-14 10:41:32 | TRACE   | query_time, 0.000428076833486557
2024-02-14 10:41:32 | TRACE   | query_time, 0.00045771338045597076
2024-02-14 10:41:32 | TRACE   | query_time, 0.00042469799518585205
2024-02-14 10:41:32 | TRACE   | query_time, 0.0004125107079744339
2024-02-14 10:41:32 | TRACE   | query_time, 0.0004251506179571152
2024-02-14 10:41:32 | TRACE   | query_time, 0.0004331301897764206
2024-02-14 10:41:32 | TRACE   | query_time, 0.00042555294930934906
2024-02-14 10:41:32 | TRACE   | query_time, 0.000612996518611908
2024-02-14 10:41:32 | TRACE   | query_time, 0.00041732005774974823
2024-02-14 10:41:32 | TRACE   | query_time, 0.0004366878420114517
2024-02-14 10:41:32 | TRACE   | query_time, 0.0004326198250055313
2024-02-14 10:41:32 | TRACE   | query_time, 0.00043072551488876343
2024-02-14 10:41:32 | TRACE   | query_time, 0.00043165870010852814
2024-02-14 10:41:32 | TRACE   | query_time, 0.0004879515618085861
2024-02-14 10:41:32 | TRACE   | query_time, 0.0004208441823720932
2024-02-14 10:41:32 | TRACE   | query_time, 0.0004853978753089905
2024-02-14 10:41:32 | TRACE   | query_time, 0.0004366021603345871
2024-02-14 10:41:32 | TRACE   | query_time, 0.0006264485418796539
2024-02-14 10:41:32 | TRACE   | query_time, 0.0004207361489534378
2024-02-14 10:41:32 | TRACE   | query_time, 0.0004115011543035507
2024-02-14 10:41:32 | TRACE   | query_time, 0.0004209168255329132
2024-02-14 10:41:32 | TRACE   | query_time, 0.00042027607560157776
2024-02-14 10:41:32 | TRACE   | query_time, 0.0004359651356935501
2024-02-14 10:41:32 | TRACE   | query_time, 0.00042225606739521027
2024-02-14 10:41:32 | TRACE   | query_time, 0.00043795816600322723
2024-02-14 10:41:32 | TRACE   | query_time, 0.00042437389492988586
2024-02-14 10:41:32 | TRACE   | query_time, 0.0004204455763101578
2024-02-14 10:41:32 | TRACE   | query_time, 0.000605730339884758
2024-02-14 10:41:32 | TRACE   | query_time, 0.0004104413092136383
2024-02-14 10:41:32 | TRACE   | query_time, 0.00043653324246406555
2024-02-14 10:41:32 | TRACE   | query_time, 0.0004232209175825119
2024-02-14 10:41:32 | TRACE   | query_time, 0.0004270486533641815
2024-02-14 10:41:32 | TRACE   | query_time, 0.0004205387085676193
2024-02-14 10:41:32 | TRACE   | query_time, 0.00042637623846530914
2024-02-14 10:41:32 | TRACE   | query_time, 0.0004206988960504532
2024-02-14 10:41:32 | TRACE   | query_time, 0.00040850043296813965
2024-02-14 10:41:32 | TRACE   | query_time, 0.00041996315121650696
2024-02-14 10:41:32 | TRACE   | query_time, 0.0004305075854063034
2024-02-14 10:41:32 | TRACE   | query_time, 0.000627569854259491
2024-02-14 10:41:32 | TRACE   | query_time, 0.00041513144969940186
2024-02-14 10:41:32 | TRACE   | query_time, 0.00043129734694957733
2024-02-14 10:41:32 | TRACE   | query_time, 0.00042879581451416016
2024-02-14 10:41:32 | TRACE   | query_time, 0.0004179012030363083
2024-02-14 10:41:32 | TRACE   | query_time, 0.0005339924246072769
2024-02-14 10:41:32 | TRACE   | query_time, 0.0004376191645860672
2024-02-14 10:41:32 | TRACE   | query_time, 0.00044101104140281677
2024-02-14 10:41:32 | TRACE   | query_time, 0.0004157908260822296
2024-02-14 10:41:32 | TRACE   | query_time, 0.00043037720024585724
2024-02-14 10:41:32 | TRACE   | query_time, 0.0004365183413028717
2024-02-14 10:41:32 | TRACE   | query_time, 0.0005325190722942352
2024-02-14 10:41:32 | TRACE   | query_time, 0.00048656947910785675
2024-02-14 10:41:32 | TRACE   | query_time, 0.00043179094791412354
2024-02-14 10:41:32 | TRACE   | query_time, 0.000427979975938797
2024-02-14 10:41:32 | TRACE   | query_time, 0.0004235822707414627
2024-02-14 10:41:32 | TRACE   | query_time, 0.0005117561668157578
2024-02-14 10:41:32 | TRACE   | query_time, 0.0004332270473241806
2024-02-14 10:41:32 | TRACE   | query_time, 0.0004801396280527115
2024-02-14 10:41:32 | TRACE   | query_time, 0.0004350002855062485
2024-02-14 10:41:32 | TRACE   | query_time, 0.000622432678937912
2024-02-14 10:41:32 | TRACE   | query_time, 0.00041298195719718933
2024-02-14 10:41:32 | TRACE   | query_time, 0.0006120353937149048
2024-02-14 10:41:32 | TRACE   | query_time, 0.00041438452899456024
2024-02-14 10:41:32 | TRACE   | query_time, 0.0004444476217031479
2024-02-14 10:41:32 | TRACE   | query_time, 0.0004171188920736313
2024-02-14 10:41:32 | TRACE   | query_time, 0.00042144395411014557
2024-02-14 10:41:32 | TRACE   | query_time, 0.0004270896315574646
2024-02-14 10:41:32 | TRACE   | query_time, 0.0004307888448238373
2024-02-14 10:41:32 | TRACE   | query_time, 0.00043472275137901306
2024-02-14 10:41:32 | TRACE   | query_time, 0.00041804835200309753
2024-02-14 10:41:32 | TRACE   | query_time, 0.0004270710051059723
2024-02-14 10:41:32 | TRACE   | query_time, 0.00043014436960220337
2024-02-14 10:41:32 | TRACE   | query_time, 0.00041059963405132294
2024-02-14 10:41:32 | TRACE   | query_time, 0.00041607022285461426
2024-02-14 10:41:32 | TRACE   | query_time, 0.00041457079350948334
2024-02-14 10:41:32 | TRACE   | query_time, 0.00042554549872875214
2024-02-14 10:41:32 | TRACE   | query_time, 0.0004245806485414505
2024-02-14 10:41:32 | TRACE   | query_time, 0.0004259645938873291
2024-02-14 10:41:32 | TRACE   | query_time, 0.00041853636503219604
2024-02-14 10:41:32 | TRACE   | query_time, 0.0004848223179578781
2024-02-14 10:41:32 | TRACE   | query_time, 0.00048674270510673523
2024-02-14 10:41:32 | TRACE   | query_time, 0.00040673650801181793
2024-02-14 10:41:32 | TRACE   | query_time, 0.0004295390099287033
2024-02-14 10:41:32 | TRACE   | query_time, 0.0004205796867609024
2024-02-14 10:41:32 | TRACE   | query_time, 0.00042194873094558716
2024-02-14 10:41:32 | TRACE   | query_time, 0.0004122033715248108
2024-02-14 10:41:32 | TRACE   | query_time, 0.0004241280257701874
2024-02-14 10:41:32 | TRACE   | query_time, 0.0005336515605449677
2024-02-14 10:41:32 | TRACE   | query_time, 0.0004292931407690048
2024-02-14 10:41:32 | TRACE   | query_time, 0.000416826456785202
2024-02-14 10:41:32 | TRACE   | query_time, 0.00040785595774650574
2024-02-14 10:41:32 | TRACE   | query_time, 0.00048015639185905457
2024-02-14 10:41:32 | TRACE   | query_time, 0.0004145316779613495
2024-02-14 10:41:32 | TRACE   | query_time, 0.0004684124141931534
2024-02-14 10:41:32 | TRACE   | query_time, 0.00040137022733688354
2024-02-14 10:41:32 | TRACE   | query_time, 0.0003964826464653015
2024-02-14 10:41:32 | TRACE   | query_time, 0.00040649808943271637
2024-02-14 10:41:32 | TRACE   | query_time, 0.0005343519151210785
2024-02-14 10:41:32 | TRACE   | query_time, 0.0003965049982070923
2024-02-14 10:41:32 | TRACE   | query_time, 0.00040668435394763947
2024-02-14 10:41:32 | TRACE   | query_time, 0.0005273651331663132
2024-02-14 10:41:32 | TRACE   | query_time, 0.00040160492062568665
2024-02-14 10:41:32 | TRACE   | query_time, 0.0005308892577886581
2024-02-14 10:41:32 | TRACE   | query_time, 0.00040921755135059357
2024-02-14 10:41:32 | TRACE   | query_time, 0.0004040990024805069
2024-02-14 10:41:32 | TRACE   | query_time, 0.0003955662250518799
2024-02-14 10:41:32 | TRACE   | query_time, 0.0003945790231227875
2024-02-14 10:41:32 | TRACE   | query_time, 0.0005070548504590988
2024-02-14 10:41:32 | TRACE   | query_time, 0.0004031658172607422
2024-02-14 10:41:32 | TRACE   | query_time, 0.00038506463170051575
2024-02-14 10:41:32 | TRACE   | query_time, 0.00041149742901325226
2024-02-14 10:41:32 | TRACE   | query_time, 0.0003955475986003876
2024-02-14 10:41:32 | TRACE   | query_time, 0.00040265917778015137
2024-02-14 10:41:32 | TRACE   | query_time, 0.00039277970790863037
2024-02-14 10:41:32 | TRACE   | query_time, 0.00046930834650993347
2024-02-14 10:41:32 | TRACE   | query_time, 0.00040352530777454376
2024-02-14 10:41:32 | TRACE   | query_time, 0.0003921873867511749
2024-02-14 10:41:32 | TRACE   | query_time, 0.004439873620867729
2024-02-14 10:41:32 | TRACE   | query_time, 0.004540998488664627
2024-02-14 10:41:32 | TRACE   | query_time, 0.004066873341798782
2024-02-14 10:41:32 | TRACE   | query_time, 0.003957919776439667
2024-02-14 10:41:32 | TRACE   | query_time, 0.007112860679626465
2024-02-14 10:41:32 | TRACE   | query_time, 0.004048004746437073
2024-02-14 10:41:32 | TRACE   | query_time, 0.003945544362068176
2024-02-14 10:41:32 | TRACE   | query_time, 0.004097132012248039
2024-02-14 10:41:32 | TRACE   | query_time, 0.0039087925106287
2024-02-14 10:41:32 | TRACE   | query_time, 0.0038776490837335587
2024-02-14 10:41:32 | TRACE   | query_time, 0.004041785374283791
2024-02-14 10:41:32 | TRACE   | query_time, 0.0038986969739198685
2024-02-14 10:41:32 | TRACE   | query_time, 0.004087923094630241
2024-02-14 10:41:32 | TRACE   | query_time, 0.0038676559925079346
2024-02-14 10:41:32 | TRACE   | query_time, 0.003880934789776802
2024-02-14 10:41:32 | TRACE   | query_time, 0.004009569063782692
2024-02-14 10:41:32 | TRACE   | query_time, 0.004122907295823097
2024-02-14 10:41:32 | TRACE   | query_time, 0.0038767140358686447
2024-02-14 10:41:32 | TRACE   | query_time, 0.0038533080369234085
2024-02-14 10:41:32 | TRACE   | query_time, 0.003840826451778412
2024-02-14 10:41:32 | TRACE   | query_time, 0.003775034099817276
2024-02-14 10:41:32 | TRACE   | query_time, 0.00402100570499897
2024-02-14 10:41:32 | TRACE   | query_time, 0.0037149284034967422
2024-02-14 10:41:32 | TRACE   | query_time, 0.0038003306835889816
2024-02-14 10:41:32 | TRACE   | query_time, 0.0040028635412454605
2024-02-14 10:41:32 | TRACE   | query_time, 0.003989160060882568
2024-02-14 10:41:32 | TRACE   | query_time, 0.0040218401700258255
2024-02-14 10:41:32 | TRACE   | query_time, 0.004011733457446098
2024-02-14 10:41:32 | TRACE   | query_time, 0.00392184779047966
2024-02-14 10:41:32 | TRACE   | query_time, 0.0036645587533712387
2024-02-14 10:41:32 | TRACE   | query_time, 0.0036466140300035477
2024-02-14 10:41:32 | TRACE   | query_time, 0.003851942718029022
2024-02-14 10:41:32 | TRACE   | query_time, 0.0037216320633888245
2024-02-14 10:41:32 | TRACE   | query_time, 0.0040862299501895905
2024-02-14 10:41:32 | TRACE   | query_time, 0.0037878602743148804
2024-02-14 10:41:32 | TRACE   | query_time, 0.003640519455075264
2024-02-14 10:41:32 | TRACE   | query_time, 0.003779955208301544
2024-02-14 10:41:32 | TRACE   | query_time, 0.003971386700868607
2024-02-14 10:41:32 | TRACE   | query_time, 0.003903476521372795
2024-02-14 10:41:32 | TRACE   | query_time, 0.0037781577557325363
2024-02-14 10:41:32 | TRACE   | query_time, 0.0037916135042905807
2024-02-14 10:41:32 | TRACE   | query_time, 0.003667199984192848
2024-02-14 10:41:32 | TRACE   | query_time, 0.0038073956966400146
2024-02-14 10:41:32 | TRACE   | query_time, 0.0038087721914052963
2024-02-14 10:41:32 | TRACE   | query_time, 0.003908079117536545
2024-02-14 10:41:32 | TRACE   | query_time, 0.003796214237809181
2024-02-14 10:41:32 | TRACE   | query_time, 0.0037874728441238403
2024-02-14 10:41:32 | TRACE   | query_time, 0.0039038658142089844
2024-02-14 10:41:32 | TRACE   | query_time, 0.0037970654666423798
2024-02-14 10:41:32 | TRACE   | query_time, 0.0038140919059515
2024-02-14 10:41:32 | TRACE   | query_time, 0.003781067207455635
2024-02-14 10:41:32 | TRACE   | query_time, 0.003927368670701981
2024-02-14 10:41:32 | TRACE   | query_time, 0.003887467086315155
2024-02-14 10:41:32 | TRACE   | query_time, 0.0039896052330732346
2024-02-14 10:41:32 | TRACE   | query_time, 0.003784632310271263
2024-02-14 10:41:32 | TRACE   | query_time, 0.002610582858324051
2024-02-14 10:41:32 | TRACE   | query_time, 0.004044890403747559
2024-02-14 10:41:32 | TRACE   | query_time, 0.004000559449195862
2024-02-14 10:41:32 | TRACE   | query_time, 0.0038450155407190323
2024-02-14 10:41:32 | TRACE   | query_time, 0.003939412534236908
2024-02-14 10:41:32 | TRACE   | query_time, 0.003805357962846756
2024-02-14 10:41:32 | TRACE   | query_time, 0.003971528261899948
2024-02-14 10:41:32 | TRACE   | query_time, 0.004437517374753952
2024-02-14 10:41:32 | TRACE   | query_time, 0.003970598801970482
2024-02-14 10:41:32 | TRACE   | query_time, 0.004348652437329292
2024-02-14 10:41:32 | TRACE   | query_time, 0.0044586751610040665
2024-02-14 10:41:32 | TRACE   | query_time, 0.003995489329099655
2024-02-14 10:41:32 | TRACE   | query_time, 0.0026178397238254547
2024-02-14 10:41:32 | TRACE   | query_time, 0.004002222791314125
2024-02-14 10:41:32 | TRACE   | query_time, 0.003809269517660141
2024-02-14 10:41:32 | TRACE   | query_time, 0.0039040911942720413
2024-02-14 10:41:32 | TRACE   | query_time, 0.00378420390188694
2024-02-14 10:41:32 | TRACE   | query_time, 0.0037602894008159637
2024-02-14 10:41:32 | TRACE   | query_time, 0.0037558134645223618
2024-02-14 10:41:32 | TRACE   | query_time, 0.0038382411003112793
2024-02-14 10:41:32 | TRACE   | query_time, 0.003732120618224144
2024-02-14 10:41:32 | TRACE   | query_time, 0.0037148036062717438
2024-02-14 10:41:32 | TRACE   | query_time, 0.003792783245444298
2024-02-14 10:41:32 | TRACE   | query_time, 0.0037258435040712357
2024-02-14 10:41:32 | TRACE   | query_time, 0.0037242956459522247
2024-02-14 10:41:32 | TRACE   | query_time, 0.0037361476570367813
2024-02-14 10:41:32 | TRACE   | query_time, 0.003925798460841179
2024-02-14 10:41:32 | TRACE   | query_time, 0.004259165376424789
2024-02-14 10:41:32 | TRACE   | query_time, 0.0038646236062049866
2024-02-14 10:41:32 | TRACE   | query_time, 0.003912368789315224
2024-02-14 10:41:32 | TRACE   | query_time, 0.0025601424276828766
2024-02-14 10:41:32 | TRACE   | query_time, 0.002965889871120453
2024-02-14 10:41:32 | TRACE   | query_time, 0.002912759780883789
2024-02-14 10:41:32 | TRACE   | query_time, 0.00281413272023201
2024-02-14 10:41:32 | TRACE   | query_time, 0.00278354249894619
2024-02-14 10:41:32 | TRACE   | query_time, 0.0029009077697992325
2024-02-14 10:41:32 | TRACE   | query_time, 0.004056718200445175
2024-02-14 10:41:32 | TRACE   | query_time, 0.0038828402757644653
2024-02-14 10:41:32 | TRACE   | query_time, 0.003913603723049164
2024-02-14 10:41:32 | TRACE   | query_time, 0.004290591925382614
2024-02-14 10:41:32 | TRACE   | query_time, 0.002656003460288048
2024-02-14 10:41:32 | TRACE   | query_time, 0.004447337239980698
2024-02-14 10:41:32 | TRACE   | query_time, 0.003893209621310234
2024-02-14 10:41:32 | TRACE   | query_time, 0.002525484189391136
2024-02-14 10:41:32 | TRACE   | query_time, 0.0027097053825855255
2024-02-14 10:41:32 | TRACE   | query_time, 0.002867976203560829
2024-02-14 10:41:32 | TRACE   | query_time, 0.0027211103588342667
2024-02-14 10:41:33 | TRACE   | query_time, 0.002680933102965355
2024-02-14 10:41:33 | TRACE   | query_time, 0.002858387306332588
2024-02-14 10:41:33 | TRACE   | query_time, 0.003952097147703171
2024-02-14 10:41:33 | TRACE   | query_time, 0.0024621915072202682
2024-02-14 10:41:33 | TRACE   | query_time, 0.0028082765638828278
2024-02-14 10:41:33 | TRACE   | query_time, 0.002835668623447418
2024-02-14 10:41:33 | TRACE   | query_time, 0.002855151891708374
2024-02-14 10:41:33 | TRACE   | query_time, 0.003991497680544853
2024-02-14 10:41:33 | TRACE   | query_time, 0.0027131084352731705
2024-02-14 10:41:33 | TRACE   | query_time, 0.004326591268181801
2024-02-14 10:41:33 | TRACE   | query_time, 0.004154199734330177
2024-02-14 10:41:33 | TRACE   | query_time, 0.002800615504384041
2024-02-14 10:41:33 | TRACE   | query_time, 0.002790318801999092
2024-02-14 10:41:33 | TRACE   | query_time, 0.0027412548661231995
2024-02-14 10:41:33 | TRACE   | query_time, 0.002735186368227005
2024-02-14 10:41:33 | TRACE   | query_time, 0.0027824752032756805
2024-02-14 10:41:33 | TRACE   | query_time, 0.002635359764099121
2024-02-14 10:41:33 | TRACE   | query_time, 0.0026542581617832184
2024-02-14 10:41:33 | TRACE   | query_time, 0.002885039895772934
2024-02-14 10:41:33 | TRACE   | query_time, 0.004243593662977219
2024-02-14 10:41:33 | TRACE   | query_time, 0.0026582200080156326
2024-02-14 10:41:33 | TRACE   | query_time, 0.0029534250497817993
2024-02-14 10:41:33 | TRACE   | query_time, 0.002902032807469368
2024-02-14 10:41:33 | TRACE   | query_time, 0.006311260163784027
2024-02-14 10:41:33 | TRACE   | query_time, 0.005867552012205124
2024-02-14 10:41:33 | TRACE   | query_time, 0.006007641553878784
2024-02-14 10:41:33 | TRACE   | query_time, 0.005782879889011383
2024-02-14 10:41:33 | TRACE   | query_time, 0.005924694240093231
2024-02-14 10:41:33 | TRACE   | query_time, 0.0057861097157001495
2024-02-14 10:41:33 | TRACE   | query_time, 0.006031574681401253
2024-02-14 10:41:33 | TRACE   | query_time, 0.005857247859239578
2024-02-14 10:41:33 | TRACE   | query_time, 0.005925504490733147
2024-02-14 10:41:33 | TRACE   | query_time, 0.006080662831664085
2024-02-14 10:41:33 | TRACE   | query_time, 0.005824502557516098
2024-02-14 10:41:33 | TRACE   | query_time, 0.005730325356125832
2024-02-14 10:41:33 | TRACE   | query_time, 0.005755040794610977
2024-02-14 10:41:33 | TRACE   | query_time, 0.0057734716683626175
2024-02-14 10:41:33 | TRACE   | query_time, 0.005676403641700745
2024-02-14 10:41:33 | TRACE   | query_time, 0.005816642194986343
2024-02-14 10:41:33 | TRACE   | query_time, 0.005686860531568527
2024-02-14 10:41:33 | TRACE   | query_time, 0.005658069625496864
2024-02-14 10:41:33 | TRACE   | query_time, 0.005723400041460991
2024-02-14 10:41:33 | TRACE   | query_time, 0.005669306963682175
2024-02-14 10:41:33 | TRACE   | query_time, 0.005698956549167633
2024-02-14 10:41:33 | TRACE   | query_time, 0.0056222788989543915
2024-02-14 10:41:33 | TRACE   | query_time, 0.0056854430586099625
2024-02-14 10:41:33 | TRACE   | query_time, 0.0056451838463544846
2024-02-14 10:41:33 | TRACE   | query_time, 0.005751505494117737
2024-02-14 10:41:33 | TRACE   | query_time, 0.00554182194173336
2024-02-14 10:41:33 | TRACE   | query_time, 0.005620298907160759
2024-02-14 10:41:33 | TRACE   | query_time, 0.005586521700024605
2024-02-14 10:41:33 | TRACE   | query_time, 0.005647009238600731
2024-02-14 10:41:33 | TRACE   | query_time, 0.005694223567843437
2024-02-14 10:41:33 | TRACE   | query_time, 0.0056526195257902145
2024-02-14 10:41:33 | TRACE   | query_time, 0.005591582506895065
2024-02-14 10:41:33 | TRACE   | query_time, 0.005544785410165787
2024-02-14 10:41:33 | TRACE   | query_time, 0.005586909130215645
2024-02-14 10:41:33 | TRACE   | query_time, 0.005500366911292076
2024-02-14 10:41:33 | TRACE   | query_time, 0.005665872246026993
2024-02-14 10:41:33 | TRACE   | query_time, 0.00557345524430275
2024-02-14 10:41:33 | TRACE   | query_time, 0.005590194836258888
2024-02-14 10:41:33 | TRACE   | query_time, 0.0055123623460531235
2024-02-14 10:41:33 | TRACE   | query_time, 0.005599021911621094
2024-02-14 10:41:33 | TRACE   | query_time, 0.005532825365662575
2024-02-14 10:41:33 | TRACE   | query_time, 0.005468504503369331
2024-02-14 10:41:33 | TRACE   | query_time, 0.005611233413219452
2024-02-14 10:41:33 | TRACE   | query_time, 0.005543377250432968
2024-02-14 10:41:33 | TRACE   | query_time, 0.005580306053161621
2024-02-14 10:41:33 | TRACE   | query_time, 0.005479641258716583
2024-02-14 10:41:33 | TRACE   | query_time, 0.005546484142541885
2024-02-14 10:41:33 | TRACE   | query_time, 0.005522150546312332
2024-02-14 10:41:33 | TRACE   | query_time, 0.005429008975625038
2024-02-14 10:41:33 | TRACE   | query_time, 0.005492659285664558
2024-02-14 10:41:33 | TRACE   | query_time, 0.005504006519913673
2024-02-14 10:41:33 | TRACE   | query_time, 0.005462007597088814
2024-02-14 10:41:33 | TRACE   | query_time, 0.005550075322389603
2024-02-14 10:41:33 | TRACE   | query_time, 0.0055153146386146545
2024-02-14 10:41:33 | TRACE   | query_time, 0.005543526262044907
2024-02-14 10:41:33 | TRACE   | query_time, 0.0055481139570474625
2024-02-14 10:41:33 | TRACE   | query_time, 0.0055294036865234375
2024-02-14 10:41:33 | TRACE   | query_time, 0.005434509366750717
2024-02-14 10:41:33 | TRACE   | query_time, 0.00559871643781662
2024-02-14 10:41:33 | TRACE   | query_time, 0.005435740575194359
2024-02-14 10:41:33 | TRACE   | query_time, 0.005492778494954109
2024-02-14 10:41:33 | TRACE   | query_time, 0.005496421828866005
2024-02-14 10:41:33 | TRACE   | query_time, 0.005450915545225143
2024-02-14 10:41:33 | TRACE   | query_time, 0.005490902811288834
2024-02-14 10:41:33 | TRACE   | query_time, 0.005490638315677643
2024-02-14 10:41:33 | TRACE   | query_time, 0.005482211709022522
2024-02-14 10:41:33 | TRACE   | query_time, 0.0054242778569459915
2024-02-14 10:41:33 | TRACE   | query_time, 0.005401114001870155
2024-02-14 10:41:33 | TRACE   | query_time, 0.005442872643470764
2024-02-14 10:41:33 | TRACE   | query_time, 0.005477305501699448
2024-02-14 10:41:33 | TRACE   | query_time, 0.0054360032081604
2024-02-14 10:41:33 | TRACE   | query_time, 0.005375571548938751
2024-02-14 10:41:33 | TRACE   | query_time, 0.005414105951786041
2024-02-14 10:41:33 | TRACE   | query_time, 0.005499387159943581
2024-02-14 10:41:33 | TRACE   | query_time, 0.005371157079935074
2024-02-14 10:41:33 | TRACE   | query_time, 0.005378112196922302
2024-02-14 10:41:33 | TRACE   | query_time, 0.005500154569745064
2024-02-14 10:41:33 | TRACE   | query_time, 0.005441192537546158
2024-02-14 10:41:33 | TRACE   | query_time, 0.00534803606569767
2024-02-14 10:41:33 | TRACE   | query_time, 0.005541646853089333
2024-02-14 10:41:33 | TRACE   | query_time, 0.005337795242667198
2024-02-14 10:41:33 | TRACE   | query_time, 0.005340002477169037
2024-02-14 10:41:33 | TRACE   | query_time, 0.005414064973592758
2024-02-14 10:41:33 | TRACE   | query_time, 0.005450885742902756
2024-02-14 10:41:33 | TRACE   | query_time, 0.00535222515463829
2024-02-14 10:41:33 | TRACE   | query_time, 0.005488893017172813
2024-02-14 10:41:33 | TRACE   | query_time, 0.00532945990562439
2024-02-14 10:41:33 | TRACE   | query_time, 0.003131575882434845
2024-02-14 10:41:33 | TRACE   | query_time, 0.005643907934427261
2024-02-14 10:41:33 | TRACE   | query_time, 0.005462879315018654
2024-02-14 10:41:33 | TRACE   | query_time, 0.0054146163165569305
2024-02-14 10:41:33 | TRACE   | query_time, 0.005379311740398407
2024-02-14 10:41:33 | TRACE   | query_time, 0.005381245166063309
2024-02-14 10:41:33 | TRACE   | query_time, 0.0053091999143362045
2024-02-14 10:41:33 | TRACE   | query_time, 0.005324648693203926
2024-02-14 10:41:33 | TRACE   | query_time, 0.005310721695423126
2024-02-14 10:41:33 | TRACE   | query_time, 0.0054154470562934875
2024-02-14 10:41:33 | TRACE   | query_time, 0.00538199208676815
2024-02-14 10:41:33 | TRACE   | query_time, 0.005513403564691544
2024-02-14 10:41:33 | TRACE   | query_time, 0.005308717489242554
2024-02-14 10:41:33 | TRACE   | query_time, 0.005434488877654076
2024-02-14 10:41:33 | TRACE   | query_time, 0.0053297486156225204
2024-02-14 10:41:33 | TRACE   | query_time, 0.0054158419370651245
2024-02-14 10:41:33 | TRACE   | query_time, 0.005387859418988228
2024-02-14 10:41:33 | TRACE   | query_time, 0.0053681880235672
2024-02-14 10:41:33 | TRACE   | query_time, 0.005378587171435356
2024-02-14 10:41:33 | TRACE   | query_time, 0.005388624966144562
2024-02-14 10:41:33 | TRACE   | query_time, 0.005366414785385132
2024-02-14 10:41:33 | TRACE   | query_time, 0.005413508042693138
2024-02-14 10:41:33 | TRACE   | query_time, 0.005393128842115402
2024-02-14 10:41:33 | TRACE   | query_time, 0.005330881103873253
2024-02-14 10:41:33 | TRACE   | query_time, 0.0054244957864284515
2024-02-14 10:41:33 | TRACE   | query_time, 0.005406562238931656
2024-02-14 10:41:33 | TRACE   | query_time, 0.0053416769951581955
2024-02-14 10:41:33 | TRACE   | query_time, 0.005399266257882118
2024-02-14 10:41:33 | TRACE   | query_time, 0.005315423011779785
2024-02-14 10:41:33 | TRACE   | query_time, 0.005333792418241501
2024-02-14 10:41:33 | TRACE   | query_time, 0.0053604766726493835
2024-02-14 10:41:33 | TRACE   | query_time, 0.0054214950650930405
2024-02-14 10:41:33 | TRACE   | query_time, 0.005282839760184288
2024-02-14 10:41:33 | TRACE   | query_time, 0.005215905606746674
2024-02-14 10:41:33 | TRACE   | query_time, 0.005291463807225227
2024-02-14 10:41:33 | TRACE   | query_time, 0.005259960889816284
2024-02-14 10:41:33 | TRACE   | query_time, 0.005294233560562134
2024-02-14 10:41:33 | TRACE   | query_time, 0.005335299298167229
2024-02-14 10:41:33 | TRACE   | query_time, 0.005240529775619507
2024-02-14 10:41:33 | TRACE   | query_time, 0.005220616236329079
2024-02-14 10:41:33 | TRACE   | query_time, 0.00526089034974575
2024-02-14 10:41:33 | TRACE   | query_time, 0.005324238911271095
2024-02-14 10:41:33 | TRACE   | query_time, 0.005262194201350212
2024-02-14 10:41:33 | TRACE   | query_time, 0.005398470908403397
2024-02-14 10:41:33 | TRACE   | query_time, 0.005278799682855606
2024-02-14 10:41:33 | TRACE   | query_time, 0.005182627588510513
2024-02-14 10:41:33 | TRACE   | query_time, 0.005379708483815193
2024-02-14 10:41:33 | TRACE   | query_time, 0.005376873537898064
2024-02-14 10:41:33 | TRACE   | query_time, 0.005327414721250534
2024-02-14 10:41:33 | TRACE   | query_time, 0.005358362570405006
