2024-02-14 10:36:39 | DEBUG   | {'input': PosixPath('data/open_data_usa/indices/microbenchmarks/rebinning-k300.zst'), 'input_type': 'index', 'queries': PosixPath('data/open_data_usa/queries/microbenchmarks.zst'), 'estimation_mode': None, 'index_mode': 'recall', 'output': None, 'workers': None, 'frequency_hists': False, 'suppress_results': True, 'log_level': 'INFO', 'log_file': PosixPath('logs/microbenchmarks/runtime/open_data_usa-rebinning-k300-single_suppressed-1.log')}
2024-02-14 10:36:39 | DEBUG   | Loading input data from data/open_data_usa/indices/microbenchmarks/rebinning-k300.zst
2024-02-14 10:36:40 | DEBUG   | Loading queries from data/open_data_usa/queries/microbenchmarks.zst
2024-02-14 10:36:40 | TRACE   | bootstrap_time, 0.2639743648469448
2024-02-14 10:36:40 | DEBUG   | Starting execution
2024-02-14 10:36:40 | TRACE   | query_time, 0.000721203163266182
2024-02-14 10:36:40 | TRACE   | query_time, 0.00046241842210292816
2024-02-14 10:36:40 | TRACE   | query_time, 0.00043307244777679443
2024-02-14 10:36:40 | TRACE   | query_time, 0.0004272330552339554
2024-02-14 10:36:40 | TRACE   | query_time, 0.0004149600863456726
2024-02-14 10:36:40 | TRACE   | query_time, 0.000413527712225914
2024-02-14 10:36:40 | TRACE   | query_time, 0.0005305800586938858
2024-02-14 10:36:40 | TRACE   | query_time, 0.0004290323704481125
2024-02-14 10:36:40 | TRACE   | query_time, 0.0004248581826686859
2024-02-14 10:36:40 | TRACE   | query_time, 0.00046306848526000977
2024-02-14 10:36:40 | TRACE   | query_time, 0.00041821785271167755
2024-02-14 10:36:40 | TRACE   | query_time, 0.00041919760406017303
2024-02-14 10:36:40 | TRACE   | query_time, 0.0004264712333679199
2024-02-14 10:36:40 | TRACE   | query_time, 0.0004293695092201233
2024-02-14 10:36:40 | TRACE   | query_time, 0.0004182979464530945
2024-02-14 10:36:40 | TRACE   | query_time, 0.0004155319184064865
2024-02-14 10:36:40 | TRACE   | query_time, 0.0004330407828092575
2024-02-14 10:36:40 | TRACE   | query_time, 0.00041839107871055603
2024-02-14 10:36:40 | TRACE   | query_time, 0.0004159417003393173
2024-02-14 10:36:40 | TRACE   | query_time, 0.00042762234807014465
2024-02-14 10:36:40 | TRACE   | query_time, 0.0005020871758460999
2024-02-14 10:36:40 | TRACE   | query_time, 0.00041724927723407745
2024-02-14 10:36:40 | TRACE   | query_time, 0.00042755715548992157
2024-02-14 10:36:40 | TRACE   | query_time, 0.0004143286496400833
2024-02-14 10:36:40 | TRACE   | query_time, 0.00041590258479118347
2024-02-14 10:36:40 | TRACE   | query_time, 0.00042881444096565247
2024-02-14 10:36:40 | TRACE   | query_time, 0.00041318871080875397
2024-02-14 10:36:40 | TRACE   | query_time, 0.0004612114280462265
2024-02-14 10:36:40 | TRACE   | query_time, 0.0004225634038448334
2024-02-14 10:36:40 | TRACE   | query_time, 0.00041180849075317383
2024-02-14 10:36:40 | TRACE   | query_time, 0.0005284510552883148
2024-02-14 10:36:40 | TRACE   | query_time, 0.0004582572728395462
2024-02-14 10:36:40 | TRACE   | query_time, 0.0004300996661186218
2024-02-14 10:36:40 | TRACE   | query_time, 0.0004271753132343292
2024-02-14 10:36:40 | TRACE   | query_time, 0.00042564235627651215
2024-02-14 10:36:40 | TRACE   | query_time, 0.00041392259299755096
2024-02-14 10:36:40 | TRACE   | query_time, 0.00041190721094608307
2024-02-14 10:36:40 | TRACE   | query_time, 0.000533808022737503
2024-02-14 10:36:40 | TRACE   | query_time, 0.00042817555367946625
2024-02-14 10:36:40 | TRACE   | query_time, 0.0004995483905076981
2024-02-14 10:36:40 | TRACE   | query_time, 0.00041487254202365875
2024-02-14 10:36:40 | TRACE   | query_time, 0.0005277525633573532
2024-02-14 10:36:40 | TRACE   | query_time, 0.0004297010600566864
2024-02-14 10:36:40 | TRACE   | query_time, 0.0005018040537834167
2024-02-14 10:36:40 | TRACE   | query_time, 0.000427786260843277
2024-02-14 10:36:40 | TRACE   | query_time, 0.0004237871617078781
2024-02-14 10:36:40 | TRACE   | query_time, 0.0004337858408689499
2024-02-14 10:36:40 | TRACE   | query_time, 0.00045779719948768616
2024-02-14 10:36:40 | TRACE   | query_time, 0.00041347555816173553
2024-02-14 10:36:40 | TRACE   | query_time, 0.0004124436527490616
2024-02-14 10:36:40 | TRACE   | query_time, 0.0005323160439729691
2024-02-14 10:36:40 | TRACE   | query_time, 0.00043187662959098816
2024-02-14 10:36:40 | TRACE   | query_time, 0.0005280710756778717
2024-02-14 10:36:40 | TRACE   | query_time, 0.000425189733505249
2024-02-14 10:36:40 | TRACE   | query_time, 0.0004196874797344208
2024-02-14 10:36:40 | TRACE   | query_time, 0.0005029477179050446
2024-02-14 10:36:40 | TRACE   | query_time, 0.0004141665995121002
2024-02-14 10:36:40 | TRACE   | query_time, 0.0004144608974456787
2024-02-14 10:36:40 | TRACE   | query_time, 0.00042782165110111237
2024-02-14 10:36:40 | TRACE   | query_time, 0.0004110969603061676
2024-02-14 10:36:40 | TRACE   | query_time, 0.00041059963405132294
2024-02-14 10:36:40 | TRACE   | query_time, 0.0004174038767814636
2024-02-14 10:36:40 | TRACE   | query_time, 0.0005290843546390533
2024-02-14 10:36:40 | TRACE   | query_time, 0.00041336752474308014
2024-02-14 10:36:40 | TRACE   | query_time, 0.00042862631380558014
2024-02-14 10:36:40 | TRACE   | query_time, 0.0004135165363550186
2024-02-14 10:36:40 | TRACE   | query_time, 0.0004137866199016571
2024-02-14 10:36:40 | TRACE   | query_time, 0.00041401199996471405
2024-02-14 10:36:40 | TRACE   | query_time, 0.0004255026578903198
2024-02-14 10:36:40 | TRACE   | query_time, 0.00042644888162612915
2024-02-14 10:36:40 | TRACE   | query_time, 0.00041334889829158783
2024-02-14 10:36:40 | TRACE   | query_time, 0.000414898619055748
2024-02-14 10:36:40 | TRACE   | query_time, 0.00041160546243190765
2024-02-14 10:36:40 | TRACE   | query_time, 0.0004270579665899277
2024-02-14 10:36:40 | TRACE   | query_time, 0.0004976820200681686
2024-02-14 10:36:40 | TRACE   | query_time, 0.0004279688000679016
2024-02-14 10:36:40 | TRACE   | query_time, 0.00042268820106983185
2024-02-14 10:36:40 | TRACE   | query_time, 0.0004262663424015045
2024-02-14 10:36:40 | TRACE   | query_time, 0.00041457265615463257
2024-02-14 10:36:40 | TRACE   | query_time, 0.0004167631268501282
2024-02-14 10:36:40 | TRACE   | query_time, 0.00042666681110858917
2024-02-14 10:36:40 | TRACE   | query_time, 0.0004272274672985077
2024-02-14 10:36:40 | TRACE   | query_time, 0.000414358451962471
2024-02-14 10:36:40 | TRACE   | query_time, 0.0005329400300979614
2024-02-14 10:36:40 | TRACE   | query_time, 0.0004123002290725708
2024-02-14 10:36:40 | TRACE   | query_time, 0.0004576388746500015
2024-02-14 10:36:40 | TRACE   | query_time, 0.0004249848425388336
2024-02-14 10:36:40 | TRACE   | query_time, 0.00042716413736343384
2024-02-14 10:36:40 | TRACE   | query_time, 0.00042797811329364777
2024-02-14 10:36:40 | TRACE   | query_time, 0.0004108492285013199
2024-02-14 10:36:40 | TRACE   | query_time, 0.000527113676071167
2024-02-14 10:36:40 | TRACE   | query_time, 0.00041865184903144836
2024-02-14 10:36:40 | TRACE   | query_time, 0.0004163254052400589
2024-02-14 10:36:40 | TRACE   | query_time, 0.0004281364381313324
2024-02-14 10:36:40 | TRACE   | query_time, 0.0004145149141550064
2024-02-14 10:36:40 | TRACE   | query_time, 0.0004132501780986786
2024-02-14 10:36:40 | TRACE   | query_time, 0.00041496381163597107
2024-02-14 10:36:40 | TRACE   | query_time, 0.00041112489998340607
2024-02-14 10:36:40 | TRACE   | query_time, 0.0004123374819755554
2024-02-14 10:36:40 | TRACE   | query_time, 0.0004216860979795456
2024-02-14 10:36:40 | TRACE   | query_time, 0.0005276966840028763
2024-02-14 10:36:40 | TRACE   | query_time, 0.00045310333371162415
2024-02-14 10:36:40 | TRACE   | query_time, 0.00042622722685337067
2024-02-14 10:36:40 | TRACE   | query_time, 0.0004260800778865814
2024-02-14 10:36:40 | TRACE   | query_time, 0.00041130930185317993
2024-02-14 10:36:40 | TRACE   | query_time, 0.0004103071987628937
2024-02-14 10:36:40 | TRACE   | query_time, 0.0004200153052806854
2024-02-14 10:36:40 | TRACE   | query_time, 0.00042377039790153503
2024-02-14 10:36:40 | TRACE   | query_time, 0.0004106201231479645
2024-02-14 10:36:40 | TRACE   | query_time, 0.00041364505887031555
2024-02-14 10:36:40 | TRACE   | query_time, 0.0004158876836299896
2024-02-14 10:36:40 | TRACE   | query_time, 0.0004117172211408615
2024-02-14 10:36:40 | TRACE   | query_time, 0.0005285404622554779
2024-02-14 10:36:40 | TRACE   | query_time, 0.0004273541271686554
2024-02-14 10:36:40 | TRACE   | query_time, 0.00041680410504341125
2024-02-14 10:36:40 | TRACE   | query_time, 0.0004995893687009811
2024-02-14 10:36:40 | TRACE   | query_time, 0.0005252677947282791
2024-02-14 10:36:40 | TRACE   | query_time, 0.00041303783655166626
2024-02-14 10:36:40 | TRACE   | query_time, 0.0004246234893798828
2024-02-14 10:36:40 | TRACE   | query_time, 0.000525323674082756
2024-02-14 10:36:40 | TRACE   | query_time, 0.00041311420500278473
2024-02-14 10:36:40 | TRACE   | query_time, 0.0004196874797344208
2024-02-14 10:36:40 | TRACE   | query_time, 0.0004548095166683197
2024-02-14 10:36:40 | TRACE   | query_time, 0.00042318180203437805
2024-02-14 10:36:40 | TRACE   | query_time, 0.000422649085521698
2024-02-14 10:36:40 | TRACE   | query_time, 0.00042559579014778137
2024-02-14 10:36:40 | TRACE   | query_time, 0.0004110913723707199
2024-02-14 10:36:40 | TRACE   | query_time, 0.00040609948337078094
2024-02-14 10:36:40 | TRACE   | query_time, 0.00041274353861808777
2024-02-14 10:36:40 | TRACE   | query_time, 0.00046518072485923767
2024-02-14 10:36:40 | TRACE   | query_time, 0.0004265718162059784
2024-02-14 10:36:40 | TRACE   | query_time, 0.0004099663347005844
2024-02-14 10:36:40 | TRACE   | query_time, 0.00041068531572818756
2024-02-14 10:36:40 | TRACE   | query_time, 0.0004261881113052368
2024-02-14 10:36:40 | TRACE   | query_time, 0.0004295799881219864
2024-02-14 10:36:40 | TRACE   | query_time, 0.0005247890949249268
2024-02-14 10:36:40 | TRACE   | query_time, 0.00041291117668151855
2024-02-14 10:36:40 | TRACE   | query_time, 0.0004283636808395386
2024-02-14 10:36:40 | TRACE   | query_time, 0.00042488984763622284
2024-02-14 10:36:40 | TRACE   | query_time, 0.0004968680441379547
2024-02-14 10:36:40 | TRACE   | query_time, 0.0004125107079744339
2024-02-14 10:36:40 | TRACE   | query_time, 0.000407196581363678
2024-02-14 10:36:40 | TRACE   | query_time, 0.0004259031265974045
2024-02-14 10:36:40 | TRACE   | query_time, 0.00041319429874420166
2024-02-14 10:36:40 | TRACE   | query_time, 0.0005288049578666687
2024-02-14 10:36:40 | TRACE   | query_time, 0.0004262048751115799
2024-02-14 10:36:40 | TRACE   | query_time, 0.000521928071975708
2024-02-14 10:36:40 | TRACE   | query_time, 0.0004146415740251541
2024-02-14 10:36:40 | TRACE   | query_time, 0.0004115793853998184
2024-02-14 10:36:40 | TRACE   | query_time, 0.0004104636609554291
2024-02-14 10:36:40 | TRACE   | query_time, 0.0005253218114376068
2024-02-14 10:36:40 | TRACE   | query_time, 0.0005301591008901596
2024-02-14 10:36:40 | TRACE   | query_time, 0.0004261620342731476
2024-02-14 10:36:40 | TRACE   | query_time, 0.00042508356273174286
2024-02-14 10:36:40 | TRACE   | query_time, 0.00041346438229084015
2024-02-14 10:36:40 | TRACE   | query_time, 0.00042776018381118774
2024-02-14 10:36:40 | TRACE   | query_time, 0.00041218288242816925
2024-02-14 10:36:40 | TRACE   | query_time, 0.0004966128617525101
2024-02-14 10:36:40 | TRACE   | query_time, 0.0004226565361022949
2024-02-14 10:36:40 | TRACE   | query_time, 0.0004188641905784607
2024-02-14 10:36:40 | TRACE   | query_time, 0.00041239336133003235
2024-02-14 10:36:40 | TRACE   | query_time, 0.0005283001810312271
2024-02-14 10:36:40 | TRACE   | query_time, 0.00042480602860450745
2024-02-14 10:36:40 | TRACE   | query_time, 0.0005252733826637268
2024-02-14 10:36:40 | TRACE   | query_time, 0.0004126559942960739
2024-02-14 10:36:40 | TRACE   | query_time, 0.0004549548029899597
2024-02-14 10:36:40 | TRACE   | query_time, 0.00042988918721675873
2024-02-14 10:36:40 | TRACE   | query_time, 0.00040774792432785034
2024-02-14 10:36:40 | TRACE   | query_time, 0.00040490739047527313
2024-02-14 10:36:40 | TRACE   | query_time, 0.0005260314792394638
2024-02-14 10:36:40 | TRACE   | query_time, 0.00041251443326473236
2024-02-14 10:36:40 | TRACE   | query_time, 0.0004267040640115738
2024-02-14 10:36:40 | TRACE   | query_time, 0.00041205994784832
2024-02-14 10:36:40 | TRACE   | query_time, 0.00045247189700603485
2024-02-14 10:36:40 | TRACE   | query_time, 0.00043074414134025574
2024-02-14 10:36:40 | TRACE   | query_time, 0.0004117041826248169
2024-02-14 10:36:40 | TRACE   | query_time, 0.00042706914246082306
2024-02-14 10:36:40 | TRACE   | query_time, 0.00042406655848026276
2024-02-14 10:36:40 | TRACE   | query_time, 0.00041088275611400604
2024-02-14 10:36:40 | TRACE   | query_time, 0.0004235338419675827
2024-02-14 10:36:40 | TRACE   | query_time, 0.00042463280260562897
2024-02-14 10:36:40 | TRACE   | query_time, 0.0004114340990781784
2024-02-14 10:36:40 | TRACE   | query_time, 0.0005037859082221985
2024-02-14 10:36:40 | TRACE   | query_time, 0.00040954723954200745
2024-02-14 10:36:40 | TRACE   | query_time, 0.00040847621858119965
2024-02-14 10:36:40 | TRACE   | query_time, 0.00040797144174575806
2024-02-14 10:36:40 | TRACE   | query_time, 0.0005223434418439865
2024-02-14 10:36:40 | TRACE   | query_time, 0.0004056748002767563
2024-02-14 10:36:40 | TRACE   | query_time, 0.0004254952073097229
2024-02-14 10:36:40 | TRACE   | query_time, 0.0004314929246902466
2024-02-14 10:36:40 | TRACE   | query_time, 0.0005228407680988312
2024-02-14 10:36:40 | TRACE   | query_time, 0.00040927156805992126
2024-02-14 10:36:40 | TRACE   | query_time, 0.0004089474678039551
2024-02-14 10:36:40 | TRACE   | query_time, 0.00040809065103530884
2024-02-14 10:36:40 | TRACE   | query_time, 0.00041058100759983063
2024-02-14 10:36:40 | TRACE   | query_time, 0.0005241464823484421
2024-02-14 10:36:40 | TRACE   | query_time, 0.0004095491021871567
2024-02-14 10:36:40 | TRACE   | query_time, 0.0004289671778678894
2024-02-14 10:36:40 | TRACE   | query_time, 0.00040687620639801025
2024-02-14 10:36:40 | TRACE   | query_time, 0.0004098042845726013
2024-02-14 10:36:40 | TRACE   | query_time, 0.00040986575186252594
2024-02-14 10:36:40 | TRACE   | query_time, 0.0004952084273099899
2024-02-14 10:36:40 | TRACE   | query_time, 0.0004222206771373749
2024-02-14 10:36:40 | TRACE   | query_time, 0.0004243031144142151
2024-02-14 10:36:40 | TRACE   | query_time, 0.0004119500517845154
2024-02-14 10:36:40 | TRACE   | query_time, 0.0005273036658763885
2024-02-14 10:36:40 | TRACE   | query_time, 0.00042678043246269226
2024-02-14 10:36:40 | TRACE   | query_time, 0.0004938077181577682
2024-02-14 10:36:40 | TRACE   | query_time, 0.0004092436283826828
2024-02-14 10:36:40 | TRACE   | query_time, 0.00042635388672351837
2024-02-14 10:36:40 | TRACE   | query_time, 0.0005176439881324768
2024-02-14 10:36:40 | TRACE   | query_time, 0.0004531536251306534
2024-02-14 10:36:40 | TRACE   | query_time, 0.00043207593262195587
2024-02-14 10:36:40 | TRACE   | query_time, 0.00042307935655117035
2024-02-14 10:36:40 | TRACE   | query_time, 0.0004117153584957123
2024-02-14 10:36:40 | TRACE   | query_time, 0.000409930944442749
2024-02-14 10:36:40 | TRACE   | query_time, 0.000522976741194725
2024-02-14 10:36:40 | TRACE   | query_time, 0.0004241224378347397
2024-02-14 10:36:40 | TRACE   | query_time, 0.00045197829604148865
2024-02-14 10:36:40 | TRACE   | query_time, 0.0004176385700702667
2024-02-14 10:36:40 | TRACE   | query_time, 0.00040802545845508575
2024-02-14 10:36:40 | TRACE   | query_time, 0.00042355991899967194
2024-02-14 10:36:40 | TRACE   | query_time, 0.000423479825258255
2024-02-14 10:36:40 | TRACE   | query_time, 0.0004084184765815735
2024-02-14 10:36:40 | TRACE   | query_time, 0.0005240514874458313
2024-02-14 10:36:40 | TRACE   | query_time, 0.0004104040563106537
2024-02-14 10:36:40 | TRACE   | query_time, 0.0004236605018377304
2024-02-14 10:36:40 | TRACE   | query_time, 0.00042978860437870026
2024-02-14 10:36:40 | TRACE   | query_time, 0.0004236474633216858
2024-02-14 10:36:40 | TRACE   | query_time, 0.00040899962186813354
2024-02-14 10:36:40 | TRACE   | query_time, 0.0004910584539175034
2024-02-14 10:36:40 | TRACE   | query_time, 0.00040503405034542084
2024-02-14 10:36:40 | TRACE   | query_time, 0.0004981309175491333
2024-02-14 10:36:40 | TRACE   | query_time, 0.00041298195719718933
2024-02-14 10:36:40 | TRACE   | query_time, 0.0005291160196065903
2024-02-14 10:36:40 | TRACE   | query_time, 0.00041558779776096344
2024-02-14 10:36:40 | TRACE   | query_time, 0.0004163738340139389
2024-02-14 10:36:40 | TRACE   | query_time, 0.00041208602488040924
2024-02-14 10:36:40 | TRACE   | query_time, 0.0004153624176979065
2024-02-14 10:36:40 | TRACE   | query_time, 0.0004277750849723816
2024-02-14 10:36:40 | TRACE   | query_time, 0.00042563676834106445
2024-02-14 10:36:40 | TRACE   | query_time, 0.0004243999719619751
2024-02-14 10:36:40 | TRACE   | query_time, 0.00042409636080265045
2024-02-14 10:36:40 | TRACE   | query_time, 0.00040679052472114563
2024-02-14 10:36:40 | TRACE   | query_time, 0.0005173850804567337
2024-02-14 10:36:40 | TRACE   | query_time, 0.00040398165583610535
2024-02-14 10:36:40 | TRACE   | query_time, 0.0004201941192150116
2024-02-14 10:36:40 | TRACE   | query_time, 0.00040709227323532104
2024-02-14 10:36:40 | TRACE   | query_time, 0.00040247850120067596
2024-02-14 10:36:40 | TRACE   | query_time, 0.0004072654992341995
2024-02-14 10:36:40 | TRACE   | query_time, 0.00040926411747932434
2024-02-14 10:36:40 | TRACE   | query_time, 0.00040473975241184235
2024-02-14 10:36:40 | TRACE   | query_time, 0.00040613673627376556
2024-02-14 10:36:40 | TRACE   | query_time, 0.0004061199724674225
2024-02-14 10:36:40 | TRACE   | query_time, 0.00041855499148368835
2024-02-14 10:36:40 | TRACE   | query_time, 0.0005204286426305771
2024-02-14 10:36:40 | TRACE   | query_time, 0.000406607985496521
2024-02-14 10:36:40 | TRACE   | query_time, 0.0004023648798465729
2024-02-14 10:36:40 | TRACE   | query_time, 0.0004207529127597809
2024-02-14 10:36:40 | TRACE   | query_time, 0.00040780194103717804
2024-02-14 10:36:40 | TRACE   | query_time, 0.0005191080272197723
2024-02-14 10:36:40 | TRACE   | query_time, 0.00041962601244449615
2024-02-14 10:36:40 | TRACE   | query_time, 0.0004475899040699005
2024-02-14 10:36:40 | TRACE   | query_time, 0.00040908530354499817
2024-02-14 10:36:40 | TRACE   | query_time, 0.00042098015546798706
2024-02-14 10:36:40 | TRACE   | query_time, 0.00042433105409145355
2024-02-14 10:36:40 | TRACE   | query_time, 0.000515274703502655
2024-02-14 10:36:40 | TRACE   | query_time, 0.0004891734570264816
2024-02-14 10:36:40 | TRACE   | query_time, 0.00042003393173217773
2024-02-14 10:36:40 | TRACE   | query_time, 0.00040495023131370544
2024-02-14 10:36:40 | TRACE   | query_time, 0.00040540099143981934
2024-02-14 10:36:40 | TRACE   | query_time, 0.0005167704075574875
2024-02-14 10:36:40 | TRACE   | query_time, 0.0004180688410997391
2024-02-14 10:36:40 | TRACE   | query_time, 0.0004889611154794693
2024-02-14 10:36:40 | TRACE   | query_time, 0.0004185829311609268
2024-02-14 10:36:40 | TRACE   | query_time, 0.0005212500691413879
2024-02-14 10:36:40 | TRACE   | query_time, 0.0004076249897480011
2024-02-14 10:36:40 | TRACE   | query_time, 0.0005178842693567276
2024-02-14 10:36:40 | TRACE   | query_time, 0.00040558353066444397
2024-02-14 10:36:40 | TRACE   | query_time, 0.0004459209740161896
2024-02-14 10:36:40 | TRACE   | query_time, 0.00042635202407836914
2024-02-14 10:36:40 | TRACE   | query_time, 0.0004086550325155258
2024-02-14 10:36:40 | TRACE   | query_time, 0.00040174275636672974
2024-02-14 10:36:40 | TRACE   | query_time, 0.0004190877079963684
2024-02-14 10:36:40 | TRACE   | query_time, 0.00044935010373592377
2024-02-14 10:36:40 | TRACE   | query_time, 0.0004064105451107025
2024-02-14 10:36:40 | TRACE   | query_time, 0.0004216507077217102
2024-02-14 10:36:40 | TRACE   | query_time, 0.0004048161208629608
2024-02-14 10:36:40 | TRACE   | query_time, 0.0004116371273994446
2024-02-14 10:36:40 | TRACE   | query_time, 0.0004062354564666748
2024-02-14 10:36:40 | TRACE   | query_time, 0.0004060305655002594
2024-02-14 10:36:40 | TRACE   | query_time, 0.00040383823215961456
2024-02-14 10:36:40 | TRACE   | query_time, 0.00041714124381542206
2024-02-14 10:36:40 | TRACE   | query_time, 0.0004176180809736252
2024-02-14 10:36:40 | TRACE   | query_time, 0.0004049837589263916
2024-02-14 10:36:40 | TRACE   | query_time, 0.0004896968603134155
2024-02-14 10:36:40 | TRACE   | query_time, 0.0004911087453365326
2024-02-14 10:36:40 | TRACE   | query_time, 0.00040626712143421173
2024-02-14 10:36:40 | TRACE   | query_time, 0.00041995197534561157
2024-02-14 10:36:40 | TRACE   | query_time, 0.0004227515310049057
2024-02-14 10:36:40 | TRACE   | query_time, 0.00040749460458755493
2024-02-14 10:36:40 | TRACE   | query_time, 0.00040478073060512543
2024-02-14 10:36:40 | TRACE   | query_time, 0.00042045116424560547
2024-02-14 10:36:40 | TRACE   | query_time, 0.0005287081003189087
2024-02-14 10:36:40 | TRACE   | query_time, 0.00042150355875492096
2024-02-14 10:36:40 | TRACE   | query_time, 0.0004072766751050949
2024-02-14 10:36:40 | TRACE   | query_time, 0.0004066694527864456
2024-02-14 10:36:40 | TRACE   | query_time, 0.0004936940968036652
2024-02-14 10:36:40 | TRACE   | query_time, 0.00040765851736068726
2024-02-14 10:36:40 | TRACE   | query_time, 0.0004934836179018021
2024-02-14 10:36:40 | TRACE   | query_time, 0.00040516071021556854
2024-02-14 10:36:40 | TRACE   | query_time, 0.0004115607589483261
2024-02-14 10:36:40 | TRACE   | query_time, 0.0004206690937280655
2024-02-14 10:36:40 | TRACE   | query_time, 0.0005228519439697266
2024-02-14 10:36:40 | TRACE   | query_time, 0.0004085749387741089
2024-02-14 10:36:40 | TRACE   | query_time, 0.00041946955025196075
2024-02-14 10:36:40 | TRACE   | query_time, 0.0005182791501283646
2024-02-14 10:36:40 | TRACE   | query_time, 0.000405333936214447
2024-02-14 10:36:40 | TRACE   | query_time, 0.000522201880812645
2024-02-14 10:36:40 | TRACE   | query_time, 0.0004069022834300995
2024-02-14 10:36:40 | TRACE   | query_time, 0.0004210788756608963
2024-02-14 10:36:40 | TRACE   | query_time, 0.0004192255437374115
2024-02-14 10:36:40 | TRACE   | query_time, 0.0004055928438901901
2024-02-14 10:36:40 | TRACE   | query_time, 0.00051870197057724
2024-02-14 10:36:40 | TRACE   | query_time, 0.00040468014776706696
2024-02-14 10:36:40 | TRACE   | query_time, 0.0004052594304084778
2024-02-14 10:36:40 | TRACE   | query_time, 0.0004536230117082596
2024-02-14 10:36:40 | TRACE   | query_time, 0.0004200153052806854
2024-02-14 10:36:40 | TRACE   | query_time, 0.00040711648762226105
2024-02-14 10:36:40 | TRACE   | query_time, 0.00040700845420360565
2024-02-14 10:36:40 | TRACE   | query_time, 0.0004955008625984192
2024-02-14 10:36:40 | TRACE   | query_time, 0.000419052317738533
2024-02-14 10:36:40 | TRACE   | query_time, 0.0004061274230480194
2024-02-14 10:36:40 | TRACE   | query_time, 0.0020081792026758194
2024-02-14 10:36:40 | TRACE   | query_time, 0.0021370388567447662
2024-02-14 10:36:40 | TRACE   | query_time, 0.0019153989851474762
2024-02-14 10:36:40 | TRACE   | query_time, 0.001864774152636528
2024-02-14 10:36:40 | TRACE   | query_time, 0.0019423216581344604
2024-02-14 10:36:40 | TRACE   | query_time, 0.0018415562808513641
2024-02-14 10:36:40 | TRACE   | query_time, 0.0018811821937561035
2024-02-14 10:36:40 | TRACE   | query_time, 0.0019341129809617996
2024-02-14 10:36:40 | TRACE   | query_time, 0.0018504969775676727
2024-02-14 10:36:40 | TRACE   | query_time, 0.0018592346459627151
2024-02-14 10:36:40 | TRACE   | query_time, 0.0019464995712041855
2024-02-14 10:36:40 | TRACE   | query_time, 0.0018667727708816528
2024-02-14 10:36:40 | TRACE   | query_time, 0.0019504651427268982
2024-02-14 10:36:40 | TRACE   | query_time, 0.0018661785870790482
2024-02-14 10:36:40 | TRACE   | query_time, 0.0018763355910778046
2024-02-14 10:36:40 | TRACE   | query_time, 0.0018601473420858383
2024-02-14 10:36:40 | TRACE   | query_time, 0.0019369591027498245
2024-02-14 10:36:40 | TRACE   | query_time, 0.0018727686256170273
2024-02-14 10:36:40 | TRACE   | query_time, 0.0019056014716625214
2024-02-14 10:36:40 | TRACE   | query_time, 0.0018511712551116943
2024-02-14 10:36:40 | TRACE   | query_time, 0.0017644912004470825
2024-02-14 10:36:40 | TRACE   | query_time, 0.0019212309271097183
2024-02-14 10:36:40 | TRACE   | query_time, 0.0017342567443847656
2024-02-14 10:36:40 | TRACE   | query_time, 0.0018369033932685852
2024-02-14 10:36:40 | TRACE   | query_time, 0.0019211899489164352
2024-02-14 10:36:40 | TRACE   | query_time, 0.0018659941852092743
2024-02-14 10:36:40 | TRACE   | query_time, 0.0019562020897865295
2024-02-14 10:36:40 | TRACE   | query_time, 0.0019412655383348465
2024-02-14 10:36:40 | TRACE   | query_time, 0.001871241256594658
2024-02-14 10:36:40 | TRACE   | query_time, 0.0017279833555221558
2024-02-14 10:36:40 | TRACE   | query_time, 0.0017222631722688675
2024-02-14 10:36:40 | TRACE   | query_time, 0.0018532685935497284
2024-02-14 10:36:40 | TRACE   | query_time, 0.0017588865011930466
2024-02-14 10:36:40 | TRACE   | query_time, 0.0019264556467533112
2024-02-14 10:36:40 | TRACE   | query_time, 0.0018500704318284988
2024-02-14 10:36:40 | TRACE   | query_time, 0.0017261393368244171
2024-02-14 10:36:40 | TRACE   | query_time, 0.0018383022397756577
2024-02-14 10:36:40 | TRACE   | query_time, 0.001909920945763588
2024-02-14 10:36:40 | TRACE   | query_time, 0.001859111711382866
2024-02-14 10:36:40 | TRACE   | query_time, 0.0018056370317935944
2024-02-14 10:36:40 | TRACE   | query_time, 0.0018788296729326248
2024-02-14 10:36:40 | TRACE   | query_time, 0.0017509497702121735
2024-02-14 10:36:40 | TRACE   | query_time, 0.0018406827002763748
2024-02-14 10:36:40 | TRACE   | query_time, 0.0018620919436216354
2024-02-14 10:36:40 | TRACE   | query_time, 0.0018757078796625137
2024-02-14 10:36:40 | TRACE   | query_time, 0.0018650423735380173
2024-02-14 10:36:40 | TRACE   | query_time, 0.0018792655318975449
2024-02-14 10:36:40 | TRACE   | query_time, 0.0018642209470272064
2024-02-14 10:36:40 | TRACE   | query_time, 0.001854216679930687
2024-02-14 10:36:40 | TRACE   | query_time, 0.0018563438206911087
2024-02-14 10:36:40 | TRACE   | query_time, 0.0018633045256137848
2024-02-14 10:36:40 | TRACE   | query_time, 0.0018825829029083252
2024-02-14 10:36:40 | TRACE   | query_time, 0.0018881279975175858
2024-02-14 10:36:40 | TRACE   | query_time, 0.001925898715853691
2024-02-14 10:36:40 | TRACE   | query_time, 0.0018396154046058655
2024-02-14 10:36:40 | TRACE   | query_time, 0.0017338749021291733
2024-02-14 10:36:40 | TRACE   | query_time, 0.001851474866271019
2024-02-14 10:36:40 | TRACE   | query_time, 0.0019462443888187408
2024-02-14 10:36:40 | TRACE   | query_time, 0.0018321331590414047
2024-02-14 10:36:40 | TRACE   | query_time, 0.00187787227332592
2024-02-14 10:36:40 | TRACE   | query_time, 0.0018622763454914093
2024-02-14 10:36:40 | TRACE   | query_time, 0.001928374171257019
2024-02-14 10:36:40 | TRACE   | query_time, 0.0021307338029146194
2024-02-14 10:36:40 | TRACE   | query_time, 0.0019397325813770294
2024-02-14 10:36:40 | TRACE   | query_time, 0.002136150375008583
2024-02-14 10:36:40 | TRACE   | query_time, 0.0021697860211133957
2024-02-14 10:36:40 | TRACE   | query_time, 0.0019454248249530792
2024-02-14 10:36:40 | TRACE   | query_time, 0.0017225760966539383
2024-02-14 10:36:40 | TRACE   | query_time, 0.0018351990729570389
2024-02-14 10:36:40 | TRACE   | query_time, 0.0018527563661336899
2024-02-14 10:36:40 | TRACE   | query_time, 0.0019269585609436035
2024-02-14 10:36:40 | TRACE   | query_time, 0.0018304605036973953
2024-02-14 10:36:40 | TRACE   | query_time, 0.0018635652959346771
2024-02-14 10:36:40 | TRACE   | query_time, 0.0018543526530265808
2024-02-14 10:36:40 | TRACE   | query_time, 0.001849781721830368
2024-02-14 10:36:40 | TRACE   | query_time, 0.0018501318991184235
2024-02-14 10:36:40 | TRACE   | query_time, 0.0018631666898727417
2024-02-14 10:36:40 | TRACE   | query_time, 0.0018369164317846298
2024-02-14 10:36:40 | TRACE   | query_time, 0.0018580928444862366
2024-02-14 10:36:40 | TRACE   | query_time, 0.0018391795456409454
2024-02-14 10:36:40 | TRACE   | query_time, 0.0018616877496242523
2024-02-14 10:36:40 | TRACE   | query_time, 0.0019401591271162033
2024-02-14 10:36:40 | TRACE   | query_time, 0.002122398465871811
2024-02-14 10:36:40 | TRACE   | query_time, 0.0019475799053907394
2024-02-14 10:36:40 | TRACE   | query_time, 0.0019224174320697784
2024-02-14 10:36:40 | TRACE   | query_time, 0.0017099101096391678
2024-02-14 10:36:40 | TRACE   | query_time, 0.0018598828464746475
2024-02-14 10:36:40 | TRACE   | query_time, 0.0018437132239341736
2024-02-14 10:36:40 | TRACE   | query_time, 0.0017567556351423264
2024-02-14 10:36:40 | TRACE   | query_time, 0.0017193518579006195
2024-02-14 10:36:40 | TRACE   | query_time, 0.0018234867602586746
2024-02-14 10:36:40 | TRACE   | query_time, 0.001946995034813881
2024-02-14 10:36:40 | TRACE   | query_time, 0.0019324012100696564
2024-02-14 10:36:40 | TRACE   | query_time, 0.0019344817847013474
2024-02-14 10:36:40 | TRACE   | query_time, 0.0021478477865457535
2024-02-14 10:36:40 | TRACE   | query_time, 0.0018063150346279144
2024-02-14 10:36:40 | TRACE   | query_time, 0.002109179273247719
2024-02-14 10:36:40 | TRACE   | query_time, 0.001924317330121994
2024-02-14 10:36:40 | TRACE   | query_time, 0.0017032697796821594
2024-02-14 10:36:40 | TRACE   | query_time, 0.0017173998057842255
2024-02-14 10:36:40 | TRACE   | query_time, 0.0018502883613109589
2024-02-14 10:36:40 | TRACE   | query_time, 0.001754155382514
2024-02-14 10:36:40 | TRACE   | query_time, 0.0017262846231460571
2024-02-14 10:36:40 | TRACE   | query_time, 0.0018859542906284332
2024-02-14 10:36:40 | TRACE   | query_time, 0.0019395481795072556
2024-02-14 10:36:40 | TRACE   | query_time, 0.001746300607919693
2024-02-14 10:36:40 | TRACE   | query_time, 0.0018378477543592453
2024-02-14 10:36:40 | TRACE   | query_time, 0.0018984917551279068
2024-02-14 10:36:40 | TRACE   | query_time, 0.0018754471093416214
2024-02-14 10:36:40 | TRACE   | query_time, 0.0019563958048820496
2024-02-14 10:36:40 | TRACE   | query_time, 0.0018650107085704803
2024-02-14 10:36:40 | TRACE   | query_time, 0.002141924574971199
2024-02-14 10:36:40 | TRACE   | query_time, 0.0021165627986192703
2024-02-14 10:36:40 | TRACE   | query_time, 0.001910647377371788
2024-02-14 10:36:40 | TRACE   | query_time, 0.0018646549433469772
2024-02-14 10:36:40 | TRACE   | query_time, 0.0017876774072647095
2024-02-14 10:36:40 | TRACE   | query_time, 0.0018653292208909988
2024-02-14 10:36:40 | TRACE   | query_time, 0.001848684623837471
2024-02-14 10:36:40 | TRACE   | query_time, 0.001741647720336914
2024-02-14 10:36:40 | TRACE   | query_time, 0.0017676223069429398
2024-02-14 10:36:40 | TRACE   | query_time, 0.001894637942314148
2024-02-14 10:36:40 | TRACE   | query_time, 0.002138562500476837
2024-02-14 10:36:40 | TRACE   | query_time, 0.001870226114988327
2024-02-14 10:36:40 | TRACE   | query_time, 0.0019486192613840103
2024-02-14 10:36:40 | TRACE   | query_time, 0.0018454529345035553
2024-02-14 10:36:40 | TRACE   | query_time, 0.0019406788051128387
2024-02-14 10:36:40 | TRACE   | query_time, 0.001954568549990654
2024-02-14 10:36:40 | TRACE   | query_time, 0.0020268484950065613
2024-02-14 10:36:40 | TRACE   | query_time, 0.0019486229866743088
2024-02-14 10:36:40 | TRACE   | query_time, 0.0020546577870845795
2024-02-14 10:36:40 | TRACE   | query_time, 0.0019297320395708084
2024-02-14 10:36:40 | TRACE   | query_time, 0.002090493217110634
2024-02-14 10:36:40 | TRACE   | query_time, 0.0020938850939273834
2024-02-14 10:36:40 | TRACE   | query_time, 0.0020883046090602875
2024-02-14 10:36:40 | TRACE   | query_time, 0.0022631604224443436
2024-02-14 10:36:40 | TRACE   | query_time, 0.002099141478538513
2024-02-14 10:36:40 | TRACE   | query_time, 0.001960359513759613
2024-02-14 10:36:40 | TRACE   | query_time, 0.0020465366542339325
2024-02-14 10:36:40 | TRACE   | query_time, 0.0019569508731365204
2024-02-14 10:36:40 | TRACE   | query_time, 0.001946672797203064
2024-02-14 10:36:40 | TRACE   | query_time, 0.002112453803420067
2024-02-14 10:36:40 | TRACE   | query_time, 0.002043638378381729
2024-02-14 10:36:40 | TRACE   | query_time, 0.0020796898752450943
2024-02-14 10:36:40 | TRACE   | query_time, 0.00205419585108757
2024-02-14 10:36:40 | TRACE   | query_time, 0.0020342469215393066
2024-02-14 10:36:40 | TRACE   | query_time, 0.0019403602927923203
2024-02-14 10:36:40 | TRACE   | query_time, 0.0019492153078317642
2024-02-14 10:36:40 | TRACE   | query_time, 0.0020211581140756607
2024-02-14 10:36:40 | TRACE   | query_time, 0.0020520295947790146
2024-02-14 10:36:40 | TRACE   | query_time, 0.0022624563425779343
2024-02-14 10:36:40 | TRACE   | query_time, 0.0022581666707992554
2024-02-14 10:36:40 | TRACE   | query_time, 0.002102440223097801
2024-02-14 10:36:40 | TRACE   | query_time, 0.0019479617476463318
2024-02-14 10:36:40 | TRACE   | query_time, 0.0019338354468345642
2024-02-14 10:36:40 | TRACE   | query_time, 0.0020234473049640656
2024-02-14 10:36:40 | TRACE   | query_time, 0.002109156921505928
2024-02-14 10:36:40 | TRACE   | query_time, 0.0021210964769124985
2024-02-14 10:36:40 | TRACE   | query_time, 0.0022746194154024124
2024-02-14 10:36:40 | TRACE   | query_time, 0.0021058302372694016
2024-02-14 10:36:40 | TRACE   | query_time, 0.0022483784705400467
2024-02-14 10:36:40 | TRACE   | query_time, 0.0020543355494737625
2024-02-14 10:36:40 | TRACE   | query_time, 0.002078454941511154
2024-02-14 10:36:40 | TRACE   | query_time, 0.0020566117018461227
2024-02-14 10:36:40 | TRACE   | query_time, 0.0020389575511217117
2024-02-14 10:36:40 | TRACE   | query_time, 0.0019639991223812103
2024-02-14 10:36:40 | TRACE   | query_time, 0.0020264480262994766
2024-02-14 10:36:40 | TRACE   | query_time, 0.0021153930574655533
2024-02-14 10:36:40 | TRACE   | query_time, 0.0020480994135141373
2024-02-14 10:36:40 | TRACE   | query_time, 0.002060363069176674
2024-02-14 10:36:40 | TRACE   | query_time, 0.0022402219474315643
2024-02-14 10:36:40 | TRACE   | query_time, 0.002032957971096039
2024-02-14 10:36:40 | TRACE   | query_time, 0.002055516466498375
2024-02-14 10:36:40 | TRACE   | query_time, 0.001954279839992523
2024-02-14 10:36:40 | TRACE   | query_time, 0.00210622139275074
2024-02-14 10:36:40 | TRACE   | query_time, 0.0019634775817394257
2024-02-14 10:36:40 | TRACE   | query_time, 0.0020488519221544266
2024-02-14 10:36:40 | TRACE   | query_time, 0.0019347872585058212
2024-02-14 10:36:40 | TRACE   | query_time, 0.0020310040563344955
2024-02-14 10:36:40 | TRACE   | query_time, 0.002255316823720932
2024-02-14 10:36:40 | TRACE   | query_time, 0.0020924247801303864
2024-02-14 10:36:40 | TRACE   | query_time, 0.002045324072241783
2024-02-14 10:36:40 | TRACE   | query_time, 0.0019518807530403137
2024-02-14 10:36:40 | TRACE   | query_time, 0.0020128488540649414
2024-02-14 10:36:40 | TRACE   | query_time, 0.002112284302711487
2024-02-14 10:36:40 | TRACE   | query_time, 0.0020271409302949905
2024-02-14 10:36:40 | TRACE   | query_time, 0.002048281952738762
2024-02-14 10:36:40 | TRACE   | query_time, 0.0020307525992393494
2024-02-14 10:36:40 | TRACE   | query_time, 0.0020994041115045547
2024-02-14 10:36:40 | TRACE   | query_time, 0.0020880959928035736
2024-02-14 10:36:40 | TRACE   | query_time, 0.002041636034846306
2024-02-14 10:36:40 | TRACE   | query_time, 0.0020559746772050858
2024-02-14 10:36:40 | TRACE   | query_time, 0.0019280388951301575
2024-02-14 10:36:40 | TRACE   | query_time, 0.002035120502114296
2024-02-14 10:36:40 | TRACE   | query_time, 0.0019543971866369247
2024-02-14 10:36:40 | TRACE   | query_time, 0.0020448509603738785
2024-02-14 10:36:40 | TRACE   | query_time, 0.0020354725420475006
2024-02-14 10:36:40 | TRACE   | query_time, 0.0021003205329179764
2024-02-14 10:36:40 | TRACE   | query_time, 0.002052620053291321
2024-02-14 10:36:40 | TRACE   | query_time, 0.002057759091258049
2024-02-14 10:36:40 | TRACE   | query_time, 0.002113714814186096
2024-02-14 10:36:40 | TRACE   | query_time, 0.0022506192326545715
2024-02-14 10:36:40 | TRACE   | query_time, 0.0019972510635852814
2024-02-14 10:36:40 | TRACE   | query_time, 0.002103639766573906
2024-02-14 10:36:40 | TRACE   | query_time, 0.0020872894674539566
2024-02-14 10:36:40 | TRACE   | query_time, 0.0019997190684080124
2024-02-14 10:36:40 | TRACE   | query_time, 0.002089882269501686
2024-02-14 10:36:40 | TRACE   | query_time, 0.0021018628031015396
2024-02-14 10:36:40 | TRACE   | query_time, 0.0020698867738246918
2024-02-14 10:36:40 | TRACE   | query_time, 0.0020493492484092712
2024-02-14 10:36:40 | TRACE   | query_time, 0.00227564200758934
2024-02-14 10:36:40 | TRACE   | query_time, 0.00199182890355587
2024-02-14 10:36:40 | TRACE   | query_time, 0.002037331461906433
2024-02-14 10:36:40 | TRACE   | query_time, 0.002539234235882759
2024-02-14 10:36:40 | TRACE   | query_time, 0.0020772628486156464
2024-02-14 10:36:40 | TRACE   | query_time, 0.002090912312269211
2024-02-14 10:36:40 | TRACE   | query_time, 0.001935817301273346
2024-02-14 10:36:40 | TRACE   | query_time, 0.0019377674907445908
2024-02-14 10:36:40 | TRACE   | query_time, 0.002047725021839142
2024-02-14 10:36:40 | TRACE   | query_time, 0.0020927153527736664
2024-02-14 10:36:40 | TRACE   | query_time, 0.0022579841315746307
2024-02-14 10:36:40 | TRACE   | query_time, 0.0020790640264749527
2024-02-14 10:36:40 | TRACE   | query_time, 0.002056332305073738
2024-02-14 10:36:40 | TRACE   | query_time, 0.0020556729286909103
2024-02-14 10:36:40 | TRACE   | query_time, 0.0020589679479599
2024-02-14 10:36:40 | TRACE   | query_time, 0.002041120082139969
2024-02-14 10:36:40 | TRACE   | query_time, 0.0022626053541898727
2024-02-14 10:36:40 | TRACE   | query_time, 0.0022669509053230286
2024-02-14 10:36:40 | TRACE   | query_time, 0.0020828954875469208
2024-02-14 10:36:40 | TRACE   | query_time, 0.002091428264975548
2024-02-14 10:36:40 | TRACE   | query_time, 0.0019321367144584656
2024-02-14 10:36:40 | TRACE   | query_time, 0.0020618923008441925
2024-02-14 10:36:40 | TRACE   | query_time, 0.0019383691251277924
2024-02-14 10:36:40 | TRACE   | query_time, 0.0020232554525136948
2024-02-14 10:36:40 | TRACE   | query_time, 0.0020396914333105087
2024-02-14 10:36:40 | TRACE   | query_time, 0.0020937472581863403
2024-02-14 10:36:40 | TRACE   | query_time, 0.0020139068365097046
2024-02-14 10:36:40 | TRACE   | query_time, 0.001936051994562149
2024-02-14 10:36:40 | TRACE   | query_time, 0.0020499564707279205
2024-02-14 10:36:40 | TRACE   | query_time, 0.0020608678460121155
2024-02-14 10:36:40 | TRACE   | query_time, 0.001988755539059639
2024-02-14 10:36:40 | TRACE   | query_time, 0.002116488292813301
2024-02-14 10:36:40 | TRACE   | query_time, 0.0020334292203187943
2024-02-14 10:36:40 | TRACE   | query_time, 0.002065097913146019
2024-02-14 10:36:40 | TRACE   | query_time, 0.0019465424120426178
2024-02-14 10:36:40 | TRACE   | query_time, 0.0020486507564783096
2024-02-14 10:36:40 | TRACE   | query_time, 0.002102382481098175
2024-02-14 10:36:40 | TRACE   | query_time, 0.0020107030868530273
2024-02-14 10:36:40 | TRACE   | query_time, 0.0019344091415405273
2024-02-14 10:36:40 | TRACE   | query_time, 0.00203072652220726
2024-02-14 10:36:40 | TRACE   | query_time, 0.0019811540842056274
2024-02-14 10:36:40 | TRACE   | query_time, 0.0020487848669290543
2024-02-14 10:36:40 | TRACE   | query_time, 0.001982947811484337
2024-02-14 10:36:40 | TRACE   | query_time, 0.0020538009703159332
2024-02-14 10:36:40 | TRACE   | query_time, 0.002141883596777916
2024-02-14 10:36:40 | TRACE   | query_time, 0.0020454712212085724
2024-02-14 10:36:40 | TRACE   | query_time, 0.001949407160282135
2024-02-14 10:36:40 | TRACE   | query_time, 0.002070760354399681
2024-02-14 10:36:40 | TRACE   | query_time, 0.0020066797733306885
2024-02-14 10:36:40 | TRACE   | query_time, 0.0019338913261890411
2024-02-14 10:36:40 | TRACE   | query_time, 0.0020344480872154236
