2024-02-14 10:41:31 | DEBUG   | {'input': PosixPath('data/open_data_usa/indices/microbenchmarks/rebinning-b500000.zst'), 'input_type': 'index', 'queries': PosixPath('data/open_data_usa/queries/microbenchmarks.zst'), 'estimation_mode': None, 'index_mode': 'recall', 'output': None, 'workers': None, 'frequency_hists': False, 'suppress_results': True, 'log_level': 'INFO', 'log_file': PosixPath('logs/microbenchmarks/runtime/open_data_usa-rebinning-b500000-single_suppressed-2.log')}
2024-02-14 10:41:31 | DEBUG   | Loading input data from data/open_data_usa/indices/microbenchmarks/rebinning-b500000.zst
2024-02-14 10:41:34 | DEBUG   | Loading queries from data/open_data_usa/queries/microbenchmarks.zst
2024-02-14 10:41:34 | TRACE   | bootstrap_time, 2.7370824683457613
2024-02-14 10:41:34 | DEBUG   | Starting execution
2024-02-14 10:41:34 | TRACE   | query_time, 0.0002766512334346771
2024-02-14 10:41:34 | TRACE   | query_time, 0.00013893283903598785
2024-02-14 10:41:34 | TRACE   | query_time, 0.000136692076921463
2024-02-14 10:41:34 | TRACE   | query_time, 0.0001341700553894043
2024-02-14 10:41:34 | TRACE   | query_time, 0.00012247636914253235
2024-02-14 10:41:34 | TRACE   | query_time, 0.00013602152466773987
2024-02-14 10:41:34 | TRACE   | query_time, 0.00015526823699474335
2024-02-14 10:41:34 | TRACE   | query_time, 0.0001345016062259674
2024-02-14 10:41:34 | TRACE   | query_time, 0.00012451224029064178
2024-02-14 10:41:34 | TRACE   | query_time, 0.00015099532902240753
2024-02-14 10:41:34 | TRACE   | query_time, 0.00013634376227855682
2024-02-14 10:41:34 | TRACE   | query_time, 0.0001319684088230133
2024-02-14 10:41:34 | TRACE   | query_time, 0.00013257376849651337
2024-02-14 10:41:34 | TRACE   | query_time, 0.00013327226042747498
2024-02-14 10:41:34 | TRACE   | query_time, 0.00013166479766368866
2024-02-14 10:41:34 | TRACE   | query_time, 0.00012183189392089844
2024-02-14 10:41:34 | TRACE   | query_time, 0.00013289228081703186
2024-02-14 10:41:34 | TRACE   | query_time, 0.00013700686395168304
2024-02-14 10:41:34 | TRACE   | query_time, 0.00013164617121219635
2024-02-14 10:41:34 | TRACE   | query_time, 0.00013248249888420105
2024-02-14 10:41:34 | TRACE   | query_time, 0.00014171190559864044
2024-02-14 10:41:34 | TRACE   | query_time, 0.00013165362179279327
2024-02-14 10:41:34 | TRACE   | query_time, 0.0001332201063632965
2024-02-14 10:41:34 | TRACE   | query_time, 0.0001315884292125702
2024-02-14 10:41:34 | TRACE   | query_time, 0.0001223236322402954
2024-02-14 10:41:34 | TRACE   | query_time, 0.0001327916979789734
2024-02-14 10:41:34 | TRACE   | query_time, 0.00013166479766368866
2024-02-14 10:41:34 | TRACE   | query_time, 0.000141095370054245
2024-02-14 10:41:34 | TRACE   | query_time, 0.00013049505650997162
2024-02-14 10:41:34 | TRACE   | query_time, 0.0001215469092130661
2024-02-14 10:41:34 | TRACE   | query_time, 0.00014338642358779907
2024-02-14 10:41:34 | TRACE   | query_time, 0.00013200007379055023
2024-02-14 10:41:34 | TRACE   | query_time, 0.00013295747339725494
2024-02-14 10:41:34 | TRACE   | query_time, 0.00013044476509094238
2024-02-14 10:41:34 | TRACE   | query_time, 0.0001306980848312378
2024-02-14 10:41:34 | TRACE   | query_time, 0.00013055093586444855
2024-02-14 10:41:34 | TRACE   | query_time, 0.00012162327766418457
2024-02-14 10:41:34 | TRACE   | query_time, 0.00014345720410346985
2024-02-14 10:41:34 | TRACE   | query_time, 0.00013360194861888885
2024-02-14 10:41:34 | TRACE   | query_time, 0.0001391824334859848
2024-02-14 10:41:34 | TRACE   | query_time, 0.00013194046914577484
2024-02-14 10:41:34 | TRACE   | query_time, 0.00014192797243595123
2024-02-14 10:41:34 | TRACE   | query_time, 0.0001329183578491211
2024-02-14 10:41:34 | TRACE   | query_time, 0.00014192424714565277
2024-02-14 10:41:34 | TRACE   | query_time, 0.00013093091547489166
2024-02-14 10:41:34 | TRACE   | query_time, 0.0001307707279920578
2024-02-14 10:41:34 | TRACE   | query_time, 0.00013025663793087006
2024-02-14 10:41:34 | TRACE   | query_time, 0.00013927556574344635
2024-02-14 10:41:34 | TRACE   | query_time, 0.00013017840683460236
2024-02-14 10:41:34 | TRACE   | query_time, 0.0001316554844379425
2024-02-14 10:41:34 | TRACE   | query_time, 0.00015759281814098358
2024-02-14 10:41:34 | TRACE   | query_time, 0.00013185851275920868
2024-02-14 10:41:34 | TRACE   | query_time, 0.00014150701463222504
2024-02-14 10:41:34 | TRACE   | query_time, 0.0001310240477323532
2024-02-14 10:41:34 | TRACE   | query_time, 0.00013162754476070404
2024-02-14 10:41:34 | TRACE   | query_time, 0.0001422390341758728
2024-02-14 10:41:34 | TRACE   | query_time, 0.00013058818876743317
2024-02-14 10:41:34 | TRACE   | query_time, 0.00012032315135002136
2024-02-14 10:41:34 | TRACE   | query_time, 0.0001297052949666977
2024-02-14 10:41:34 | TRACE   | query_time, 0.00012023560702800751
2024-02-14 10:41:34 | TRACE   | query_time, 0.00013013742864131927
2024-02-14 10:41:34 | TRACE   | query_time, 0.00013023614883422852
2024-02-14 10:41:34 | TRACE   | query_time, 0.0001513361930847168
2024-02-14 10:41:34 | TRACE   | query_time, 0.00013042427599430084
2024-02-14 10:41:34 | TRACE   | query_time, 0.00013002753257751465
2024-02-14 10:41:34 | TRACE   | query_time, 0.0001308061182498932
2024-02-14 10:41:34 | TRACE   | query_time, 0.0001300126314163208
2024-02-14 10:41:34 | TRACE   | query_time, 0.00013089366257190704
2024-02-14 10:41:34 | TRACE   | query_time, 0.00012202560901641846
2024-02-14 10:41:34 | TRACE   | query_time, 0.00013107061386108398
2024-02-14 10:41:34 | TRACE   | query_time, 0.00012872740626335144
2024-02-14 10:41:34 | TRACE   | query_time, 0.00012046657502651215
2024-02-14 10:41:34 | TRACE   | query_time, 0.00013177283108234406
2024-02-14 10:41:34 | TRACE   | query_time, 0.00013011693954467773
2024-02-14 10:41:34 | TRACE   | query_time, 0.00013964995741844177
2024-02-14 10:41:34 | TRACE   | query_time, 0.00013138540089130402
2024-02-14 10:41:34 | TRACE   | query_time, 0.00013174116611480713
2024-02-14 10:41:34 | TRACE   | query_time, 0.000130578875541687
2024-02-14 10:41:34 | TRACE   | query_time, 0.00013094395399093628
2024-02-14 10:41:34 | TRACE   | query_time, 0.00013041682541370392
2024-02-14 10:41:34 | TRACE   | query_time, 0.00012999027967453003
2024-02-14 10:41:34 | TRACE   | query_time, 0.00013000518083572388
2024-02-14 10:41:34 | TRACE   | query_time, 0.00012952834367752075
2024-02-14 10:41:34 | TRACE   | query_time, 0.00014021620154380798
2024-02-14 10:41:34 | TRACE   | query_time, 0.0001307222992181778
2024-02-14 10:41:34 | TRACE   | query_time, 0.00014012306928634644
2024-02-14 10:41:34 | TRACE   | query_time, 0.00012942031025886536
2024-02-14 10:41:34 | TRACE   | query_time, 0.00013174302875995636
2024-02-14 10:41:34 | TRACE   | query_time, 0.00013004057109355927
2024-02-14 10:41:34 | TRACE   | query_time, 0.00012874789535999298
2024-02-14 10:41:34 | TRACE   | query_time, 0.00013960152864456177
2024-02-14 10:41:34 | TRACE   | query_time, 0.0001290980726480484
2024-02-14 10:41:34 | TRACE   | query_time, 0.00012974813580513
2024-02-14 10:41:34 | TRACE   | query_time, 0.00013157911598682404
2024-02-14 10:41:34 | TRACE   | query_time, 0.00013071857392787933
2024-02-14 10:41:34 | TRACE   | query_time, 0.0001290440559387207
2024-02-14 10:41:34 | TRACE   | query_time, 0.0001308135688304901
2024-02-14 10:41:34 | TRACE   | query_time, 0.00012069381773471832
2024-02-14 10:41:34 | TRACE   | query_time, 0.00012999959290027618
2024-02-14 10:41:34 | TRACE   | query_time, 0.00012014992535114288
2024-02-14 10:41:34 | TRACE   | query_time, 0.00015142187476158142
2024-02-14 10:41:34 | TRACE   | query_time, 0.00013917498290538788
2024-02-14 10:41:34 | TRACE   | query_time, 0.00013055279850959778
2024-02-14 10:41:34 | TRACE   | query_time, 0.00013002753257751465
2024-02-14 10:41:34 | TRACE   | query_time, 0.0001310240477323532
2024-02-14 10:41:34 | TRACE   | query_time, 0.0001310836523771286
2024-02-14 10:41:34 | TRACE   | query_time, 0.00013026036322116852
2024-02-14 10:41:34 | TRACE   | query_time, 0.0001300964504480362
2024-02-14 10:41:34 | TRACE   | query_time, 0.00012077391147613525
2024-02-14 10:41:34 | TRACE   | query_time, 0.0001288279891014099
2024-02-14 10:41:34 | TRACE   | query_time, 0.0001225639134645462
2024-02-14 10:41:34 | TRACE   | query_time, 0.00013297609984874725
2024-02-14 10:41:34 | TRACE   | query_time, 0.00014377199113368988
2024-02-14 10:41:34 | TRACE   | query_time, 0.00013268180191516876
2024-02-14 10:41:34 | TRACE   | query_time, 0.00013319216668605804
2024-02-14 10:41:34 | TRACE   | query_time, 0.00014112330973148346
2024-02-14 10:41:34 | TRACE   | query_time, 0.00015239976346492767
2024-02-14 10:41:34 | TRACE   | query_time, 0.00012009218335151672
2024-02-14 10:41:34 | TRACE   | query_time, 0.00013181567192077637
2024-02-14 10:41:34 | TRACE   | query_time, 0.00014918111264705658
2024-02-14 10:41:34 | TRACE   | query_time, 0.00013200566172599792
2024-02-14 10:41:34 | TRACE   | query_time, 0.00013159960508346558
2024-02-14 10:41:34 | TRACE   | query_time, 0.00013987533748149872
2024-02-14 10:41:34 | TRACE   | query_time, 0.00012953393161296844
2024-02-14 10:41:34 | TRACE   | query_time, 0.00013069063425064087
2024-02-14 10:41:34 | TRACE   | query_time, 0.0001294948160648346
2024-02-14 10:41:34 | TRACE   | query_time, 0.00013061054050922394
2024-02-14 10:41:34 | TRACE   | query_time, 0.00012041069567203522
2024-02-14 10:41:34 | TRACE   | query_time, 0.00011947564780712128
2024-02-14 10:41:34 | TRACE   | query_time, 0.00013932958245277405
2024-02-14 10:41:34 | TRACE   | query_time, 0.00013071484863758087
2024-02-14 10:41:34 | TRACE   | query_time, 0.0001304391771554947
2024-02-14 10:41:34 | TRACE   | query_time, 0.00012067705392837524
2024-02-14 10:41:34 | TRACE   | query_time, 0.00013052113354206085
2024-02-14 10:41:34 | TRACE   | query_time, 0.00012995488941669464
2024-02-14 10:41:34 | TRACE   | query_time, 0.00014076195657253265
2024-02-14 10:41:34 | TRACE   | query_time, 0.0001306198537349701
2024-02-14 10:41:34 | TRACE   | query_time, 0.00013074465095996857
2024-02-14 10:41:34 | TRACE   | query_time, 0.00013078749179840088
2024-02-14 10:41:34 | TRACE   | query_time, 0.00014198757708072662
2024-02-14 10:41:34 | TRACE   | query_time, 0.00013064034283161163
2024-02-14 10:41:34 | TRACE   | query_time, 0.0001207590103149414
2024-02-14 10:41:34 | TRACE   | query_time, 0.00012987665832042694
2024-02-14 10:41:34 | TRACE   | query_time, 0.0001306496560573578
2024-02-14 10:41:34 | TRACE   | query_time, 0.0001487135887145996
2024-02-14 10:41:34 | TRACE   | query_time, 0.00012976489961147308
2024-02-14 10:41:34 | TRACE   | query_time, 0.00014977902173995972
2024-02-14 10:41:34 | TRACE   | query_time, 0.0001302771270275116
2024-02-14 10:41:34 | TRACE   | query_time, 0.00012899376451969147
2024-02-14 10:41:34 | TRACE   | query_time, 0.00012055225670337677
2024-02-14 10:41:34 | TRACE   | query_time, 0.0001386776566505432
2024-02-14 10:41:34 | TRACE   | query_time, 0.00014916248619556427
2024-02-14 10:41:34 | TRACE   | query_time, 0.00013085268437862396
2024-02-14 10:41:34 | TRACE   | query_time, 0.00013163499534130096
2024-02-14 10:41:34 | TRACE   | query_time, 0.00012987665832042694
2024-02-14 10:41:34 | TRACE   | query_time, 0.00013059750199317932
2024-02-14 10:41:34 | TRACE   | query_time, 0.00013052672147750854
2024-02-14 10:41:34 | TRACE   | query_time, 0.0001405477523803711
2024-02-14 10:41:34 | TRACE   | query_time, 0.00013010762631893158
2024-02-14 10:41:34 | TRACE   | query_time, 0.00013045594096183777
2024-02-14 10:41:34 | TRACE   | query_time, 0.00011989660561084747
2024-02-14 10:41:34 | TRACE   | query_time, 0.00014883838593959808
2024-02-14 10:41:34 | TRACE   | query_time, 0.0001303199678659439
2024-02-14 10:41:34 | TRACE   | query_time, 0.0001497901976108551
2024-02-14 10:41:34 | TRACE   | query_time, 0.00013049691915512085
2024-02-14 10:41:34 | TRACE   | query_time, 0.00013872236013412476
2024-02-14 10:41:34 | TRACE   | query_time, 0.00012947246432304382
2024-02-14 10:41:34 | TRACE   | query_time, 0.00013118423521518707
2024-02-14 10:41:34 | TRACE   | query_time, 0.00012947805225849152
2024-02-14 10:41:34 | TRACE   | query_time, 0.0001397170126438141
2024-02-14 10:41:34 | TRACE   | query_time, 0.0001301635056734085
2024-02-14 10:41:34 | TRACE   | query_time, 0.00013027526438236237
2024-02-14 10:41:34 | TRACE   | query_time, 0.00012068822979927063
2024-02-14 10:41:34 | TRACE   | query_time, 0.00014042668044567108
2024-02-14 10:41:34 | TRACE   | query_time, 0.0001295004040002823
2024-02-14 10:41:34 | TRACE   | query_time, 0.00012122467160224915
2024-02-14 10:41:34 | TRACE   | query_time, 0.00012961775064468384
2024-02-14 10:41:34 | TRACE   | query_time, 0.0001305658370256424
2024-02-14 10:41:34 | TRACE   | query_time, 0.00013017281889915466
2024-02-14 10:41:34 | TRACE   | query_time, 0.00012913160026073456
2024-02-14 10:41:34 | TRACE   | query_time, 0.00013035908341407776
2024-02-14 10:41:34 | TRACE   | query_time, 0.00013118423521518707
2024-02-14 10:41:34 | TRACE   | query_time, 0.00013818778097629547
2024-02-14 10:41:34 | TRACE   | query_time, 0.0001295190304517746
2024-02-14 10:41:34 | TRACE   | query_time, 0.00012005306780338287
2024-02-14 10:41:34 | TRACE   | query_time, 0.00012996047735214233
2024-02-14 10:41:34 | TRACE   | query_time, 0.00014826469123363495
2024-02-14 10:41:34 | TRACE   | query_time, 0.00013013184070587158
2024-02-14 10:41:34 | TRACE   | query_time, 0.00012987852096557617
2024-02-14 10:41:34 | TRACE   | query_time, 0.00012984126806259155
2024-02-14 10:41:34 | TRACE   | query_time, 0.0001485031098127365
2024-02-14 10:41:34 | TRACE   | query_time, 0.00013050809502601624
2024-02-14 10:41:34 | TRACE   | query_time, 0.00012863054871559143
2024-02-14 10:41:34 | TRACE   | query_time, 0.00012085214257240295
2024-02-14 10:41:34 | TRACE   | query_time, 0.0001300908625125885
2024-02-14 10:41:34 | TRACE   | query_time, 0.00014861859381198883
2024-02-14 10:41:34 | TRACE   | query_time, 0.00012108311057090759
2024-02-14 10:41:34 | TRACE   | query_time, 0.0001316554844379425
2024-02-14 10:41:34 | TRACE   | query_time, 0.00012263283133506775
2024-02-14 10:41:34 | TRACE   | query_time, 0.00013043545186519623
2024-02-14 10:41:34 | TRACE   | query_time, 0.00013140402734279633
2024-02-14 10:41:34 | TRACE   | query_time, 0.00013896450400352478
2024-02-14 10:41:34 | TRACE   | query_time, 0.0001292359083890915
2024-02-14 10:41:34 | TRACE   | query_time, 0.0001310296356678009
2024-02-14 10:41:34 | TRACE   | query_time, 0.00012922100722789764
2024-02-14 10:41:34 | TRACE   | query_time, 0.00013978779315948486
2024-02-14 10:41:34 | TRACE   | query_time, 0.00012982450425624847
2024-02-14 10:41:34 | TRACE   | query_time, 0.00013985857367515564
2024-02-14 10:41:34 | TRACE   | query_time, 0.00011909566819667816
2024-02-14 10:41:34 | TRACE   | query_time, 0.00012854859232902527
2024-02-14 10:41:34 | TRACE   | query_time, 0.00014783814549446106
2024-02-14 10:41:34 | TRACE   | query_time, 0.00014005973935127258
2024-02-14 10:41:34 | TRACE   | query_time, 0.00012937188148498535
2024-02-14 10:41:34 | TRACE   | query_time, 0.0001300182193517685
2024-02-14 10:41:34 | TRACE   | query_time, 0.00011871010065078735
2024-02-14 10:41:34 | TRACE   | query_time, 0.0001299697905778885
2024-02-14 10:41:34 | TRACE   | query_time, 0.00014796480536460876
2024-02-14 10:41:34 | TRACE   | query_time, 0.00013108178973197937
2024-02-14 10:41:34 | TRACE   | query_time, 0.00013858452439308167
2024-02-14 10:41:34 | TRACE   | query_time, 0.00012931600213050842
2024-02-14 10:41:34 | TRACE   | query_time, 0.00012041255831718445
2024-02-14 10:41:34 | TRACE   | query_time, 0.00012948736548423767
2024-02-14 10:41:34 | TRACE   | query_time, 0.0001297295093536377
2024-02-14 10:41:34 | TRACE   | query_time, 0.00012114644050598145
2024-02-14 10:41:34 | TRACE   | query_time, 0.00013986043632030487
2024-02-14 10:41:34 | TRACE   | query_time, 0.00013157911598682404
2024-02-14 10:41:34 | TRACE   | query_time, 0.00012969970703125
2024-02-14 10:41:34 | TRACE   | query_time, 0.00013105571269989014
2024-02-14 10:41:34 | TRACE   | query_time, 0.00012822076678276062
2024-02-14 10:41:34 | TRACE   | query_time, 0.00013060681521892548
2024-02-14 10:41:34 | TRACE   | query_time, 0.00014047697186470032
2024-02-14 10:41:34 | TRACE   | query_time, 0.00013046711683273315
2024-02-14 10:41:34 | TRACE   | query_time, 0.00014004111289978027
2024-02-14 10:41:34 | TRACE   | query_time, 0.0001324731856584549
2024-02-14 10:41:34 | TRACE   | query_time, 0.00014899671077728271
2024-02-14 10:41:34 | TRACE   | query_time, 0.0001310352236032486
2024-02-14 10:41:34 | TRACE   | query_time, 0.0001225825399160385
2024-02-14 10:41:34 | TRACE   | query_time, 0.000133635476231575
2024-02-14 10:41:34 | TRACE   | query_time, 0.00013318099081516266
2024-02-14 10:41:34 | TRACE   | query_time, 0.00013301707804203033
2024-02-14 10:41:34 | TRACE   | query_time, 0.00013256631791591644
2024-02-14 10:41:34 | TRACE   | query_time, 0.0001321546733379364
2024-02-14 10:41:34 | TRACE   | query_time, 0.0001309514045715332
2024-02-14 10:41:34 | TRACE   | query_time, 0.00013027340173721313
2024-02-14 10:41:34 | TRACE   | query_time, 0.0001403558999300003
2024-02-14 10:41:34 | TRACE   | query_time, 0.00013108737766742706
2024-02-14 10:41:34 | TRACE   | query_time, 0.00012945570051670074
2024-02-14 10:41:34 | TRACE   | query_time, 0.00013089925050735474
2024-02-14 10:41:34 | TRACE   | query_time, 0.00013050809502601624
2024-02-14 10:41:34 | TRACE   | query_time, 0.0001319386065006256
2024-02-14 10:41:34 | TRACE   | query_time, 0.00011874735355377197
2024-02-14 10:41:34 | TRACE   | query_time, 0.0001300238072872162
2024-02-14 10:41:34 | TRACE   | query_time, 0.00012139976024627686
2024-02-14 10:41:34 | TRACE   | query_time, 0.00013072974979877472
2024-02-14 10:41:34 | TRACE   | query_time, 0.00013026967644691467
2024-02-14 10:41:34 | TRACE   | query_time, 0.00014997273683547974
2024-02-14 10:41:34 | TRACE   | query_time, 0.00012965872883796692
2024-02-14 10:41:34 | TRACE   | query_time, 0.00013064220547676086
2024-02-14 10:41:34 | TRACE   | query_time, 0.00013190321624279022
2024-02-14 10:41:34 | TRACE   | query_time, 0.0001313667744398117
2024-02-14 10:41:34 | TRACE   | query_time, 0.0001397170126438141
2024-02-14 10:41:34 | TRACE   | query_time, 0.00013405270874500275
2024-02-14 10:41:34 | TRACE   | query_time, 0.000140434131026268
2024-02-14 10:41:34 | TRACE   | query_time, 0.00013047270476818085
2024-02-14 10:41:34 | TRACE   | query_time, 0.0001298133283853531
2024-02-14 10:41:34 | TRACE   | query_time, 0.0001309327781200409
2024-02-14 10:41:34 | TRACE   | query_time, 0.00013903342187404633
2024-02-14 10:41:34 | TRACE   | query_time, 0.00014002062380313873
2024-02-14 10:41:34 | TRACE   | query_time, 0.0001297350972890854
2024-02-14 10:41:34 | TRACE   | query_time, 0.00013137981295585632
2024-02-14 10:41:34 | TRACE   | query_time, 0.00012915953993797302
2024-02-14 10:41:34 | TRACE   | query_time, 0.00014036893844604492
2024-02-14 10:41:34 | TRACE   | query_time, 0.00013087131083011627
2024-02-14 10:41:34 | TRACE   | query_time, 0.00014035962522029877
2024-02-14 10:41:34 | TRACE   | query_time, 0.00013072416186332703
2024-02-14 10:41:34 | TRACE   | query_time, 0.00014984793961048126
2024-02-14 10:41:34 | TRACE   | query_time, 0.00013028085231781006
2024-02-14 10:41:34 | TRACE   | query_time, 0.00014979951083660126
2024-02-14 10:41:34 | TRACE   | query_time, 0.00013062357902526855
2024-02-14 10:41:34 | TRACE   | query_time, 0.00013880059123039246
2024-02-14 10:41:34 | TRACE   | query_time, 0.0001302957534790039
2024-02-14 10:41:34 | TRACE   | query_time, 0.0001305416226387024
2024-02-14 10:41:34 | TRACE   | query_time, 0.00013171695172786713
2024-02-14 10:41:34 | TRACE   | query_time, 0.0001310836523771286
2024-02-14 10:41:34 | TRACE   | query_time, 0.00013887882232666016
2024-02-14 10:41:34 | TRACE   | query_time, 0.00013086013495922089
2024-02-14 10:41:34 | TRACE   | query_time, 0.0001307353377342224
2024-02-14 10:41:34 | TRACE   | query_time, 0.00012876279652118683
2024-02-14 10:41:34 | TRACE   | query_time, 0.00012153573334217072
2024-02-14 10:41:34 | TRACE   | query_time, 0.00012985989451408386
2024-02-14 10:41:34 | TRACE   | query_time, 0.00013121962547302246
2024-02-14 10:41:34 | TRACE   | query_time, 0.00013015605509281158
2024-02-14 10:41:34 | TRACE   | query_time, 0.00013027898967266083
2024-02-14 10:41:34 | TRACE   | query_time, 0.00013007782399654388
2024-02-14 10:41:34 | TRACE   | query_time, 0.00012901611626148224
2024-02-14 10:41:34 | TRACE   | query_time, 0.00014067068696022034
2024-02-14 10:41:34 | TRACE   | query_time, 0.00013834796845912933
2024-02-14 10:41:34 | TRACE   | query_time, 0.00012018531560897827
2024-02-14 10:41:34 | TRACE   | query_time, 0.0001302044838666916
2024-02-14 10:41:34 | TRACE   | query_time, 0.0001300480216741562
2024-02-14 10:41:34 | TRACE   | query_time, 0.00012965127825737
2024-02-14 10:41:34 | TRACE   | query_time, 0.00013059191405773163
2024-02-14 10:41:34 | TRACE   | query_time, 0.00013000331819057465
2024-02-14 10:41:34 | TRACE   | query_time, 0.00014454685151576996
2024-02-14 10:41:34 | TRACE   | query_time, 0.0001307707279920578
2024-02-14 10:41:34 | TRACE   | query_time, 0.00013080425560474396
2024-02-14 10:41:34 | TRACE   | query_time, 0.00012036971747875214
2024-02-14 10:41:34 | TRACE   | query_time, 0.00013910047709941864
2024-02-14 10:41:34 | TRACE   | query_time, 0.00013029947876930237
2024-02-14 10:41:34 | TRACE   | query_time, 0.00013886764645576477
2024-02-14 10:41:34 | TRACE   | query_time, 0.00012904591858386993
2024-02-14 10:41:34 | TRACE   | query_time, 0.00013071484863758087
2024-02-14 10:41:34 | TRACE   | query_time, 0.00013019703328609467
2024-02-14 10:41:34 | TRACE   | query_time, 0.00015007518231868744
2024-02-14 10:41:34 | TRACE   | query_time, 0.0001212041825056076
2024-02-14 10:41:34 | TRACE   | query_time, 0.00013030879199504852
2024-02-14 10:41:34 | TRACE   | query_time, 0.00014917738735675812
2024-02-14 10:41:34 | TRACE   | query_time, 0.0001304391771554947
2024-02-14 10:41:34 | TRACE   | query_time, 0.00014904513955116272
2024-02-14 10:41:34 | TRACE   | query_time, 0.00013035908341407776
2024-02-14 10:41:34 | TRACE   | query_time, 0.00012939423322677612
2024-02-14 10:41:34 | TRACE   | query_time, 0.00013126619160175323
2024-02-14 10:41:34 | TRACE   | query_time, 0.0001302286982536316
2024-02-14 10:41:34 | TRACE   | query_time, 0.00013986416161060333
2024-02-14 10:41:34 | TRACE   | query_time, 0.00013001076877117157
2024-02-14 10:41:34 | TRACE   | query_time, 0.00011970102787017822
2024-02-14 10:41:34 | TRACE   | query_time, 0.00013935565948486328
2024-02-14 10:41:34 | TRACE   | query_time, 0.0001300070434808731
2024-02-14 10:41:34 | TRACE   | query_time, 0.00013035722076892853
2024-02-14 10:41:34 | TRACE   | query_time, 0.00013108178973197937
2024-02-14 10:41:34 | TRACE   | query_time, 0.0001388154923915863
2024-02-14 10:41:34 | TRACE   | query_time, 0.00013058073818683624
2024-02-14 10:41:34 | TRACE   | query_time, 0.0001285690814256668
2024-02-14 10:41:34 | TRACE   | query_time, 0.000507894903421402
2024-02-14 10:41:34 | TRACE   | query_time, 0.0005152560770511627
2024-02-14 10:41:34 | TRACE   | query_time, 0.0004554241895675659
2024-02-14 10:41:34 | TRACE   | query_time, 0.00045987777411937714
2024-02-14 10:41:34 | TRACE   | query_time, 0.00048436783254146576
2024-02-14 10:41:34 | TRACE   | query_time, 0.0004577469080686569
2024-02-14 10:41:34 | TRACE   | query_time, 0.00046008825302124023
2024-02-14 10:41:34 | TRACE   | query_time, 0.0004711337387561798
2024-02-14 10:41:34 | TRACE   | query_time, 0.0004720650613307953
2024-02-14 10:41:34 | TRACE   | query_time, 0.000454166904091835
2024-02-14 10:41:34 | TRACE   | query_time, 0.0004661157727241516
2024-02-14 10:41:34 | TRACE   | query_time, 0.0004641041159629822
2024-02-14 10:41:34 | TRACE   | query_time, 0.0004895180463790894
2024-02-14 10:41:34 | TRACE   | query_time, 0.00046038441359996796
2024-02-14 10:41:34 | TRACE   | query_time, 0.0004677455872297287
2024-02-14 10:41:34 | TRACE   | query_time, 0.0004518534988164902
2024-02-14 10:41:34 | TRACE   | query_time, 0.000473635271191597
2024-02-14 10:41:34 | TRACE   | query_time, 0.00045835599303245544
2024-02-14 10:41:34 | TRACE   | query_time, 0.00046800263226032257
2024-02-14 10:41:34 | TRACE   | query_time, 0.00047322362661361694
2024-02-14 10:41:34 | TRACE   | query_time, 0.00045382045209407806
2024-02-14 10:41:34 | TRACE   | query_time, 0.0004616454243659973
2024-02-14 10:41:34 | TRACE   | query_time, 0.0004339739680290222
2024-02-14 10:41:34 | TRACE   | query_time, 0.00046871788799762726
2024-02-14 10:41:34 | TRACE   | query_time, 0.00046212412416934967
2024-02-14 10:41:34 | TRACE   | query_time, 0.00045107677578926086
2024-02-14 10:41:34 | TRACE   | query_time, 0.0004691779613494873
2024-02-14 10:41:34 | TRACE   | query_time, 0.0004722997546195984
2024-02-14 10:41:34 | TRACE   | query_time, 0.000448739156126976
2024-02-14 10:41:34 | TRACE   | query_time, 0.0004279874265193939
2024-02-14 10:41:34 | TRACE   | query_time, 0.00043197721242904663
2024-02-14 10:41:34 | TRACE   | query_time, 0.00045513734221458435
2024-02-14 10:41:34 | TRACE   | query_time, 0.0004404410719871521
2024-02-14 10:41:34 | TRACE   | query_time, 0.0004797074943780899
2024-02-14 10:41:34 | TRACE   | query_time, 0.0004683304578065872
2024-02-14 10:41:34 | TRACE   | query_time, 0.0004295576363801956
2024-02-14 10:41:34 | TRACE   | query_time, 0.00046545080840587616
2024-02-14 10:41:34 | TRACE   | query_time, 0.0004596896469593048
2024-02-14 10:41:34 | TRACE   | query_time, 0.0004455745220184326
2024-02-14 10:41:34 | TRACE   | query_time, 0.0004677213728427887
2024-02-14 10:41:34 | TRACE   | query_time, 0.0004653222858905792
2024-02-14 10:41:34 | TRACE   | query_time, 0.0004359167069196701
2024-02-14 10:41:34 | TRACE   | query_time, 0.00046597234904766083
2024-02-14 10:41:34 | TRACE   | query_time, 0.0004576537758111954
2024-02-14 10:41:34 | TRACE   | query_time, 0.0004524495452642441
2024-02-14 10:41:34 | TRACE   | query_time, 0.0004689674824476242
2024-02-14 10:41:34 | TRACE   | query_time, 0.0004672352224588394
2024-02-14 10:41:34 | TRACE   | query_time, 0.00044830143451690674
2024-02-14 10:41:34 | TRACE   | query_time, 0.00045937299728393555
2024-02-14 10:41:34 | TRACE   | query_time, 0.00045712292194366455
2024-02-14 10:41:34 | TRACE   | query_time, 0.00046346522867679596
2024-02-14 10:41:34 | TRACE   | query_time, 0.0004494655877351761
2024-02-14 10:41:34 | TRACE   | query_time, 0.0004519335925579071
2024-02-14 10:41:34 | TRACE   | query_time, 0.0004719197750091553
2024-02-14 10:41:34 | TRACE   | query_time, 0.0004556160420179367
2024-02-14 10:41:34 | TRACE   | query_time, 0.0004315469413995743
2024-02-14 10:41:34 | TRACE   | query_time, 0.0004561692476272583
2024-02-14 10:41:34 | TRACE   | query_time, 0.0004733968526124954
2024-02-14 10:41:34 | TRACE   | query_time, 0.0004749167710542679
2024-02-14 10:41:34 | TRACE   | query_time, 0.00044475309550762177
2024-02-14 10:41:34 | TRACE   | query_time, 0.0004665534943342209
2024-02-14 10:41:34 | TRACE   | query_time, 0.0004669558256864548
2024-02-14 10:41:34 | TRACE   | query_time, 0.000515492632985115
2024-02-14 10:41:34 | TRACE   | query_time, 0.00046262331306934357
2024-02-14 10:41:34 | TRACE   | query_time, 0.0005125701427459717
2024-02-14 10:41:34 | TRACE   | query_time, 0.00052623450756073
2024-02-14 10:41:34 | TRACE   | query_time, 0.00047279708087444305
2024-02-14 10:41:34 | TRACE   | query_time, 0.0004291292279958725
2024-02-14 10:41:34 | TRACE   | query_time, 0.00045575201511383057
2024-02-14 10:41:34 | TRACE   | query_time, 0.0004524737596511841
2024-02-14 10:41:34 | TRACE   | query_time, 0.0004559233784675598
2024-02-14 10:41:34 | TRACE   | query_time, 0.0004604235291481018
2024-02-14 10:41:34 | TRACE   | query_time, 0.0004521310329437256
2024-02-14 10:41:34 | TRACE   | query_time, 0.0004678890109062195
2024-02-14 10:41:34 | TRACE   | query_time, 0.0004456695169210434
2024-02-14 10:41:34 | TRACE   | query_time, 0.00045392289757728577
2024-02-14 10:41:34 | TRACE   | query_time, 0.00046199001371860504
2024-02-14 10:41:34 | TRACE   | query_time, 0.00045687146484851837
2024-02-14 10:41:34 | TRACE   | query_time, 0.0004588961601257324
2024-02-14 10:41:34 | TRACE   | query_time, 0.00044822320342063904
2024-02-14 10:41:34 | TRACE   | query_time, 0.0004531238228082657
2024-02-14 10:41:34 | TRACE   | query_time, 0.00047718361020088196
2024-02-14 10:41:34 | TRACE   | query_time, 0.0005153100937604904
2024-02-14 10:41:34 | TRACE   | query_time, 0.0004868078976869583
2024-02-14 10:41:34 | TRACE   | query_time, 0.0004698950797319412
2024-02-14 10:41:34 | TRACE   | query_time, 0.0004247073084115982
2024-02-14 10:41:34 | TRACE   | query_time, 0.00045963190495967865
2024-02-14 10:41:34 | TRACE   | query_time, 0.0004626251757144928
2024-02-14 10:41:34 | TRACE   | query_time, 0.00045040249824523926
2024-02-14 10:41:34 | TRACE   | query_time, 0.00042581185698509216
2024-02-14 10:41:34 | TRACE   | query_time, 0.0004634242504835129
2024-02-14 10:41:34 | TRACE   | query_time, 0.00046406500041484833
2024-02-14 10:41:34 | TRACE   | query_time, 0.00046771951019763947
2024-02-14 10:41:34 | TRACE   | query_time, 0.00046649202704429626
2024-02-14 10:41:34 | TRACE   | query_time, 0.0005216524004936218
2024-02-14 10:41:34 | TRACE   | query_time, 0.00046564266085624695
2024-02-14 10:41:34 | TRACE   | query_time, 0.0005136076360940933
2024-02-14 10:41:34 | TRACE   | query_time, 0.0004646405577659607
2024-02-14 10:41:34 | TRACE   | query_time, 0.0004266798496246338
2024-02-14 10:41:34 | TRACE   | query_time, 0.0004238691180944443
2024-02-14 10:41:34 | TRACE   | query_time, 0.00045567192137241364
2024-02-14 10:41:34 | TRACE   | query_time, 0.00043675675988197327
2024-02-14 10:41:34 | TRACE   | query_time, 0.0004262179136276245
2024-02-14 10:41:34 | TRACE   | query_time, 0.0004544556140899658
2024-02-14 10:41:34 | TRACE   | query_time, 0.0004620719701051712
2024-02-14 10:41:34 | TRACE   | query_time, 0.0004252307116985321
2024-02-14 10:41:34 | TRACE   | query_time, 0.0004616249352693558
2024-02-14 10:41:34 | TRACE   | query_time, 0.00046045705676078796
2024-02-14 10:41:34 | TRACE   | query_time, 0.00045458413660526276
2024-02-14 10:41:34 | TRACE   | query_time, 0.0004614461213350296
2024-02-14 10:41:34 | TRACE   | query_time, 0.0004559718072414398
2024-02-14 10:41:34 | TRACE   | query_time, 0.0005036070942878723
2024-02-14 10:41:34 | TRACE   | query_time, 0.000511612743139267
2024-02-14 10:41:34 | TRACE   | query_time, 0.00044673867523670197
2024-02-14 10:41:34 | TRACE   | query_time, 0.00045744888484477997
2024-02-14 10:41:34 | TRACE   | query_time, 0.00046768784523010254
2024-02-14 10:41:34 | TRACE   | query_time, 0.0004658326506614685
2024-02-14 10:41:34 | TRACE   | query_time, 0.000453069806098938
2024-02-14 10:41:34 | TRACE   | query_time, 0.00042659230530261993
2024-02-14 10:41:34 | TRACE   | query_time, 0.0004507172852754593
2024-02-14 10:41:34 | TRACE   | query_time, 0.0004488825798034668
2024-02-14 10:41:34 | TRACE   | query_time, 0.0005071926862001419
2024-02-14 10:41:34 | TRACE   | query_time, 0.00045619532465934753
2024-02-14 10:41:34 | TRACE   | query_time, 0.0004655960947275162
2024-02-14 10:41:34 | TRACE   | query_time, 0.00044815056025981903
2024-02-14 10:41:34 | TRACE   | query_time, 0.00047612935304641724
2024-02-14 10:41:34 | TRACE   | query_time, 0.0004852544516324997
2024-02-14 10:41:34 | TRACE   | query_time, 0.0005006399005651474
2024-02-14 10:41:34 | TRACE   | query_time, 0.00047304295003414154
2024-02-14 10:41:34 | TRACE   | query_time, 0.0004936512559652328
2024-02-14 10:41:34 | TRACE   | query_time, 0.0004718806594610214
2024-02-14 10:41:34 | TRACE   | query_time, 0.0004894733428955078
2024-02-14 10:41:34 | TRACE   | query_time, 0.0005040261894464493
2024-02-14 10:41:34 | TRACE   | query_time, 0.0005013160407543182
2024-02-14 10:41:34 | TRACE   | query_time, 0.0005529876798391342
2024-02-14 10:41:34 | TRACE   | query_time, 0.0005184374749660492
2024-02-14 10:41:34 | TRACE   | query_time, 0.00048214569687843323
2024-02-14 10:41:34 | TRACE   | query_time, 0.0005051195621490479
2024-02-14 10:41:34 | TRACE   | query_time, 0.0004707854241132736
2024-02-14 10:41:34 | TRACE   | query_time, 0.0004897210747003555
2024-02-14 10:41:34 | TRACE   | query_time, 0.0005055945366621017
2024-02-14 10:41:34 | TRACE   | query_time, 0.0005029402673244476
2024-02-14 10:41:34 | TRACE   | query_time, 0.0004901625216007233
2024-02-14 10:41:34 | TRACE   | query_time, 0.0005049202591180801
2024-02-14 10:41:34 | TRACE   | query_time, 0.0005088932812213898
2024-02-14 10:41:34 | TRACE   | query_time, 0.0004681721329689026
2024-02-14 10:41:34 | TRACE   | query_time, 0.00048623979091644287
2024-02-14 10:41:34 | TRACE   | query_time, 0.0005035661160945892
2024-02-14 10:41:34 | TRACE   | query_time, 0.0004956815391778946
2024-02-14 10:41:34 | TRACE   | query_time, 0.000538799911737442
2024-02-14 10:41:34 | TRACE   | query_time, 0.0005462169647216797
2024-02-14 10:41:34 | TRACE   | query_time, 0.0005125682801008224
2024-02-14 10:41:34 | TRACE   | query_time, 0.0004742145538330078
2024-02-14 10:41:34 | TRACE   | query_time, 0.0004705488681793213
2024-02-14 10:41:34 | TRACE   | query_time, 0.0005070287734270096
2024-02-14 10:41:34 | TRACE   | query_time, 0.0004958324134349823
2024-02-14 10:41:34 | TRACE   | query_time, 0.000507798045873642
2024-02-14 10:41:34 | TRACE   | query_time, 0.0005329940468072891
2024-02-14 10:41:34 | TRACE   | query_time, 0.0005261842161417007
2024-02-14 10:41:34 | TRACE   | query_time, 0.0005334746092557907
2024-02-14 10:41:34 | TRACE   | query_time, 0.0004934594035148621
2024-02-14 10:41:34 | TRACE   | query_time, 0.00048539601266384125
2024-02-14 10:41:34 | TRACE   | query_time, 0.000499870628118515
2024-02-14 10:41:34 | TRACE   | query_time, 0.0005074869841337204
2024-02-14 10:41:34 | TRACE   | query_time, 0.0004896465688943863
2024-02-14 10:41:34 | TRACE   | query_time, 0.0005007348954677582
2024-02-14 10:41:34 | TRACE   | query_time, 0.0005051605403423309
2024-02-14 10:41:34 | TRACE   | query_time, 0.0004889722913503647
2024-02-14 10:41:34 | TRACE   | query_time, 0.0004996247589588165
2024-02-14 10:41:34 | TRACE   | query_time, 0.0005376338958740234
2024-02-14 10:41:34 | TRACE   | query_time, 0.000502975657582283
2024-02-14 10:41:34 | TRACE   | query_time, 0.0005050748586654663
2024-02-14 10:41:34 | TRACE   | query_time, 0.0004840325564146042
2024-02-14 10:41:34 | TRACE   | query_time, 0.0005059204995632172
2024-02-14 10:41:34 | TRACE   | query_time, 0.00047615915536880493
2024-02-14 10:41:34 | TRACE   | query_time, 0.0004958305507898331
2024-02-14 10:41:34 | TRACE   | query_time, 0.00047788210213184357
2024-02-14 10:41:34 | TRACE   | query_time, 0.0005091018974781036
2024-02-14 10:41:34 | TRACE   | query_time, 0.0005373042076826096
2024-02-14 10:41:34 | TRACE   | query_time, 0.0005062147974967957
2024-02-14 10:41:34 | TRACE   | query_time, 0.0005001947283744812
2024-02-14 10:41:34 | TRACE   | query_time, 0.0004906933754682541
2024-02-14 10:41:34 | TRACE   | query_time, 0.0005001425743103027
2024-02-14 10:41:34 | TRACE   | query_time, 0.0005015023052692413
2024-02-14 10:41:34 | TRACE   | query_time, 0.0005063451826572418
2024-02-14 10:41:34 | TRACE   | query_time, 0.0004854835569858551
2024-02-14 10:41:34 | TRACE   | query_time, 0.0004990417510271072
2024-02-14 10:41:34 | TRACE   | query_time, 0.000499797984957695
2024-02-14 10:41:34 | TRACE   | query_time, 0.000498725101351738
2024-02-14 10:41:34 | TRACE   | query_time, 0.0004934873431921005
2024-02-14 10:41:34 | TRACE   | query_time, 0.0004885755479335785
2024-02-14 10:41:34 | TRACE   | query_time, 0.00047733262181282043
2024-02-14 10:41:34 | TRACE   | query_time, 0.000496862456202507
2024-02-14 10:41:34 | TRACE   | query_time, 0.00048086047172546387
2024-02-14 10:41:34 | TRACE   | query_time, 0.0005015246570110321
2024-02-14 10:41:34 | TRACE   | query_time, 0.0004916470497846603
2024-02-14 10:41:34 | TRACE   | query_time, 0.0004918090999126434
2024-02-14 10:41:34 | TRACE   | query_time, 0.00048413127660751343
2024-02-14 10:41:34 | TRACE   | query_time, 0.0004931576550006866
2024-02-14 10:41:34 | TRACE   | query_time, 0.0005029421299695969
2024-02-14 10:41:34 | TRACE   | query_time, 0.000531807541847229
2024-02-14 10:41:34 | TRACE   | query_time, 0.0005063209682703018
2024-02-14 10:41:34 | TRACE   | query_time, 0.0005168057978153229
2024-02-14 10:41:34 | TRACE   | query_time, 0.0004962664097547531
2024-02-14 10:41:34 | TRACE   | query_time, 0.0005048476159572601
2024-02-14 10:41:34 | TRACE   | query_time, 0.0004904065281152725
2024-02-14 10:41:34 | TRACE   | query_time, 0.0004979055374860764
2024-02-14 10:41:34 | TRACE   | query_time, 0.0005006212741136551
2024-02-14 10:41:34 | TRACE   | query_time, 0.000492459163069725
2024-02-14 10:41:34 | TRACE   | query_time, 0.0005399677902460098
2024-02-14 10:41:34 | TRACE   | query_time, 0.0005018413066864014
2024-02-14 10:41:34 | TRACE   | query_time, 0.00048378296196460724
2024-02-14 10:41:34 | TRACE   | query_time, 0.0006728898733854294
2024-02-14 10:41:34 | TRACE   | query_time, 0.0004859771579504013
2024-02-14 10:41:34 | TRACE   | query_time, 0.0004967004060745239
2024-02-14 10:41:34 | TRACE   | query_time, 0.00047349557280540466
2024-02-14 10:41:34 | TRACE   | query_time, 0.00047095678746700287
2024-02-14 10:41:34 | TRACE   | query_time, 0.0005025621503591537
2024-02-14 10:41:34 | TRACE   | query_time, 0.0005079340189695358
2024-02-14 10:41:34 | TRACE   | query_time, 0.0005480162799358368
2024-02-14 10:41:34 | TRACE   | query_time, 0.0005002599209547043
2024-02-14 10:41:34 | TRACE   | query_time, 0.0004924293607473373
2024-02-14 10:41:34 | TRACE   | query_time, 0.00048493407666683197
2024-02-14 10:41:34 | TRACE   | query_time, 0.0005065575242042542
2024-02-14 10:41:34 | TRACE   | query_time, 0.0004932396113872528
2024-02-14 10:41:34 | TRACE   | query_time, 0.0005367659032344818
2024-02-14 10:41:34 | TRACE   | query_time, 0.0005356054753065109
2024-02-14 10:41:34 | TRACE   | query_time, 0.0004873722791671753
2024-02-14 10:41:34 | TRACE   | query_time, 0.0005012843757867813
2024-02-14 10:41:34 | TRACE   | query_time, 0.00047352537512779236
2024-02-14 10:41:34 | TRACE   | query_time, 0.0005033612251281738
2024-02-14 10:41:34 | TRACE   | query_time, 0.00047850795090198517
2024-02-14 10:41:34 | TRACE   | query_time, 0.0004948023706674576
2024-02-14 10:41:34 | TRACE   | query_time, 0.0004910193383693695
2024-02-14 10:41:34 | TRACE   | query_time, 0.0004991535097360611
2024-02-14 10:41:34 | TRACE   | query_time, 0.0004922989755868912
2024-02-14 10:41:34 | TRACE   | query_time, 0.0004695672541856766
2024-02-14 10:41:34 | TRACE   | query_time, 0.0005039628595113754
2024-02-14 10:41:34 | TRACE   | query_time, 0.0004848260432481766
2024-02-14 10:41:34 | TRACE   | query_time, 0.0005022957921028137
2024-02-14 10:41:34 | TRACE   | query_time, 0.0005146116018295288
2024-02-14 10:41:34 | TRACE   | query_time, 0.0004886742681264877
2024-02-14 10:41:34 | TRACE   | query_time, 0.0005043931305408478
2024-02-14 10:41:34 | TRACE   | query_time, 0.00047067180275917053
2024-02-14 10:41:34 | TRACE   | query_time, 0.0004939362406730652
2024-02-14 10:41:34 | TRACE   | query_time, 0.0004934892058372498
2024-02-14 10:41:34 | TRACE   | query_time, 0.0004952326416969299
2024-02-14 10:41:34 | TRACE   | query_time, 0.0004688482731580734
2024-02-14 10:41:34 | TRACE   | query_time, 0.00048256106674671173
2024-02-14 10:41:34 | TRACE   | query_time, 0.0005057398229837418
2024-02-14 10:41:34 | TRACE   | query_time, 0.000494120642542839
2024-02-14 10:41:34 | TRACE   | query_time, 0.0005041453987360001
2024-02-14 10:41:34 | TRACE   | query_time, 0.0004855431616306305
2024-02-14 10:41:34 | TRACE   | query_time, 0.0004920363426208496
2024-02-14 10:41:34 | TRACE   | query_time, 0.0005054082721471786
2024-02-14 10:41:34 | TRACE   | query_time, 0.00048287585377693176
