2024-01-29 11:07:47 | DEBUG   | Loading index from data/open_data_usa/indices/accuracy_benchmark/k_cluster/rebinning-kmeans-k250-n50000-quantile-a1.zst
2024-01-29 11:07:47 | DEBUG   | Loading queries from data/open_data_usa/queries/accuracy_benchmark/test-high_selectivity.zst
2024-01-29 11:07:47 | DEBUG   | Loading ground truth from data/open_data_usa/results/accuracy_benchmark/ground_truth-test-high_selectivity.zst
2024-01-29 11:07:48 | DEBUG   | Ignoring --estimation-mode as it is not relevant for the index.
2024-01-29 11:07:48 | DEBUG   | Starting execution
2024-01-29 11:07:48 | TRACE   | query_time, 0.005760526284575462
2024-01-29 11:07:48 | TRACE   | query_time, 0.005178948864340782
2024-01-29 11:07:48 | TRACE   | query_time, 0.00669831782579422
2024-01-29 11:07:48 | TRACE   | query_time, 0.007666816934943199
2024-01-29 11:07:48 | TRACE   | query_time, 0.008554879575967789
2024-01-29 11:07:48 | TRACE   | query_time, 0.00894264504313469
2024-01-29 11:07:48 | TRACE   | query_time, 0.008713725954294205
2024-01-29 11:07:48 | TRACE   | query_time, 0.00862262025475502
2024-01-29 11:07:48 | TRACE   | query_time, 0.008728714659810066
2024-01-29 11:07:48 | TRACE   | query_time, 0.008795155212283134
2024-01-29 11:07:48 | TRACE   | query_time, 0.008959230035543442
2024-01-29 11:07:48 | TRACE   | query_time, 0.008616460487246513
2024-01-29 11:07:48 | TRACE   | query_time, 0.00861499272286892
2024-01-29 11:07:48 | TRACE   | query_time, 0.00847991369664669
2024-01-29 11:07:48 | TRACE   | query_time, 0.008714815601706505
2024-01-29 11:07:48 | TRACE   | query_time, 0.008333755657076836
2024-01-29 11:07:48 | TRACE   | query_time, 0.008665071800351143
2024-01-29 11:07:48 | TRACE   | query_time, 0.008639158681035042
2024-01-29 11:07:48 | TRACE   | query_time, 0.008663669228553772
2024-01-29 11:07:48 | TRACE   | query_time, 0.008461220189929008
2024-01-29 11:07:48 | TRACE   | query_time, 0.008652742952108383
2024-01-29 11:07:48 | TRACE   | query_time, 0.008705690503120422
2024-01-29 11:07:48 | TRACE   | query_time, 0.008429095149040222
2024-01-29 11:07:48 | TRACE   | query_time, 0.008448248729109764
2024-01-29 11:07:48 | TRACE   | query_time, 0.008493036031723022
2024-01-29 11:07:48 | TRACE   | query_time, 0.00897933728992939
2024-01-29 11:07:48 | TRACE   | query_time, 0.008420733734965324
2024-01-29 11:07:48 | TRACE   | query_time, 0.008584557101130486
2024-01-29 11:07:48 | TRACE   | query_time, 0.008600691333413124
2024-01-29 11:07:48 | TRACE   | query_time, 0.008357584476470947
2024-01-29 11:07:48 | TRACE   | query_time, 0.008659115061163902
2024-01-29 11:07:48 | TRACE   | query_time, 0.008322484791278839
2024-01-29 11:07:48 | TRACE   | query_time, 0.008435549214482307
2024-01-29 11:07:48 | TRACE   | query_time, 0.00860191322863102
2024-01-29 11:07:48 | TRACE   | query_time, 0.008704042062163353
2024-01-29 11:07:48 | TRACE   | query_time, 0.008820818737149239
2024-01-29 11:07:48 | TRACE   | query_time, 0.008564265444874763
2024-01-29 11:07:49 | TRACE   | query_time, 0.008708322420716286
2024-01-29 11:07:49 | TRACE   | query_time, 0.008747929707169533
2024-01-29 11:07:49 | TRACE   | query_time, 0.00856509618461132
2024-01-29 11:07:49 | TRACE   | query_time, 0.008546730503439903
2024-01-29 11:07:49 | TRACE   | query_time, 0.008757926523685455
2024-01-29 11:07:49 | TRACE   | query_time, 0.008623408153653145
2024-01-29 11:07:49 | TRACE   | query_time, 0.00879560224711895
2024-01-29 11:07:49 | TRACE   | query_time, 0.009032411500811577
2024-01-29 11:07:49 | TRACE   | query_time, 0.008588463068008423
2024-01-29 11:07:49 | TRACE   | query_time, 0.008775696158409119
2024-01-29 11:07:49 | TRACE   | query_time, 0.008876560255885124
2024-01-29 11:07:49 | TRACE   | query_time, 0.00870409607887268
2024-01-29 11:07:49 | TRACE   | query_time, 0.008552441373467445
2024-01-29 11:07:49 | TRACE   | query_time, 0.008617877960205078
2024-01-29 11:07:49 | TRACE   | query_time, 0.008663594722747803
2024-01-29 11:07:49 | TRACE   | query_time, 0.008641364052891731
2024-01-29 11:07:49 | TRACE   | query_time, 0.008668314665555954
2024-01-29 11:07:49 | TRACE   | query_time, 0.008897345513105392
2024-01-29 11:07:49 | TRACE   | query_time, 0.008739857003092766
2024-01-29 11:07:49 | TRACE   | query_time, 0.008641136810183525
2024-01-29 11:07:49 | TRACE   | query_time, 0.008898219093680382
2024-01-29 11:07:49 | TRACE   | query_time, 0.008698653429746628
2024-01-29 11:07:49 | TRACE   | query_time, 0.00875529833137989
2024-01-29 11:07:49 | TRACE   | query_time, 0.008913660421967506
2024-01-29 11:07:49 | TRACE   | query_time, 0.008357804268598557
2024-01-29 11:07:49 | TRACE   | query_time, 0.0084733497351408
2024-01-29 11:07:49 | TRACE   | query_time, 0.008362861350178719
2024-01-29 11:07:49 | TRACE   | query_time, 0.008445484563708305
2024-01-29 11:07:49 | TRACE   | query_time, 0.008328236639499664
2024-01-29 11:07:49 | TRACE   | query_time, 0.008412370458245277
2024-01-29 11:07:49 | TRACE   | query_time, 0.008260291069746017
2024-01-29 11:07:49 | TRACE   | query_time, 0.008184252306818962
2024-01-29 11:07:49 | TRACE   | query_time, 0.00835183821618557
2024-01-29 11:07:49 | TRACE   | query_time, 0.008404672145843506
2024-01-29 11:07:49 | TRACE   | query_time, 0.008457507938146591
2024-01-29 11:07:49 | TRACE   | query_time, 0.008740002289414406
2024-01-29 11:07:49 | TRACE   | query_time, 0.00859939306974411
2024-01-29 11:07:49 | TRACE   | query_time, 0.008487896993756294
2024-01-29 11:07:49 | TRACE   | query_time, 0.008446313440799713
2024-01-29 11:07:49 | TRACE   | query_time, 0.008483169600367546
2024-01-29 11:07:49 | TRACE   | query_time, 0.008396144956350327
2024-01-29 11:07:49 | TRACE   | query_time, 0.008579537272453308
2024-01-29 11:07:49 | TRACE   | query_time, 0.008482664823532104
2024-01-29 11:07:49 | TRACE   | query_time, 0.008452050387859344
2024-01-29 11:07:49 | TRACE   | query_time, 0.014164252206683159
2024-01-29 11:07:49 | TRACE   | query_time, 0.008800776675343513
2024-01-29 11:07:49 | TRACE   | query_time, 0.00829588808119297
2024-01-29 11:07:49 | TRACE   | query_time, 0.008263792842626572
2024-01-29 11:07:49 | TRACE   | query_time, 0.008385568857192993
2024-01-29 11:07:49 | TRACE   | query_time, 0.0083309356123209
2024-01-29 11:07:49 | TRACE   | query_time, 0.008273307234048843
2024-01-29 11:07:49 | TRACE   | query_time, 0.008137205615639687
2024-01-29 11:07:49 | TRACE   | query_time, 0.008645689114928246
2024-01-29 11:07:49 | TRACE   | query_time, 0.008257592096924782
2024-01-29 11:07:49 | TRACE   | query_time, 0.008264211937785149
2024-01-29 11:07:49 | TRACE   | query_time, 0.008210871368646622
2024-01-29 11:07:49 | TRACE   | query_time, 0.008483298122882843
2024-01-29 11:07:49 | TRACE   | query_time, 0.008650427684187889
2024-01-29 11:07:49 | TRACE   | query_time, 0.008477222174406052
2024-01-29 11:07:49 | TRACE   | query_time, 0.008305836468935013
2024-01-29 11:07:49 | TRACE   | query_time, 0.00824529305100441
2024-01-29 11:07:49 | TRACE   | query_time, 0.008477723225951195
2024-01-29 11:07:49 | TRACE   | query_time, 0.00837000273168087
2024-01-29 11:07:49 | TRACE   | query_time, 0.008493799716234207
2024-01-29 11:07:49 | TRACE   | query_time, 0.00846119225025177
2024-01-29 11:07:49 | TRACE   | query_time, 0.008615566417574883
2024-01-29 11:07:49 | TRACE   | query_time, 0.008504211902618408
2024-01-29 11:07:49 | TRACE   | query_time, 0.008315423503518105
2024-01-29 11:07:49 | TRACE   | query_time, 0.008376261219382286
2024-01-29 11:07:49 | TRACE   | query_time, 0.008555896580219269
2024-01-29 11:07:49 | TRACE   | query_time, 0.008647037670016289
2024-01-29 11:07:49 | TRACE   | query_time, 0.008254604414105415
2024-01-29 11:07:49 | TRACE   | query_time, 0.008390923961997032
2024-01-29 11:07:49 | TRACE   | query_time, 0.00838167779147625
2024-01-29 11:07:49 | TRACE   | query_time, 0.008568568155169487
2024-01-29 11:07:49 | TRACE   | query_time, 0.00854513794183731
2024-01-29 11:07:49 | TRACE   | query_time, 0.008539777249097824
2024-01-29 11:07:49 | TRACE   | query_time, 0.008669110015034676
2024-01-29 11:07:49 | TRACE   | query_time, 0.008553467690944672
2024-01-29 11:07:49 | TRACE   | query_time, 0.008195484057068825
2024-01-29 11:07:49 | TRACE   | query_time, 0.00841418094933033
2024-01-29 11:07:49 | TRACE   | query_time, 0.00867048092186451
2024-01-29 11:07:49 | TRACE   | query_time, 0.008333995938301086
2024-01-29 11:07:49 | TRACE   | query_time, 0.008545182645320892
2024-01-29 11:07:49 | TRACE   | query_time, 0.008480286225676537
2024-01-29 11:07:49 | TRACE   | query_time, 0.008556259796023369
2024-01-29 11:07:49 | TRACE   | query_time, 0.008238144218921661
2024-01-29 11:07:49 | TRACE   | query_time, 0.008348371833562851
2024-01-29 11:07:49 | TRACE   | query_time, 0.008562520146369934
2024-01-29 11:07:49 | TRACE   | query_time, 0.008420277386903763
2024-01-29 11:07:49 | TRACE   | query_time, 0.008530227467417717
2024-01-29 11:07:49 | TRACE   | query_time, 0.008238032460212708
2024-01-29 11:07:49 | TRACE   | query_time, 0.008182268589735031
2024-01-29 11:07:49 | TRACE   | query_time, 0.008602531626820564
2024-01-29 11:07:49 | TRACE   | query_time, 0.008353646844625473
2024-01-29 11:07:49 | TRACE   | query_time, 0.008225930854678154
2024-01-29 11:07:49 | TRACE   | query_time, 0.008572399616241455
2024-01-29 11:07:49 | TRACE   | query_time, 0.008435962721705437
2024-01-29 11:07:49 | TRACE   | query_time, 0.008425280451774597
2024-01-29 11:07:49 | TRACE   | query_time, 0.008341915905475616
2024-01-29 11:07:49 | TRACE   | query_time, 0.008420014753937721
2024-01-29 11:07:49 | TRACE   | query_time, 0.008339930325746536
2024-01-29 11:07:49 | TRACE   | query_time, 0.00841602124273777
2024-01-29 11:07:49 | TRACE   | query_time, 0.008591996505856514
2024-01-29 11:07:49 | TRACE   | query_time, 0.00815935991704464
2024-01-29 11:07:49 | TRACE   | query_time, 0.00850982777774334
2024-01-29 11:07:49 | TRACE   | query_time, 0.0086138267070055
2024-01-29 11:07:49 | TRACE   | query_time, 0.00853455625474453
2024-01-29 11:07:49 | TRACE   | query_time, 0.008412975817918777
2024-01-29 11:07:49 | TRACE   | query_time, 0.008442657068371773
2024-01-29 11:07:49 | TRACE   | query_time, 0.008332634344696999
2024-01-29 11:07:49 | TRACE   | query_time, 0.008442355319857597
2024-01-29 11:07:49 | TRACE   | query_time, 0.008425334468483925
2024-01-29 11:07:49 | TRACE   | query_time, 0.008349018171429634
2024-01-29 11:07:49 | TRACE   | query_time, 0.008262615650892258
2024-01-29 11:07:50 | TRACE   | query_time, 0.008162926882505417
2024-01-29 11:07:50 | TRACE   | query_time, 0.00862804614007473
2024-01-29 11:07:50 | TRACE   | query_time, 0.008208349347114563
2024-01-29 11:07:50 | TRACE   | query_time, 0.008170535787940025
2024-01-29 11:07:50 | TRACE   | query_time, 0.008316265419125557
2024-01-29 11:07:50 | TRACE   | query_time, 0.008425379171967506
2024-01-29 11:07:50 | TRACE   | query_time, 0.008418774232268333
2024-01-29 11:07:50 | TRACE   | query_time, 0.00827261433005333
2024-01-29 11:07:50 | TRACE   | query_time, 0.008447710424661636
2024-01-29 11:07:50 | TRACE   | query_time, 0.008304312825202942
2024-01-29 11:07:50 | TRACE   | query_time, 0.00834769755601883
2024-01-29 11:07:50 | TRACE   | query_time, 0.008602948859333992
2024-01-29 11:07:50 | TRACE   | query_time, 0.008205067366361618
2024-01-29 11:07:50 | TRACE   | query_time, 0.008517744019627571
2024-01-29 11:07:50 | TRACE   | query_time, 0.00840725563466549
2024-01-29 11:07:50 | TRACE   | query_time, 0.008741600438952446
2024-01-29 11:07:50 | TRACE   | query_time, 0.008182736113667488
2024-01-29 11:07:50 | TRACE   | query_time, 0.008327743038535118
2024-01-29 11:07:50 | TRACE   | query_time, 0.008513176813721657
2024-01-29 11:07:50 | TRACE   | query_time, 0.008233239874243736
2024-01-29 11:07:50 | TRACE   | query_time, 0.008339976891875267
2024-01-29 11:07:50 | TRACE   | query_time, 0.00812598317861557
2024-01-29 11:07:50 | TRACE   | query_time, 0.00818505696952343
2024-01-29 11:07:50 | TRACE   | query_time, 0.008128315210342407
2024-01-29 11:07:50 | TRACE   | query_time, 0.008441142737865448
2024-01-29 11:07:50 | TRACE   | query_time, 0.008429013192653656
2024-01-29 11:07:50 | TRACE   | query_time, 0.008322855457663536
2024-01-29 11:07:50 | TRACE   | query_time, 0.008262062445282936
2024-01-29 11:07:50 | TRACE   | query_time, 0.00840194895863533
2024-01-29 11:07:50 | TRACE   | query_time, 0.008618192747235298
2024-01-29 11:07:50 | TRACE   | query_time, 0.008217325434088707
2024-01-29 11:07:50 | TRACE   | query_time, 0.008483577519655228
2024-01-29 11:07:50 | TRACE   | query_time, 0.008630100637674332
2024-01-29 11:07:50 | TRACE   | query_time, 0.00855625607073307
2024-01-29 11:07:50 | TRACE   | query_time, 0.008408106863498688
2024-01-29 11:07:50 | TRACE   | query_time, 0.008673746138811111
2024-01-29 11:07:50 | TRACE   | query_time, 0.008450917899608612
2024-01-29 11:07:50 | TRACE   | query_time, 0.008204059675335884
2024-01-29 11:07:50 | TRACE   | query_time, 0.008590999990701675
2024-01-29 11:07:50 | TRACE   | query_time, 0.008225273340940475
2024-01-29 11:07:50 | TRACE   | query_time, 0.008524199947714806
2024-01-29 11:07:50 | TRACE   | query_time, 0.008531993255019188
2024-01-29 11:07:50 | TRACE   | query_time, 0.008482242003083229
2024-01-29 11:07:50 | TRACE   | query_time, 0.008244134485721588
2024-01-29 11:07:50 | TRACE   | query_time, 0.008244853466749191
2024-01-29 11:07:50 | TRACE   | query_time, 0.008385412395000458
2024-01-29 11:07:50 | TRACE   | query_time, 0.008077716454863548
2024-01-29 11:07:50 | TRACE   | query_time, 0.008290838450193405
2024-01-29 11:07:50 | TRACE   | query_time, 0.008157335221767426
2024-01-29 11:07:50 | TRACE   | query_time, 0.008180851116776466
2024-01-29 11:07:50 | TRACE   | query_time, 0.00809367373585701
2024-01-29 11:07:50 | TRACE   | query_time, 0.008720198646187782
2024-01-29 11:07:50 | TRACE   | query_time, 0.008523652330040932
2024-01-29 11:07:50 | TRACE   | query_time, 0.008333079516887665
2024-01-29 11:07:50 | TRACE   | query_time, 0.008428966626524925
2024-01-29 11:07:50 | TRACE   | query_time, 0.008471107110381126
2024-01-29 11:07:50 | TRACE   | query_time, 0.00798710621893406
2024-01-29 11:07:50 | TRACE   | query_time, 0.008366644382476807
2024-01-29 11:07:50 | TRACE   | query_time, 0.008644480258226395
2024-01-29 11:07:50 | TRACE   | query_time, 0.008549941703677177
2024-01-29 11:07:50 | TRACE   | query_time, 0.008370591327548027
2024-01-29 11:07:50 | TRACE   | query_time, 0.008429223671555519
2024-01-29 11:07:50 | TRACE   | query_time, 0.008101675659418106
2024-01-29 11:07:50 | TRACE   | query_time, 0.00832030363380909
2024-01-29 11:07:50 | TRACE   | query_time, 0.008377645164728165
2024-01-29 11:07:50 | TRACE   | query_time, 0.008194699883460999
2024-01-29 11:07:50 | TRACE   | query_time, 0.008263960480690002
2024-01-29 11:07:50 | TRACE   | query_time, 0.00854756310582161
2024-01-29 11:07:50 | TRACE   | query_time, 0.008422758430242538
2024-01-29 11:07:50 | TRACE   | query_time, 0.008331147953867912
2024-01-29 11:07:50 | TRACE   | query_time, 0.008648443967103958
2024-01-29 11:07:50 | TRACE   | query_time, 0.008531641215085983
2024-01-29 11:07:50 | TRACE   | query_time, 0.008233731612563133
2024-01-29 11:07:50 | TRACE   | query_time, 0.008342418819665909
2024-01-29 11:07:50 | TRACE   | query_time, 0.008425751700997353
2024-01-29 11:07:50 | TRACE   | query_time, 0.008192755281925201
2024-01-29 11:07:50 | TRACE   | query_time, 0.008199380710721016
2024-01-29 11:07:50 | TRACE   | query_time, 0.00831054337322712
2024-01-29 11:07:50 | TRACE   | query_time, 0.008064564317464828
2024-01-29 11:07:50 | TRACE   | query_time, 0.008207736536860466
2024-01-29 11:07:50 | TRACE   | query_time, 0.008488038554787636
2024-01-29 11:07:50 | TRACE   | query_time, 0.008056895807385445
2024-01-29 11:07:50 | TRACE   | query_time, 0.008489461615681648
2024-01-29 11:07:50 | TRACE   | query_time, 0.008536560460925102
2024-01-29 11:07:50 | TRACE   | query_time, 0.008512916043400764
2024-01-29 11:07:50 | TRACE   | query_time, 0.008495887741446495
2024-01-29 11:07:50 | TRACE   | query_time, 0.008403254672884941
2024-01-29 11:07:50 | TRACE   | query_time, 0.008444609120488167
2024-01-29 11:07:50 | TRACE   | query_time, 0.008373351767659187
2024-01-29 11:07:50 | TRACE   | query_time, 0.008492322638630867
2024-01-29 11:07:50 | TRACE   | query_time, 0.008422920480370522
2024-01-29 11:07:50 | TRACE   | query_time, 0.008481869474053383
2024-01-29 11:07:50 | TRACE   | query_time, 0.008445480838418007
2024-01-29 11:07:50 | TRACE   | query_time, 0.00844566896557808
2024-01-29 11:07:50 | TRACE   | query_time, 0.008334891870617867
2024-01-29 11:07:50 | TRACE   | query_time, 0.008265392854809761
2024-01-29 11:07:50 | TRACE   | query_time, 0.012667139992117882
2024-01-29 11:07:50 | TRACE   | query_time, 0.008521296083927155
2024-01-29 11:07:50 | TRACE   | query_time, 0.007979478687047958
2024-01-29 11:07:50 | TRACE   | query_time, 0.008182236924767494
2024-01-29 11:07:50 | TRACE   | query_time, 0.008344776928424835
2024-01-29 11:07:50 | TRACE   | query_time, 0.008523508906364441
2024-01-29 11:07:50 | TRACE   | query_time, 0.008106999099254608
2024-01-29 11:07:50 | TRACE   | query_time, 0.008532684296369553
2024-01-29 11:07:50 | TRACE   | query_time, 0.008561411872506142
2024-01-29 11:07:50 | TRACE   | query_time, 0.008565651252865791
2024-01-29 11:07:50 | TRACE   | query_time, 0.008453743532299995
2024-01-29 11:07:50 | TRACE   | query_time, 0.008690640330314636
2024-01-29 11:07:50 | TRACE   | query_time, 0.008248506113886833
2024-01-29 11:07:50 | TRACE   | query_time, 0.008371375501155853
2024-01-29 11:07:50 | TRACE   | query_time, 0.008051151409745216
2024-01-29 11:07:50 | TRACE   | query_time, 0.008160671219229698
2024-01-29 11:07:50 | TRACE   | query_time, 0.00822761096060276
2024-01-29 11:07:50 | TRACE   | query_time, 0.008016426116228104
2024-01-29 11:07:50 | TRACE   | query_time, 0.008009612560272217
2024-01-29 11:07:50 | TRACE   | query_time, 0.00859498605132103
2024-01-29 11:07:51 | TRACE   | query_time, 0.00818815641105175
2024-01-29 11:07:51 | TRACE   | query_time, 0.008147548884153366
2024-01-29 11:07:51 | TRACE   | query_time, 0.008262775838375092
2024-01-29 11:07:51 | TRACE   | query_time, 0.008690854534506798
2024-01-29 11:07:51 | TRACE   | query_time, 0.00850716046988964
2024-01-29 11:07:51 | TRACE   | query_time, 0.00869004800915718
2024-01-29 11:07:51 | TRACE   | query_time, 0.008366761729121208
2024-01-29 11:07:51 | TRACE   | query_time, 0.008284702897071838
2024-01-29 11:07:51 | TRACE   | query_time, 0.008383190259337425
2024-01-29 11:07:51 | TRACE   | query_time, 0.008884159848093987
2024-01-29 11:07:51 | TRACE   | query_time, 0.008116180077195168
2024-01-29 11:07:51 | TRACE   | query_time, 0.008259432390332222
2024-01-29 11:07:51 | TRACE   | query_time, 0.008165022358298302
2024-01-29 11:07:51 | TRACE   | query_time, 0.00804496742784977
2024-01-29 11:07:51 | TRACE   | query_time, 0.008332472294569016
2024-01-29 11:07:51 | TRACE   | query_time, 0.008433440700173378
2024-01-29 11:07:51 | TRACE   | query_time, 0.007905768230557442
2024-01-29 11:07:51 | TRACE   | query_time, 0.008485717698931694
2024-01-29 11:07:51 | TRACE   | query_time, 0.008493153378367424
2024-01-29 11:07:51 | TRACE   | query_time, 0.00820152647793293
2024-01-29 11:07:51 | TRACE   | query_time, 0.008307183161377907
2024-01-29 11:07:51 | TRACE   | query_time, 0.00811946764588356
2024-01-29 11:07:51 | TRACE   | query_time, 0.008071107789874077
2024-01-29 11:07:51 | TRACE   | query_time, 0.008132550865411758
2024-01-29 11:07:51 | TRACE   | query_time, 0.008437022566795349
2024-01-29 11:07:51 | TRACE   | query_time, 0.00839502178132534
2024-01-29 11:07:51 | TRACE   | query_time, 0.00828232429921627
2024-01-29 11:07:51 | TRACE   | query_time, 0.008180063217878342
2024-01-29 11:07:51 | TRACE   | query_time, 0.008442053571343422
2024-01-29 11:07:51 | TRACE   | query_time, 0.00821772776544094
2024-01-29 11:07:51 | TRACE   | query_time, 0.008345743641257286
2024-01-29 11:07:51 | TRACE   | query_time, 0.007975948974490166
2024-01-29 11:07:51 | TRACE   | query_time, 0.008368367329239845
2024-01-29 11:07:51 | TRACE   | query_time, 0.008488895371556282
2024-01-29 11:07:51 | TRACE   | query_time, 0.0080170389264822
2024-01-29 11:07:51 | TRACE   | query_time, 0.008016148582100868
2024-01-29 11:07:51 | TRACE   | query_time, 0.008612647652626038
2024-01-29 11:07:51 | TRACE   | query_time, 0.008315814658999443
2024-01-29 11:07:51 | TRACE   | query_time, 0.008182676509022713
2024-01-29 11:07:51 | TRACE   | query_time, 0.008389484137296677
2024-01-29 11:07:51 | TRACE   | query_time, 0.00847243145108223
2024-01-29 11:07:51 | TRACE   | query_time, 0.008029012009501457
2024-01-29 11:07:51 | TRACE   | query_time, 0.008259350433945656
2024-01-29 11:07:51 | TRACE   | query_time, 0.008030004799365997
2024-01-29 11:07:51 | TRACE   | query_time, 0.008153380826115608
2024-01-29 11:07:51 | TRACE   | query_time, 0.008310992270708084
2024-01-29 11:07:51 | TRACE   | query_time, 0.00853721983730793
2024-01-29 11:07:51 | TRACE   | query_time, 0.008291449397802353
2024-01-29 11:07:51 | TRACE   | query_time, 0.008524952456355095
2024-01-29 11:07:51 | TRACE   | query_time, 0.008397063240408897
2024-01-29 11:07:51 | TRACE   | query_time, 0.00834088958799839
2024-01-29 11:07:51 | TRACE   | query_time, 0.008143903687596321
2024-01-29 11:07:51 | TRACE   | query_time, 0.008217452093958855
2024-01-29 11:07:51 | TRACE   | query_time, 0.00806519202888012
2024-01-29 11:07:51 | TRACE   | query_time, 0.008418120443820953
2024-01-29 11:07:51 | TRACE   | query_time, 0.008121263235807419
2024-01-29 11:07:51 | TRACE   | query_time, 0.008365051820874214
2024-01-29 11:07:51 | TRACE   | query_time, 0.008138569071888924
2024-01-29 11:07:51 | TRACE   | query_time, 0.008214391767978668
2024-01-29 11:07:51 | TRACE   | query_time, 0.008314425125718117
2024-01-29 11:07:51 | TRACE   | query_time, 0.008383216336369514
2024-01-29 11:07:51 | TRACE   | query_time, 0.008389744907617569
2024-01-29 11:07:51 | TRACE   | query_time, 0.008439751341938972
2024-01-29 11:07:51 | TRACE   | query_time, 0.00835341028869152
2024-01-29 11:07:51 | TRACE   | query_time, 0.008275497704744339
2024-01-29 11:07:51 | DEBUG   | Raw index-based query execution time: 2.864020s
2024-01-29 11:07:51 | TRACE   | query_collection_time, 2.8640203773975372
2024-01-29 11:07:51 | TRACE   | avg_result_size, 66938.6966966967
2024-01-29 11:07:51 | DEBUG   | Execution finished
2024-01-29 11:07:51 | INFO    | Ran 333 queries in 2.864s
2024-01-29 11:07:51 | TRACE   | execution_time, 2.8642839435487986
2024-01-29 11:07:51 | DEBUG   | Ignoring --estimation-mode as it is not relevant for the index.
2024-01-29 11:07:51 | DEBUG   | Starting execution
2024-01-29 11:07:51 | TRACE   | query_time, 0.00880751945078373
2024-01-29 11:07:51 | TRACE   | query_time, 0.008479291573166847
2024-01-29 11:07:51 | TRACE   | query_time, 0.008810900151729584
2024-01-29 11:07:51 | TRACE   | query_time, 0.00838836096227169
2024-01-29 11:07:51 | TRACE   | query_time, 0.008289998397231102
2024-01-29 11:07:51 | TRACE   | query_time, 0.008733047172427177
2024-01-29 11:07:51 | TRACE   | query_time, 0.008467011153697968
2024-01-29 11:07:51 | TRACE   | query_time, 0.00857599824666977
2024-01-29 11:07:51 | TRACE   | query_time, 0.00840623676776886
2024-01-29 11:07:51 | TRACE   | query_time, 0.008352523669600487
2024-01-29 11:07:51 | TRACE   | query_time, 0.008594341576099396
2024-01-29 11:07:51 | TRACE   | query_time, 0.008605372160673141
2024-01-29 11:07:51 | TRACE   | query_time, 0.008576927706599236
2024-01-29 11:07:51 | TRACE   | query_time, 0.008673634380102158
2024-01-29 11:07:51 | TRACE   | query_time, 0.008503559976816177
2024-01-29 11:07:51 | TRACE   | query_time, 0.008622897788882256
2024-01-29 11:07:51 | TRACE   | query_time, 0.008580084890127182
2024-01-29 11:07:51 | TRACE   | query_time, 0.008631329983472824
2024-01-29 11:07:51 | TRACE   | query_time, 0.008481249213218689
2024-01-29 11:07:51 | TRACE   | query_time, 0.008415788412094116
2024-01-29 11:07:51 | TRACE   | query_time, 0.008516225963830948
2024-01-29 11:07:51 | TRACE   | query_time, 0.008371837437152863
2024-01-29 11:07:51 | TRACE   | query_time, 0.008412331342697144
2024-01-29 11:07:51 | TRACE   | query_time, 0.008625252172350883
2024-01-29 11:07:51 | TRACE   | query_time, 0.00851731188595295
2024-01-29 11:07:51 | TRACE   | query_time, 0.008795052766799927
2024-01-29 11:07:51 | TRACE   | query_time, 0.008325474336743355
2024-01-29 11:07:51 | TRACE   | query_time, 0.008343623951077461
2024-01-29 11:07:51 | TRACE   | query_time, 0.008469725027680397
2024-01-29 11:07:51 | TRACE   | query_time, 0.008554013445973396
2024-01-29 11:07:51 | TRACE   | query_time, 0.008342638611793518
2024-01-29 11:07:51 | TRACE   | query_time, 0.008369551971554756
2024-01-29 11:07:51 | TRACE   | query_time, 0.008595924824476242
2024-01-29 11:07:51 | TRACE   | query_time, 0.008461935445666313
2024-01-29 11:07:51 | TRACE   | query_time, 0.00840030424296856
2024-01-29 11:07:51 | TRACE   | query_time, 0.008374949917197227
2024-01-29 11:07:51 | TRACE   | query_time, 0.008554067462682724
2024-01-29 11:07:51 | TRACE   | query_time, 0.008493639528751373
2024-01-29 11:07:51 | TRACE   | query_time, 0.00819004699587822
2024-01-29 11:07:51 | TRACE   | query_time, 0.008394729346036911
2024-01-29 11:07:51 | TRACE   | query_time, 0.008297290652990341
2024-01-29 11:07:51 | TRACE   | query_time, 0.008453408256173134
2024-01-29 11:07:51 | TRACE   | query_time, 0.008587734773755074
2024-01-29 11:07:51 | TRACE   | query_time, 0.008297991007566452
2024-01-29 11:07:51 | TRACE   | query_time, 0.008379342034459114
2024-01-29 11:07:51 | TRACE   | query_time, 0.008578464388847351
2024-01-29 11:07:51 | TRACE   | query_time, 0.00854310393333435
2024-01-29 11:07:51 | TRACE   | query_time, 0.008406087756156921
2024-01-29 11:07:51 | TRACE   | query_time, 0.008643776178359985
2024-01-29 11:07:51 | TRACE   | query_time, 0.008299790322780609
2024-01-29 11:07:51 | TRACE   | query_time, 0.008741289377212524
2024-01-29 11:07:51 | TRACE   | query_time, 0.00829814001917839
2024-01-29 11:07:52 | TRACE   | query_time, 0.008206143975257874
2024-01-29 11:07:52 | TRACE   | query_time, 0.008545869961380959
2024-01-29 11:07:52 | TRACE   | query_time, 0.008370306342840195
2024-01-29 11:07:52 | TRACE   | query_time, 0.008366033434867859
2024-01-29 11:07:52 | TRACE   | query_time, 0.00841035321354866
2024-01-29 11:07:52 | TRACE   | query_time, 0.008578656241297722
2024-01-29 11:07:52 | TRACE   | query_time, 0.00839921087026596
2024-01-29 11:07:52 | TRACE   | query_time, 0.00849592499434948
2024-01-29 11:07:52 | TRACE   | query_time, 0.008472111076116562
2024-01-29 11:07:52 | TRACE   | query_time, 0.008375303819775581
2024-01-29 11:07:52 | TRACE   | query_time, 0.008749837055802345
2024-01-29 11:07:52 | TRACE   | query_time, 0.008583156391978264
2024-01-29 11:07:52 | TRACE   | query_time, 0.00822167843580246
2024-01-29 11:07:52 | TRACE   | query_time, 0.008289327844977379
2024-01-29 11:07:52 | TRACE   | query_time, 0.008589956909418106
2024-01-29 11:07:52 | TRACE   | query_time, 0.008273037150502205
2024-01-29 11:07:52 | TRACE   | query_time, 0.008777745068073273
2024-01-29 11:07:52 | TRACE   | query_time, 0.008481552824378014
2024-01-29 11:07:52 | TRACE   | query_time, 0.008547687903046608
2024-01-29 11:07:52 | TRACE   | query_time, 0.008681856095790863
2024-01-29 11:07:52 | TRACE   | query_time, 0.008698830381035805
2024-01-29 11:07:52 | TRACE   | query_time, 0.008347481489181519
2024-01-29 11:07:52 | TRACE   | query_time, 0.008654562756419182
2024-01-29 11:07:52 | TRACE   | query_time, 0.008514877408742905
2024-01-29 11:07:52 | TRACE   | query_time, 0.008515151217579842
2024-01-29 11:07:52 | TRACE   | query_time, 0.00885683298110962
2024-01-29 11:07:52 | TRACE   | query_time, 0.008445516228675842
2024-01-29 11:07:52 | TRACE   | query_time, 0.00870283879339695
2024-01-29 11:07:52 | TRACE   | query_time, 0.008297760039567947
2024-01-29 11:07:52 | TRACE   | query_time, 0.008460961282253265
2024-01-29 11:07:52 | TRACE   | query_time, 0.012468812987208366
2024-01-29 11:07:52 | TRACE   | query_time, 0.00828581303358078
2024-01-29 11:07:52 | TRACE   | query_time, 0.008538318797945976
2024-01-29 11:07:52 | TRACE   | query_time, 0.00842801108956337
2024-01-29 11:07:52 | TRACE   | query_time, 0.008152084425091743
2024-01-29 11:07:52 | TRACE   | query_time, 0.008230168372392654
2024-01-29 11:07:52 | TRACE   | query_time, 0.008583160117268562
2024-01-29 11:07:52 | TRACE   | query_time, 0.008615413680672646
2024-01-29 11:07:52 | TRACE   | query_time, 0.00838417187333107
2024-01-29 11:07:52 | TRACE   | query_time, 0.008491769433021545
2024-01-29 11:07:52 | TRACE   | query_time, 0.008497484028339386
2024-01-29 11:07:52 | TRACE   | query_time, 0.008588721975684166
2024-01-29 11:07:52 | TRACE   | query_time, 0.008168935775756836
2024-01-29 11:07:52 | TRACE   | query_time, 0.008565453812479973
2024-01-29 11:07:52 | TRACE   | query_time, 0.008272120729088783
2024-01-29 11:07:52 | TRACE   | query_time, 0.008383309468626976
2024-01-29 11:07:52 | TRACE   | query_time, 0.008470535278320312
2024-01-29 11:07:52 | TRACE   | query_time, 0.008654352277517319
2024-01-29 11:07:52 | TRACE   | query_time, 0.008663304150104523
2024-01-29 11:07:52 | TRACE   | query_time, 0.008639400824904442
2024-01-29 11:07:52 | TRACE   | query_time, 0.00850316695868969
2024-01-29 11:07:52 | TRACE   | query_time, 0.008094355463981628
2024-01-29 11:07:52 | TRACE   | query_time, 0.008370466530323029
2024-01-29 11:07:52 | TRACE   | query_time, 0.008226456120610237
2024-01-29 11:07:52 | TRACE   | query_time, 0.008239725604653358
2024-01-29 11:07:52 | TRACE   | query_time, 0.008554140105843544
2024-01-29 11:07:52 | TRACE   | query_time, 0.008688338100910187
2024-01-29 11:07:52 | TRACE   | query_time, 0.008458027616143227
2024-01-29 11:07:52 | TRACE   | query_time, 0.008590243756771088
2024-01-29 11:07:52 | TRACE   | query_time, 0.00821230374276638
2024-01-29 11:07:52 | TRACE   | query_time, 0.008529020473361015
2024-01-29 11:07:52 | TRACE   | query_time, 0.008506834506988525
2024-01-29 11:07:52 | TRACE   | query_time, 0.008455045521259308
2024-01-29 11:07:52 | TRACE   | query_time, 0.008267102763056755
2024-01-29 11:07:52 | TRACE   | query_time, 0.008433748036623001
2024-01-29 11:07:52 | TRACE   | query_time, 0.00816836953163147
2024-01-29 11:07:52 | TRACE   | query_time, 0.008634539321064949
2024-01-29 11:07:52 | TRACE   | query_time, 0.008858969435095787
2024-01-29 11:07:52 | TRACE   | query_time, 0.008146367967128754
2024-01-29 11:07:52 | TRACE   | query_time, 0.008399292826652527
2024-01-29 11:07:52 | TRACE   | query_time, 0.008405640721321106
2024-01-29 11:07:52 | TRACE   | query_time, 0.008837305009365082
2024-01-29 11:07:52 | TRACE   | query_time, 0.008723471313714981
2024-01-29 11:07:52 | TRACE   | query_time, 0.0084379892796278
2024-01-29 11:07:52 | TRACE   | query_time, 0.008336519822478294
2024-01-29 11:07:52 | TRACE   | query_time, 0.008240599185228348
2024-01-29 11:07:52 | TRACE   | query_time, 0.008437979966402054
2024-01-29 11:07:52 | TRACE   | query_time, 0.00837949849665165
2024-01-29 11:07:52 | TRACE   | query_time, 0.008434733375906944
2024-01-29 11:07:52 | TRACE   | query_time, 0.008374080061912537
2024-01-29 11:07:52 | TRACE   | query_time, 0.008416075259447098
2024-01-29 11:07:52 | TRACE   | query_time, 0.008320277556777
2024-01-29 11:07:52 | TRACE   | query_time, 0.008499421179294586
2024-01-29 11:07:52 | TRACE   | query_time, 0.008166979998350143
2024-01-29 11:07:52 | TRACE   | query_time, 0.008783018216490746
2024-01-29 11:07:52 | TRACE   | query_time, 0.008329031988978386
2024-01-29 11:07:52 | TRACE   | query_time, 0.008170351386070251
2024-01-29 11:07:52 | TRACE   | query_time, 0.00862118974328041
2024-01-29 11:07:52 | TRACE   | query_time, 0.008608408272266388
2024-01-29 11:07:52 | TRACE   | query_time, 0.008471926674246788
2024-01-29 11:07:52 | TRACE   | query_time, 0.008360153064131737
2024-01-29 11:07:52 | TRACE   | query_time, 0.008564665913581848
2024-01-29 11:07:52 | TRACE   | query_time, 0.006674366071820259
2024-01-29 11:07:52 | TRACE   | query_time, 0.006396744400262833
2024-01-29 11:07:52 | TRACE   | query_time, 0.006184164434671402
2024-01-29 11:07:52 | TRACE   | query_time, 0.006014389917254448
2024-01-29 11:07:52 | TRACE   | query_time, 0.005906783044338226
2024-01-29 11:07:52 | TRACE   | query_time, 0.006117541342973709
2024-01-29 11:07:52 | TRACE   | query_time, 0.0057132672518491745
2024-01-29 11:07:52 | TRACE   | query_time, 0.005799548700451851
2024-01-29 11:07:52 | TRACE   | query_time, 0.005944017320871353
2024-01-29 11:07:52 | TRACE   | query_time, 0.005735885351896286
2024-01-29 11:07:52 | TRACE   | query_time, 0.005860285833477974
2024-01-29 11:07:52 | TRACE   | query_time, 0.005654521286487579
2024-01-29 11:07:52 | TRACE   | query_time, 0.005600467324256897
2024-01-29 11:07:52 | TRACE   | query_time, 0.005473136901855469
2024-01-29 11:07:52 | TRACE   | query_time, 0.005229676142334938
2024-01-29 11:07:52 | TRACE   | query_time, 0.0051411837339401245
2024-01-29 11:07:52 | TRACE   | query_time, 0.005128998309373856
2024-01-29 11:07:52 | TRACE   | query_time, 0.005140414461493492
2024-01-29 11:07:52 | TRACE   | query_time, 0.005118716508150101
2024-01-29 11:07:52 | TRACE   | query_time, 0.0051017869263887405
2024-01-29 11:07:52 | TRACE   | query_time, 0.005154799669981003
2024-01-29 11:07:52 | TRACE   | query_time, 0.0050926655530929565
2024-01-29 11:07:52 | TRACE   | query_time, 0.00506279431283474
2024-01-29 11:07:52 | TRACE   | query_time, 0.005049321800470352
2024-01-29 11:07:52 | TRACE   | query_time, 0.004867199808359146
2024-01-29 11:07:52 | TRACE   | query_time, 0.005033111199736595
2024-01-29 11:07:52 | TRACE   | query_time, 0.005004018545150757
2024-01-29 11:07:52 | TRACE   | query_time, 0.004878247156739235
2024-01-29 11:07:52 | TRACE   | query_time, 0.004956379532814026
2024-01-29 11:07:52 | TRACE   | query_time, 0.004995908588171005
2024-01-29 11:07:52 | TRACE   | query_time, 0.004964552819728851
2024-01-29 11:07:52 | TRACE   | query_time, 0.004905881360173225
2024-01-29 11:07:52 | TRACE   | query_time, 0.005037687718868256
2024-01-29 11:07:52 | TRACE   | query_time, 0.005044229328632355
2024-01-29 11:07:52 | TRACE   | query_time, 0.00506039522588253
2024-01-29 11:07:52 | TRACE   | query_time, 0.005130067467689514
2024-01-29 11:07:52 | TRACE   | query_time, 0.005159283056855202
2024-01-29 11:07:53 | TRACE   | query_time, 0.004839858040213585
2024-01-29 11:07:53 | TRACE   | query_time, 0.0049569010734558105
2024-01-29 11:07:53 | TRACE   | query_time, 0.0049144793301820755
2024-01-29 11:07:53 | TRACE   | query_time, 0.004992436617612839
2024-01-29 11:07:53 | TRACE   | query_time, 0.005074074491858482
2024-01-29 11:07:53 | TRACE   | query_time, 0.0049796681851148605
2024-01-29 11:07:53 | TRACE   | query_time, 0.0048970989882946014
2024-01-29 11:07:53 | TRACE   | query_time, 0.0049179308116436005
2024-01-29 11:07:53 | TRACE   | query_time, 0.004897918552160263
2024-01-29 11:07:53 | TRACE   | query_time, 0.00487341545522213
2024-01-29 11:07:53 | TRACE   | query_time, 0.005036590620875359
2024-01-29 11:07:53 | TRACE   | query_time, 0.0048862844705581665
2024-01-29 11:07:53 | TRACE   | query_time, 0.004993567243218422
2024-01-29 11:07:53 | TRACE   | query_time, 0.0049583446234464645
2024-01-29 11:07:53 | TRACE   | query_time, 0.004934174939990044
2024-01-29 11:07:53 | TRACE   | query_time, 0.004945278167724609
2024-01-29 11:07:53 | TRACE   | query_time, 0.004941863939166069
2024-01-29 11:07:53 | TRACE   | query_time, 0.004886634647846222
2024-01-29 11:07:53 | TRACE   | query_time, 0.004906218498945236
2024-01-29 11:07:53 | TRACE   | query_time, 0.004871919751167297
2024-01-29 11:07:53 | TRACE   | query_time, 0.004953619092702866
2024-01-29 11:07:53 | TRACE   | query_time, 0.004902241751551628
2024-01-29 11:07:53 | TRACE   | query_time, 0.004859063774347305
2024-01-29 11:07:53 | TRACE   | query_time, 0.004929788410663605
2024-01-29 11:07:53 | TRACE   | query_time, 0.0049782730638980865
2024-01-29 11:07:53 | TRACE   | query_time, 0.005016634240746498
2024-01-29 11:07:53 | TRACE   | query_time, 0.005056537687778473
2024-01-29 11:07:53 | TRACE   | query_time, 0.004954243078827858
2024-01-29 11:07:53 | TRACE   | query_time, 0.004864733666181564
2024-01-29 11:07:53 | TRACE   | query_time, 0.005031956359744072
2024-01-29 11:07:53 | TRACE   | query_time, 0.004937971010804176
2024-01-29 11:07:53 | TRACE   | query_time, 0.004876784980297089
2024-01-29 11:07:53 | TRACE   | query_time, 0.00483286939561367
2024-01-29 11:07:53 | TRACE   | query_time, 0.005002124235033989
2024-01-29 11:07:53 | TRACE   | query_time, 0.004856893792748451
2024-01-29 11:07:53 | TRACE   | query_time, 0.005038304254412651
2024-01-29 11:07:53 | TRACE   | query_time, 0.004981352016329765
2024-01-29 11:07:53 | TRACE   | query_time, 0.0049931928515434265
2024-01-29 11:07:53 | TRACE   | query_time, 0.004976160824298859
2024-01-29 11:07:53 | TRACE   | query_time, 0.00499124638736248
2024-01-29 11:07:53 | TRACE   | query_time, 0.004971843212842941
2024-01-29 11:07:53 | TRACE   | query_time, 0.004935739561915398
2024-01-29 11:07:53 | TRACE   | query_time, 0.0049756187945604324
2024-01-29 11:07:53 | TRACE   | query_time, 0.005029959604144096
2024-01-29 11:07:53 | TRACE   | query_time, 0.005031289532780647
2024-01-29 11:07:53 | TRACE   | query_time, 0.004910159856081009
2024-01-29 11:07:53 | TRACE   | query_time, 0.005005599930882454
2024-01-29 11:07:53 | TRACE   | query_time, 0.005018413066864014
2024-01-29 11:07:53 | TRACE   | query_time, 0.004796668887138367
2024-01-29 11:07:53 | TRACE   | query_time, 0.004920719191431999
2024-01-29 11:07:53 | TRACE   | query_time, 0.004930878058075905
2024-01-29 11:07:53 | TRACE   | query_time, 0.004992304369807243
2024-01-29 11:07:53 | TRACE   | query_time, 0.005022211000323296
2024-01-29 11:07:53 | TRACE   | query_time, 0.004893271252512932
2024-01-29 11:07:53 | TRACE   | query_time, 0.004997333511710167
2024-01-29 11:07:53 | TRACE   | query_time, 0.004945501685142517
2024-01-29 11:07:53 | TRACE   | query_time, 0.005013549700379372
2024-01-29 11:07:53 | TRACE   | query_time, 0.004825301468372345
2024-01-29 11:07:53 | TRACE   | query_time, 0.005068549886345863
2024-01-29 11:07:53 | TRACE   | query_time, 0.004962341859936714
2024-01-29 11:07:53 | TRACE   | query_time, 0.004979275166988373
2024-01-29 11:07:53 | TRACE   | query_time, 0.004985380917787552
2024-01-29 11:07:53 | TRACE   | query_time, 0.0049235764890909195
2024-01-29 11:07:53 | TRACE   | query_time, 0.005021369084715843
2024-01-29 11:07:53 | TRACE   | query_time, 0.005051404237747192
2024-01-29 11:07:53 | TRACE   | query_time, 0.004888761788606644
2024-01-29 11:07:53 | TRACE   | query_time, 0.0049926117062568665
2024-01-29 11:07:53 | TRACE   | query_time, 0.004969468340277672
2024-01-29 11:07:53 | TRACE   | query_time, 0.004991814494132996
2024-01-29 11:07:53 | TRACE   | query_time, 0.0049741510301828384
2024-01-29 11:07:53 | TRACE   | query_time, 0.0049277618527412415
2024-01-29 11:07:53 | TRACE   | query_time, 0.005019383504986763
2024-01-29 11:07:53 | TRACE   | query_time, 0.004793906584382057
2024-01-29 11:07:53 | TRACE   | query_time, 0.004977840930223465
2024-01-29 11:07:53 | TRACE   | query_time, 0.0048089344054460526
2024-01-29 11:07:53 | TRACE   | query_time, 0.0049744099378585815
2024-01-29 11:07:53 | TRACE   | query_time, 0.005069190636277199
2024-01-29 11:07:53 | TRACE   | query_time, 0.0050564780831336975
2024-01-29 11:07:53 | TRACE   | query_time, 0.005015205591917038
2024-01-29 11:07:53 | TRACE   | query_time, 0.005003156140446663
2024-01-29 11:07:53 | TRACE   | query_time, 0.004921324551105499
2024-01-29 11:07:53 | TRACE   | query_time, 0.004948899149894714
2024-01-29 11:07:53 | TRACE   | query_time, 0.0051014237105846405
2024-01-29 11:07:53 | TRACE   | query_time, 0.004937766119837761
2024-01-29 11:07:53 | TRACE   | query_time, 0.004940720275044441
