2024-04-27 18:38:15 | DEBUG   | Loading index from data/open_data_usa/indices/accuracy_benchmark/k_cluster/conversion-kmeans-k250-b50000-quantile-a1.zst
2024-04-27 18:38:15 | DEBUG   | Loading queries from data/open_data_usa/queries/llm/all.zst
2024-04-27 18:38:15 | DEBUG   | Loading ground truth from data/open_data_usa/results/llm/ground_truth-all.zst
2024-04-27 18:38:17 | DEBUG   | Ignoring --estimation-mode as it is not relevant for the index.
2024-04-27 18:38:17 | DEBUG   | Starting execution
2024-04-27 18:38:17 | TRACE   | query_time, 0.0028289631009101868
2024-04-27 18:38:17 | TRACE   | query_time, 0.003080572932958603
2024-04-27 18:38:17 | TRACE   | query_time, 0.003000520169734955
2024-04-27 18:38:17 | TRACE   | query_time, 0.0038238652050495148
2024-04-27 18:38:17 | TRACE   | query_time, 0.0037331581115722656
2024-04-27 18:38:17 | TRACE   | query_time, 0.0037772543728351593
2024-04-27 18:38:17 | TRACE   | query_time, 0.003119412809610367
2024-04-27 18:38:17 | TRACE   | query_time, 0.0003964081406593323
2024-04-27 18:38:17 | TRACE   | query_time, 0.0042379871010780334
2024-04-27 18:38:17 | TRACE   | query_time, 0.0044001005589962006
2024-04-27 18:38:17 | TRACE   | query_time, 0.004976991564035416
2024-04-27 18:38:17 | TRACE   | query_time, 0.004255127161741257
2024-04-27 18:38:17 | TRACE   | query_time, 0.004103314131498337
2024-04-27 18:38:17 | TRACE   | query_time, 0.004937384277582169
2024-04-27 18:38:17 | TRACE   | query_time, 0.0021824315190315247
2024-04-27 18:38:17 | TRACE   | query_time, 0.002384524792432785
2024-04-27 18:38:17 | TRACE   | query_time, 0.004505813121795654
2024-04-27 18:38:17 | TRACE   | query_time, 0.00412716343998909
2024-04-27 18:38:17 | TRACE   | query_time, 0.005101464688777924
2024-04-27 18:38:17 | TRACE   | query_time, 0.00446830689907074
2024-04-27 18:38:17 | TRACE   | query_time, 0.004296936094760895
2024-04-27 18:38:17 | TRACE   | query_time, 0.00509185716509819
2024-04-27 18:38:17 | TRACE   | query_time, 0.0033779293298721313
2024-04-27 18:38:17 | TRACE   | query_time, 0.0003886967897415161
2024-04-27 18:38:17 | TRACE   | query_time, 0.004302173852920532
2024-04-27 18:38:17 | TRACE   | query_time, 0.00410047173500061
2024-04-27 18:38:17 | TRACE   | query_time, 0.005069714039564133
2024-04-27 18:38:17 | TRACE   | query_time, 0.004296541213989258
2024-04-27 18:38:17 | TRACE   | query_time, 0.003704667091369629
2024-04-27 18:38:17 | TRACE   | query_time, 0.004952378571033478
2024-04-27 18:38:17 | TRACE   | query_time, 0.0032057277858257294
2024-04-27 18:38:17 | TRACE   | query_time, 0.004114534705877304
2024-04-27 18:38:17 | TRACE   | query_time, 0.0041620172560215
2024-04-27 18:38:17 | TRACE   | query_time, 0.004923690110445023
2024-04-27 18:38:17 | TRACE   | query_time, 0.004994705319404602
2024-04-27 18:38:17 | TRACE   | query_time, 0.004280570894479752
2024-04-27 18:38:17 | TRACE   | query_time, 0.003845304250717163
2024-04-27 18:38:17 | TRACE   | query_time, 0.005098208785057068
2024-04-27 18:38:17 | TRACE   | query_time, 0.003505326807498932
2024-04-27 18:38:17 | TRACE   | query_time, 0.001997102051973343
2024-04-27 18:38:17 | TRACE   | query_time, 0.004474673420190811
2024-04-27 18:38:17 | TRACE   | query_time, 0.004328373819589615
2024-04-27 18:38:17 | TRACE   | query_time, 0.004958007484674454
2024-04-27 18:38:17 | TRACE   | query_time, 0.004236787557601929
2024-04-27 18:38:17 | TRACE   | query_time, 0.002507135272026062
2024-04-27 18:38:17 | TRACE   | query_time, 0.0040581002831459045
2024-04-27 18:38:17 | TRACE   | query_time, 0.0043935105204582214
2024-04-27 18:38:17 | TRACE   | query_time, 0.004285495728254318
2024-04-27 18:38:17 | TRACE   | query_time, 0.000376872718334198
2024-04-27 18:38:17 | TRACE   | query_time, 0.003265947103500366
2024-04-27 18:38:17 | TRACE   | query_time, 0.004272796213626862
2024-04-27 18:38:17 | TRACE   | query_time, 0.0021558962762355804
2024-04-27 18:38:17 | TRACE   | query_time, 0.005233380943536758
2024-04-27 18:38:17 | TRACE   | query_time, 0.004221919924020767
2024-04-27 18:38:17 | TRACE   | query_time, 0.00037591904401779175
2024-04-27 18:38:17 | TRACE   | query_time, 0.001802690327167511
2024-04-27 18:38:17 | TRACE   | query_time, 0.0053139664232730865
2024-04-27 18:38:17 | TRACE   | query_time, 0.004260271787643433
2024-04-27 18:38:17 | TRACE   | query_time, 0.0025385618209838867
2024-04-27 18:38:17 | TRACE   | query_time, 0.005281500518321991
2024-04-27 18:38:17 | TRACE   | query_time, 0.0014944598078727722
2024-04-27 18:38:17 | TRACE   | query_time, 0.0003608129918575287
2024-04-27 18:38:17 | TRACE   | query_time, 0.00451311469078064
2024-04-27 18:38:17 | TRACE   | query_time, 0.003373298794031143
2024-04-27 18:38:17 | TRACE   | query_time, 0.005159925669431686
2024-04-27 18:38:17 | TRACE   | query_time, 0.004286132752895355
2024-04-27 18:38:17 | TRACE   | query_time, 0.0041838884353637695
2024-04-27 18:38:17 | TRACE   | query_time, 0.0050406865775585175
2024-04-27 18:38:17 | TRACE   | query_time, 0.0015283674001693726
2024-04-27 18:38:17 | TRACE   | query_time, 0.0003231056034564972
2024-04-27 18:38:17 | TRACE   | query_time, 0.004568718373775482
2024-04-27 18:38:17 | TRACE   | query_time, 0.0033585354685783386
2024-04-27 18:38:17 | TRACE   | query_time, 0.0050137899816036224
2024-04-27 18:38:17 | TRACE   | query_time, 0.00414903461933136
2024-04-27 18:38:17 | TRACE   | query_time, 0.004275862127542496
2024-04-27 18:38:17 | TRACE   | query_time, 0.004976049065589905
2024-04-27 18:38:17 | TRACE   | query_time, 0.0016060657799243927
2024-04-27 18:38:17 | TRACE   | query_time, 0.0002790801227092743
2024-04-27 18:38:17 | TRACE   | query_time, 0.004537411034107208
2024-04-27 18:38:17 | TRACE   | query_time, 0.005075715482234955
2024-04-27 18:38:17 | TRACE   | query_time, 0.0016234442591667175
2024-04-27 18:38:17 | TRACE   | query_time, 0.00026135146617889404
2024-04-27 18:38:17 | TRACE   | query_time, 0.004429187625646591
2024-04-27 18:38:17 | TRACE   | query_time, 0.0050381384789943695
2024-04-27 18:38:17 | TRACE   | query_time, 0.0017075203359127045
2024-04-27 18:38:17 | TRACE   | query_time, 0.0002612769603729248
2024-04-27 18:38:17 | TRACE   | query_time, 0.004459764808416367
2024-04-27 18:38:17 | TRACE   | query_time, 0.005084093660116196
2024-04-27 18:38:17 | TRACE   | query_time, 0.001747414469718933
2024-04-27 18:38:17 | TRACE   | query_time, 0.0002617388963699341
2024-04-27 18:38:17 | TRACE   | query_time, 0.00450560450553894
2024-04-27 18:38:17 | TRACE   | query_time, 0.00508422777056694
2024-04-27 18:38:17 | TRACE   | query_time, 0.0018296167254447937
2024-04-27 18:38:17 | TRACE   | query_time, 0.00026161596179008484
2024-04-27 18:38:17 | TRACE   | query_time, 0.004551619291305542
2024-04-27 18:38:17 | TRACE   | query_time, 0.005131777375936508
2024-04-27 18:38:17 | TRACE   | query_time, 0.0019498541951179504
2024-04-27 18:38:17 | TRACE   | query_time, 0.0002608448266983032
2024-04-27 18:38:17 | TRACE   | query_time, 0.004520568996667862
2024-04-27 18:38:17 | TRACE   | query_time, 0.005137067288160324
2024-04-27 18:38:17 | TRACE   | query_time, 0.0016645528376102448
2024-04-27 18:38:17 | TRACE   | query_time, 0.00037983059883117676
2024-04-27 18:38:17 | TRACE   | query_time, 0.004471000283956528
2024-04-27 18:38:17 | TRACE   | query_time, 0.0023430995643138885
2024-04-27 18:38:17 | TRACE   | query_time, 0.005198072642087936
2024-04-27 18:38:17 | TRACE   | query_time, 0.004382241517305374
2024-04-27 18:38:17 | TRACE   | query_time, 0.004352256655693054
2024-04-27 18:38:17 | TRACE   | query_time, 0.0017731189727783203
2024-04-27 18:38:17 | TRACE   | query_time, 0.0052565596997737885
2024-04-27 18:38:17 | TRACE   | query_time, 0.00446707010269165
2024-04-27 18:38:17 | TRACE   | query_time, 0.004382416605949402
2024-04-27 18:38:17 | TRACE   | query_time, 0.005017559975385666
2024-04-27 18:38:17 | TRACE   | query_time, 0.0015085451304912567
2024-04-27 18:38:17 | TRACE   | query_time, 0.004486951977014542
2024-04-27 18:38:17 | TRACE   | query_time, 0.0003983043134212494
2024-04-27 18:38:17 | TRACE   | query_time, 0.002436511218547821
2024-04-27 18:38:17 | TRACE   | query_time, 0.0019410178065299988
2024-04-27 18:38:17 | TRACE   | query_time, 0.004844788461923599
2024-04-27 18:38:17 | TRACE   | query_time, 0.004471424967050552
2024-04-27 18:38:17 | TRACE   | query_time, 0.002071250230073929
2024-04-27 18:38:17 | TRACE   | query_time, 0.0025609731674194336
2024-04-27 18:38:17 | TRACE   | query_time, 0.004739243537187576
2024-04-27 18:38:17 | TRACE   | query_time, 0.004299096763134003
2024-04-27 18:38:17 | TRACE   | query_time, 0.005165785551071167
2024-04-27 18:38:17 | TRACE   | query_time, 0.002109568566083908
2024-04-27 18:38:17 | TRACE   | query_time, 0.004738755524158478
2024-04-27 18:38:17 | TRACE   | query_time, 0.004623740911483765
2024-04-27 18:38:17 | TRACE   | query_time, 0.002392783761024475
2024-04-27 18:38:17 | TRACE   | query_time, 0.00223439559340477
2024-04-27 18:38:17 | TRACE   | query_time, 0.0003951750695705414
2024-04-27 18:38:17 | TRACE   | query_time, 0.004748787730932236
2024-04-27 18:38:17 | TRACE   | query_time, 0.001513354480266571
2024-04-27 18:38:17 | TRACE   | query_time, 0.002586759626865387
2024-04-27 18:38:17 | TRACE   | query_time, 0.0044783055782318115
2024-04-27 18:38:17 | TRACE   | query_time, 0.00039037689566612244
2024-04-27 18:38:17 | TRACE   | query_time, 0.002065662294626236
2024-04-27 18:38:17 | TRACE   | query_time, 0.0025416910648345947
2024-04-27 18:38:17 | TRACE   | query_time, 0.004845738410949707
2024-04-27 18:38:17 | TRACE   | query_time, 0.004336927086114883
2024-04-27 18:38:17 | TRACE   | query_time, 0.005051709711551666
2024-04-27 18:38:17 | TRACE   | query_time, 0.0015104487538337708
2024-04-27 18:38:17 | TRACE   | query_time, 0.00469406321644783
2024-04-27 18:38:17 | TRACE   | query_time, 0.004228655248880386
2024-04-27 18:38:17 | TRACE   | query_time, 0.0016904212534427643
2024-04-27 18:38:17 | TRACE   | query_time, 0.0024810954928398132
2024-04-27 18:38:17 | TRACE   | query_time, 0.0044925883412361145
2024-04-27 18:38:17 | TRACE   | query_time, 0.004626505076885223
2024-04-27 18:38:17 | TRACE   | query_time, 0.004967257380485535
2024-04-27 18:38:17 | TRACE   | query_time, 0.0023410096764564514
2024-04-27 18:38:17 | TRACE   | query_time, 0.00437990203499794
2024-04-27 18:38:17 | TRACE   | query_time, 0.0037574172019958496
2024-04-27 18:38:17 | TRACE   | query_time, 0.004041999578475952
2024-04-27 18:38:17 | TRACE   | query_time, 0.004063893109560013
2024-04-27 18:38:17 | TRACE   | query_time, 0.004939094185829163
2024-04-27 18:38:17 | TRACE   | query_time, 0.004152946174144745
2024-04-27 18:38:17 | TRACE   | query_time, 0.0037805698812007904
2024-04-27 18:38:17 | TRACE   | query_time, 0.0037568509578704834
2024-04-27 18:38:17 | TRACE   | query_time, 0.003963429480791092
2024-04-27 18:38:17 | TRACE   | query_time, 0.004081524908542633
2024-04-27 18:38:17 | TRACE   | query_time, 0.0037572458386421204
2024-04-27 18:38:17 | TRACE   | query_time, 0.0036643221974372864
2024-04-27 18:38:17 | TRACE   | query_time, 0.003603775054216385
2024-04-27 18:38:17 | TRACE   | query_time, 0.0040114447474479675
2024-04-27 18:38:17 | TRACE   | query_time, 0.00413137674331665
2024-04-27 18:38:17 | TRACE   | query_time, 0.003735162317752838
2024-04-27 18:38:17 | TRACE   | query_time, 0.0037189796566963196
2024-04-27 18:38:17 | TRACE   | query_time, 0.0023440569639205933
2024-04-27 18:38:17 | TRACE   | query_time, 0.004117581993341446
2024-04-27 18:38:17 | TRACE   | query_time, 0.0037226974964141846
2024-04-27 18:38:17 | TRACE   | query_time, 0.0036914870142936707
2024-04-27 18:38:17 | TRACE   | query_time, 0.00398794561624527
2024-04-27 18:38:17 | TRACE   | query_time, 0.0041856057941913605
2024-04-27 18:38:17 | TRACE   | query_time, 0.0037802942097187042
2024-04-27 18:38:17 | TRACE   | query_time, 0.0037138648331165314
2024-04-27 18:38:17 | TRACE   | query_time, 0.004197452217340469
2024-04-27 18:38:17 | TRACE   | query_time, 0.0040854960680007935
2024-04-27 18:38:17 | TRACE   | query_time, 0.0038133561611175537
2024-04-27 18:38:17 | TRACE   | query_time, 0.0037579871714115143
2024-04-27 18:38:17 | TRACE   | query_time, 0.004142139106988907
2024-04-27 18:38:17 | TRACE   | query_time, 0.0041312240064144135
2024-04-27 18:38:17 | TRACE   | query_time, 0.0038821250200271606
2024-04-27 18:38:17 | TRACE   | query_time, 0.003766518086194992
2024-04-27 18:38:17 | TRACE   | query_time, 0.004070650786161423
2024-04-27 18:38:17 | TRACE   | query_time, 0.004218041896820068
2024-04-27 18:38:17 | TRACE   | query_time, 0.003694038838148117
2024-04-27 18:38:17 | TRACE   | query_time, 0.003666941076517105
2024-04-27 18:38:17 | TRACE   | query_time, 0.0041592903435230255
2024-04-27 18:38:17 | TRACE   | query_time, 0.003911912441253662
2024-04-27 18:38:17 | TRACE   | query_time, 0.0038028061389923096
2024-04-27 18:38:17 | TRACE   | query_time, 0.0037595368921756744
2024-04-27 18:38:17 | TRACE   | query_time, 0.004101727157831192
2024-04-27 18:38:17 | TRACE   | query_time, 0.004145663231611252
2024-04-27 18:38:17 | TRACE   | query_time, 0.003878362476825714
2024-04-27 18:38:18 | TRACE   | query_time, 0.0037978924810886383
2024-04-27 18:38:18 | TRACE   | query_time, 0.004122570157051086
2024-04-27 18:38:18 | TRACE   | query_time, 0.0038323774933815002
2024-04-27 18:38:18 | TRACE   | query_time, 0.0038366541266441345
2024-04-27 18:38:18 | TRACE   | query_time, 0.0037880726158618927
2024-04-27 18:38:18 | TRACE   | query_time, 0.00409858301281929
2024-04-27 18:38:18 | TRACE   | query_time, 0.004208963364362717
2024-04-27 18:38:18 | TRACE   | query_time, 0.0036854594945907593
2024-04-27 18:38:18 | TRACE   | query_time, 0.0036357641220092773
2024-04-27 18:38:18 | TRACE   | query_time, 0.0040015242993831635
2024-04-27 18:38:18 | TRACE   | query_time, 0.0025847703218460083
2024-04-27 18:38:18 | TRACE   | query_time, 0.004055589437484741
2024-04-27 18:38:18 | TRACE   | query_time, 0.0038086585700511932
2024-04-27 18:38:18 | TRACE   | query_time, 0.004231106489896774
2024-04-27 18:38:18 | TRACE   | query_time, 0.004187934100627899
2024-04-27 18:38:18 | TRACE   | query_time, 0.003713887184858322
2024-04-27 18:38:18 | TRACE   | query_time, 0.003674659878015518
2024-04-27 18:38:18 | TRACE   | query_time, 0.0038835257291793823
2024-04-27 18:38:18 | TRACE   | query_time, 0.003732297569513321
2024-04-27 18:38:18 | TRACE   | query_time, 0.0043334998190402985
2024-04-27 18:38:18 | TRACE   | query_time, 0.00037091225385665894
2024-04-27 18:38:18 | TRACE   | query_time, 0.004531204700469971
2024-04-27 18:38:18 | TRACE   | query_time, 0.001018274575471878
2024-04-27 18:38:18 | TRACE   | query_time, 0.0020153671503067017
2024-04-27 18:38:18 | TRACE   | query_time, 0.00025846436619758606
2024-04-27 18:38:18 | TRACE   | query_time, 0.005021229386329651
2024-04-27 18:38:18 | TRACE   | query_time, 0.0018775388598442078
2024-04-27 18:38:18 | TRACE   | query_time, 0.002490770071744919
2024-04-27 18:38:18 | TRACE   | query_time, 0.004207991063594818
2024-04-27 18:38:18 | TRACE   | query_time, 0.0038870051503181458
2024-04-27 18:38:18 | TRACE   | query_time, 0.005128227174282074
2024-04-27 18:38:18 | TRACE   | query_time, 0.002412792295217514
2024-04-27 18:38:18 | TRACE   | query_time, 0.005279228091239929
2024-04-27 18:38:18 | TRACE   | query_time, 0.004390433430671692
2024-04-27 18:38:18 | TRACE   | query_time, 0.005016971379518509
2024-04-27 18:38:18 | TRACE   | query_time, 0.0041602738201618195
2024-04-27 18:38:18 | TRACE   | query_time, 0.004245538264513016
2024-04-27 18:38:18 | TRACE   | query_time, 0.0025894641876220703
2024-04-27 18:38:18 | TRACE   | query_time, 0.005229964852333069
2024-04-27 18:38:18 | TRACE   | query_time, 0.001902017742395401
2024-04-27 18:38:18 | TRACE   | query_time, 0.005108550190925598
2024-04-27 18:38:18 | TRACE   | query_time, 0.005010303109884262
2024-04-27 18:38:18 | TRACE   | query_time, 0.0050845034420490265
2024-04-27 18:38:18 | TRACE   | query_time, 0.0006715767085552216
2024-04-27 18:38:18 | TRACE   | query_time, 0.005169909447431564
2024-04-27 18:38:18 | TRACE   | query_time, 0.0051984116435050964
2024-04-27 18:38:18 | TRACE   | query_time, 0.004020821303129196
2024-04-27 18:38:18 | TRACE   | query_time, 0.003939904272556305
2024-04-27 18:38:18 | TRACE   | query_time, 0.004968378692865372
2024-04-27 18:38:18 | TRACE   | query_time, 0.00256173312664032
2024-04-27 18:38:18 | TRACE   | query_time, 0.005211532115936279
2024-04-27 18:38:18 | TRACE   | query_time, 0.004484184086322784
2024-04-27 18:38:18 | TRACE   | query_time, 0.005075383931398392
2024-04-27 18:38:18 | TRACE   | query_time, 0.004289526492357254
2024-04-27 18:38:18 | TRACE   | query_time, 0.004303682595491409
2024-04-27 18:38:18 | TRACE   | query_time, 0.0036486275494098663
2024-04-27 18:38:18 | TRACE   | query_time, 0.005071599036455154
2024-04-27 18:38:18 | TRACE   | query_time, 0.004236362874507904
2024-04-27 18:38:18 | TRACE   | query_time, 0.002113077789545059
2024-04-27 18:38:18 | TRACE   | query_time, 0.005380935966968536
2024-04-27 18:38:18 | TRACE   | query_time, 0.004199724644422531
2024-04-27 18:38:18 | TRACE   | query_time, 0.004042070358991623
2024-04-27 18:38:18 | TRACE   | query_time, 0.00408804789185524
2024-04-27 18:38:18 | TRACE   | query_time, 0.004124946892261505
2024-04-27 18:38:18 | TRACE   | query_time, 0.002287890762090683
2024-04-27 18:38:18 | TRACE   | query_time, 0.0003825239837169647
2024-04-27 18:38:18 | TRACE   | query_time, 0.00451640784740448
2024-04-27 18:38:18 | TRACE   | query_time, 0.002291399985551834
2024-04-27 18:38:18 | TRACE   | query_time, 0.004524707794189453
2024-04-27 18:38:18 | TRACE   | query_time, 0.004320766776800156
2024-04-27 18:38:18 | TRACE   | query_time, 0.0034188032150268555
2024-04-27 18:38:18 | TRACE   | query_time, 0.00040049105882644653
2024-04-27 18:38:18 | TRACE   | query_time, 0.0022572167217731476
2024-04-27 18:38:18 | TRACE   | query_time, 0.004404008388519287
2024-04-27 18:38:18 | TRACE   | query_time, 0.004084751009941101
2024-04-27 18:38:18 | TRACE   | query_time, 0.002589751034975052
2024-04-27 18:38:18 | TRACE   | query_time, 0.0026367604732513428
2024-04-27 18:38:18 | TRACE   | query_time, 0.004579372704029083
2024-04-27 18:38:18 | TRACE   | query_time, 0.004402182996273041
2024-04-27 18:38:18 | TRACE   | query_time, 0.0021298080682754517
2024-04-27 18:38:18 | TRACE   | query_time, 0.004410736262798309
2024-04-27 18:38:18 | TRACE   | query_time, 0.004305649548768997
2024-04-27 18:38:18 | TRACE   | query_time, 0.003294866532087326
2024-04-27 18:38:18 | TRACE   | query_time, 0.004140384495258331
2024-04-27 18:38:18 | TRACE   | query_time, 0.004049867391586304
2024-04-27 18:38:18 | TRACE   | query_time, 0.00247390940785408
2024-04-27 18:38:18 | TRACE   | query_time, 0.004894819110631943
2024-04-27 18:38:18 | TRACE   | query_time, 0.004396110773086548
2024-04-27 18:38:18 | TRACE   | query_time, 0.0021394528448581696
2024-04-27 18:38:18 | TRACE   | query_time, 0.0023593902587890625
2024-04-27 18:38:18 | TRACE   | query_time, 0.004447683691978455
2024-04-27 18:38:18 | TRACE   | query_time, 0.004196129739284515
2024-04-27 18:38:18 | TRACE   | query_time, 0.003421001136302948
2024-04-27 18:38:18 | TRACE   | query_time, 0.0021982677280902863
2024-04-27 18:38:18 | TRACE   | query_time, 0.004364185035228729
2024-04-27 18:38:18 | TRACE   | query_time, 0.0023982636630535126
2024-04-27 18:38:18 | TRACE   | query_time, 0.004620030522346497
2024-04-27 18:38:18 | TRACE   | query_time, 0.004353191703557968
2024-04-27 18:38:18 | TRACE   | query_time, 0.002131301909685135
2024-04-27 18:38:18 | TRACE   | query_time, 0.004449784755706787
2024-04-27 18:38:18 | TRACE   | query_time, 0.004311222583055496
2024-04-27 18:38:18 | TRACE   | query_time, 0.003320455551147461
2024-04-27 18:38:18 | TRACE   | query_time, 0.0041282400488853455
2024-04-27 18:38:18 | TRACE   | query_time, 0.004179015755653381
2024-04-27 18:38:18 | TRACE   | query_time, 0.00236472487449646
2024-04-27 18:38:18 | TRACE   | query_time, 0.004578199237585068
2024-04-27 18:38:18 | TRACE   | query_time, 0.004326745867729187
2024-04-27 18:38:18 | TRACE   | query_time, 0.0021699145436286926
2024-04-27 18:38:18 | TRACE   | query_time, 0.00440298393368721
2024-04-27 18:38:18 | TRACE   | query_time, 0.003939293324947357
2024-04-27 18:38:18 | TRACE   | query_time, 0.004292011260986328
2024-04-27 18:38:18 | TRACE   | query_time, 0.004154834896326065
2024-04-27 18:38:18 | TRACE   | query_time, 0.00038899853825569153
2024-04-27 18:38:18 | TRACE   | query_time, 0.0023783445358276367
2024-04-27 18:38:18 | TRACE   | query_time, 0.0052240267395973206
2024-04-27 18:38:18 | TRACE   | query_time, 0.004122037440538406
2024-04-27 18:38:18 | TRACE   | query_time, 0.0037131793797016144
2024-04-27 18:38:18 | TRACE   | query_time, 0.0021071210503578186
2024-04-27 18:38:18 | TRACE   | query_time, 0.004135880619287491
2024-04-27 18:38:18 | TRACE   | query_time, 0.004183240234851837
2024-04-27 18:38:18 | TRACE   | query_time, 0.003997765481472015
2024-04-27 18:38:18 | TRACE   | query_time, 0.0021679922938346863
2024-04-27 18:38:18 | TRACE   | query_time, 0.0028264597058296204
2024-04-27 18:38:18 | TRACE   | query_time, 0.004340969026088715
2024-04-27 18:38:18 | TRACE   | query_time, 0.0003801025450229645
2024-04-27 18:38:18 | TRACE   | query_time, 0.002478335052728653
2024-04-27 18:38:18 | TRACE   | query_time, 0.005121931433677673
2024-04-27 18:38:18 | TRACE   | query_time, 0.004201497882604599
2024-04-27 18:38:18 | TRACE   | query_time, 0.004046112298965454
2024-04-27 18:38:18 | TRACE   | query_time, 0.0023752935230731964
2024-04-27 18:38:18 | TRACE   | query_time, 0.004122279584407806
2024-04-27 18:38:18 | TRACE   | query_time, 0.004194732755422592
2024-04-27 18:38:18 | TRACE   | query_time, 0.000372081995010376
2024-04-27 18:38:18 | TRACE   | query_time, 0.0021971091628074646
2024-04-27 18:38:18 | TRACE   | query_time, 0.005136027932167053
2024-04-27 18:38:18 | TRACE   | query_time, 0.00417662039399147
2024-04-27 18:38:18 | TRACE   | query_time, 0.003953851759433746
2024-04-27 18:38:18 | TRACE   | query_time, 0.002141043543815613
2024-04-27 18:38:18 | TRACE   | query_time, 0.005246493965387344
2024-04-27 18:38:18 | TRACE   | query_time, 0.004197645932435989
2024-04-27 18:38:18 | TRACE   | query_time, 0.003957163542509079
2024-04-27 18:38:18 | TRACE   | query_time, 0.002391759306192398
2024-04-27 18:38:18 | TRACE   | query_time, 0.00409548357129097
2024-04-27 18:38:18 | TRACE   | query_time, 0.004214797168970108
2024-04-27 18:38:18 | TRACE   | query_time, 0.004039056599140167
2024-04-27 18:38:18 | TRACE   | query_time, 0.002155974507331848
2024-04-27 18:38:18 | TRACE   | query_time, 0.004084348678588867
2024-04-27 18:38:18 | TRACE   | query_time, 0.004135437309741974
2024-04-27 18:38:18 | TRACE   | query_time, 0.003929026424884796
2024-04-27 18:38:18 | TRACE   | query_time, 0.002355612814426422
2024-04-27 18:38:18 | TRACE   | query_time, 0.00408104807138443
2024-04-27 18:38:18 | TRACE   | query_time, 0.004185650497674942
2024-04-27 18:38:18 | TRACE   | query_time, 0.0040388889610767365
2024-04-27 18:38:18 | TRACE   | query_time, 0.002120397984981537
2024-04-27 18:38:18 | TRACE   | query_time, 0.005115710198879242
2024-04-27 18:38:18 | TRACE   | query_time, 0.0042438507080078125
2024-04-27 18:38:18 | TRACE   | query_time, 0.0039021074771881104
2024-04-27 18:38:18 | TRACE   | query_time, 0.002115163952112198
2024-04-27 18:38:18 | TRACE   | query_time, 0.004093356430530548
2024-04-27 18:38:18 | TRACE   | query_time, 0.004074539989233017
2024-04-27 18:38:18 | TRACE   | query_time, 0.003809034824371338
2024-04-27 18:38:18 | TRACE   | query_time, 0.0023483484983444214
2024-04-27 18:38:18 | TRACE   | query_time, 0.00418231263756752
2024-04-27 18:38:18 | TRACE   | query_time, 0.004157647490501404
2024-04-27 18:38:18 | TRACE   | query_time, 0.003990277647972107
2024-04-27 18:38:18 | TRACE   | query_time, 0.0021467357873916626
2024-04-27 18:38:18 | TRACE   | query_time, 0.002373136579990387
2024-04-27 18:38:18 | TRACE   | query_time, 0.004493776708841324
2024-04-27 18:38:18 | TRACE   | query_time, 0.00037467852234840393
2024-04-27 18:38:18 | TRACE   | query_time, 0.0025662630796432495
2024-04-27 18:38:18 | TRACE   | query_time, 0.004360247403383255
2024-04-27 18:38:18 | TRACE   | query_time, 0.0044741444289684296
2024-04-27 18:38:18 | TRACE   | query_time, 0.002268429845571518
2024-04-27 18:38:18 | TRACE   | query_time, 0.0038814879953861237
2024-04-27 18:38:18 | TRACE   | query_time, 0.004311855882406235
2024-04-27 18:38:18 | TRACE   | query_time, 0.00038849934935569763
2024-04-27 18:38:18 | TRACE   | query_time, 0.002139430493116379
2024-04-27 18:38:18 | TRACE   | query_time, 0.000406607985496521
2024-04-27 18:38:18 | TRACE   | query_time, 0.004106972366571426
2024-04-27 18:38:18 | TRACE   | query_time, 0.0037941336631774902
2024-04-27 18:38:18 | TRACE   | query_time, 0.004165850579738617
2024-04-27 18:38:18 | TRACE   | query_time, 0.00430794432759285
2024-04-27 18:38:18 | TRACE   | query_time, 0.003573540598154068
2024-04-27 18:38:18 | TRACE   | query_time, 0.00404435396194458
2024-04-27 18:38:18 | TRACE   | query_time, 0.0025255829095840454
2024-04-27 18:38:18 | TRACE   | query_time, 0.004169095307588577
2024-04-27 18:38:18 | TRACE   | query_time, 0.004332989454269409
2024-04-27 18:38:18 | TRACE   | query_time, 0.002658288925886154
2024-04-27 18:38:18 | TRACE   | query_time, 0.0038504749536514282
2024-04-27 18:38:18 | TRACE   | query_time, 0.0044450052082538605
2024-04-27 18:38:18 | TRACE   | query_time, 0.0033328942954540253
2024-04-27 18:38:18 | TRACE   | query_time, 0.004249598830938339
2024-04-27 18:38:18 | TRACE   | query_time, 0.0037248507142066956
2024-04-27 18:38:18 | TRACE   | query_time, 0.003447607159614563
2024-04-27 18:38:18 | TRACE   | query_time, 0.004306234419345856
2024-04-27 18:38:18 | TRACE   | query_time, 0.0042608194053173065
2024-04-27 18:38:18 | TRACE   | query_time, 0.0024580582976341248
2024-04-27 18:38:18 | TRACE   | query_time, 0.003971412777900696
2024-04-27 18:38:18 | TRACE   | query_time, 0.0003844648599624634
2024-04-27 18:38:18 | TRACE   | query_time, 0.0003886409103870392
2024-04-27 18:38:18 | TRACE   | query_time, 0.003733161836862564
2024-04-27 18:38:18 | TRACE   | query_time, 0.005098111927509308
2024-04-27 18:38:18 | TRACE   | query_time, 0.004368629306554794
2024-04-27 18:38:18 | TRACE   | query_time, 0.004241291433572769
2024-04-27 18:38:18 | TRACE   | query_time, 0.0023757703602313995
2024-04-27 18:38:18 | TRACE   | query_time, 0.0025685764849185944
2024-04-27 18:38:18 | TRACE   | query_time, 0.004482578486204147
2024-04-27 18:38:18 | TRACE   | query_time, 0.004369381815195084
2024-04-27 18:38:18 | TRACE   | query_time, 0.0035425014793872833
2024-04-27 18:38:18 | TRACE   | query_time, 0.00423077866435051
2024-04-27 18:38:18 | TRACE   | query_time, 0.00397752970457077
2024-04-27 18:38:18 | TRACE   | query_time, 0.004174835979938507
2024-04-27 18:38:18 | TRACE   | query_time, 0.003735307604074478
2024-04-27 18:38:18 | TRACE   | query_time, 0.004228487610816956
2024-04-27 18:38:18 | TRACE   | query_time, 0.0040931664407253265
2024-04-27 18:38:18 | TRACE   | query_time, 0.004350483417510986
2024-04-27 18:38:18 | TRACE   | query_time, 0.0021448619663715363
2024-04-27 18:38:18 | TRACE   | query_time, 0.0023021139204502106
2024-04-27 18:38:18 | TRACE   | query_time, 0.0021192580461502075
2024-04-27 18:38:18 | TRACE   | query_time, 0.002727225422859192
2024-04-27 18:38:18 | TRACE   | query_time, 0.004322722554206848
2024-04-27 18:38:18 | TRACE   | query_time, 0.0038717351853847504
2024-04-27 18:38:18 | TRACE   | query_time, 0.003971461206674576
2024-04-27 18:38:18 | TRACE   | query_time, 0.004372309893369675
2024-04-27 18:38:18 | TRACE   | query_time, 0.004412967711687088
2024-04-27 18:38:18 | TRACE   | query_time, 0.003917954862117767
2024-04-27 18:38:18 | TRACE   | query_time, 0.004386596381664276
2024-04-27 18:38:18 | TRACE   | query_time, 0.004335410892963409
2024-04-27 18:38:18 | TRACE   | query_time, 0.004026822745800018
2024-04-27 18:38:18 | TRACE   | query_time, 0.004382159560918808
2024-04-27 18:38:18 | TRACE   | query_time, 0.0036993809044361115
2024-04-27 18:38:18 | TRACE   | query_time, 0.003745395690202713
2024-04-27 18:38:18 | TRACE   | query_time, 0.002266146242618561
2024-04-27 18:38:18 | TRACE   | query_time, 0.002466026693582535
2024-04-27 18:38:18 | TRACE   | query_time, 0.004639085382223129
2024-04-27 18:38:18 | TRACE   | query_time, 0.004433583468198776
2024-04-27 18:38:18 | TRACE   | query_time, 0.002229258418083191
2024-04-27 18:38:18 | TRACE   | query_time, 0.0024287067353725433
2024-04-27 18:38:18 | TRACE   | query_time, 0.004470445215702057
2024-04-27 18:38:18 | TRACE   | query_time, 0.004250124096870422
2024-04-27 18:38:18 | TRACE   | query_time, 0.003490634262561798
2024-04-27 18:38:18 | TRACE   | query_time, 0.0017822086811065674
2024-04-27 18:38:18 | TRACE   | query_time, 0.004582781344652176
2024-04-27 18:38:18 | TRACE   | query_time, 0.004347369074821472
2024-04-27 18:38:18 | TRACE   | query_time, 0.0018800050020217896
2024-04-27 18:38:18 | TRACE   | query_time, 0.0021121911704540253
2024-04-27 18:38:18 | TRACE   | query_time, 0.004501126706600189
2024-04-27 18:38:18 | TRACE   | query_time, 0.004340566694736481
2024-04-27 18:38:18 | TRACE   | query_time, 0.002118736505508423
2024-04-27 18:38:18 | TRACE   | query_time, 0.003313157707452774
2024-04-27 18:38:18 | TRACE   | query_time, 0.004157897084951401
2024-04-27 18:38:18 | TRACE   | query_time, 0.0043873973190784454
2024-04-27 18:38:18 | TRACE   | query_time, 0.0017078295350074768
2024-04-27 18:38:18 | TRACE   | query_time, 0.0019327327609062195
2024-04-27 18:38:18 | TRACE   | query_time, 0.004484180361032486
2024-04-27 18:38:18 | TRACE   | query_time, 0.004296831786632538
2024-04-27 18:38:18 | TRACE   | query_time, 0.0019064098596572876
2024-04-27 18:38:18 | TRACE   | query_time, 0.004128552973270416
2024-04-27 18:38:18 | TRACE   | query_time, 0.003851950168609619
2024-04-27 18:38:18 | TRACE   | query_time, 0.004120536148548126
2024-04-27 18:38:18 | TRACE   | query_time, 0.004249535501003265
2024-04-27 18:38:18 | TRACE   | query_time, 0.004015922546386719
2024-04-27 18:38:18 | TRACE   | query_time, 0.004908028990030289
2024-04-27 18:38:18 | TRACE   | query_time, 0.0035460330545902252
2024-04-27 18:38:18 | TRACE   | query_time, 0.004043959081172943
2024-04-27 18:38:18 | TRACE   | query_time, 0.004829853773117065
2024-04-27 18:38:18 | TRACE   | query_time, 0.004148110747337341
2024-04-27 18:38:18 | TRACE   | query_time, 0.003922484815120697
2024-04-27 18:38:18 | TRACE   | query_time, 0.0032965466380119324
2024-04-27 18:38:18 | TRACE   | query_time, 0.0023795589804649353
2024-04-27 18:38:18 | TRACE   | query_time, 0.004235751926898956
2024-04-27 18:38:18 | TRACE   | query_time, 0.004263285547494888
2024-04-27 18:38:18 | TRACE   | query_time, 0.002231542021036148
2024-04-27 18:38:19 | TRACE   | query_time, 0.005103029310703278
2024-04-27 18:38:19 | TRACE   | query_time, 0.004167240113019943
2024-04-27 18:38:19 | TRACE   | query_time, 0.004341591149568558
2024-04-27 18:38:19 | TRACE   | query_time, 0.003251258283853531
2024-04-27 18:38:19 | TRACE   | query_time, 0.0025968924164772034
2024-04-27 18:38:19 | TRACE   | query_time, 0.004269015043973923
2024-04-27 18:38:19 | TRACE   | query_time, 0.004374448210000992
2024-04-27 18:38:19 | TRACE   | query_time, 0.004948936402797699
2024-04-27 18:38:19 | TRACE   | query_time, 0.00411808118224144
2024-04-27 18:38:19 | TRACE   | query_time, 0.0042046234011650085
2024-04-27 18:38:19 | TRACE   | query_time, 0.0031706467270851135
2024-04-27 18:38:19 | TRACE   | query_time, 0.002388950437307358
2024-04-27 18:38:19 | TRACE   | query_time, 0.004310499876737595
2024-04-27 18:38:19 | TRACE   | query_time, 0.004204239696264267
2024-04-27 18:38:19 | TRACE   | query_time, 0.002213321626186371
2024-04-27 18:38:19 | TRACE   | query_time, 0.005163479596376419
2024-04-27 18:38:19 | TRACE   | query_time, 0.004172898828983307
2024-04-27 18:38:19 | TRACE   | query_time, 0.004047118127346039
2024-04-27 18:38:19 | TRACE   | query_time, 0.0032603181898593903
2024-04-27 18:38:19 | TRACE   | query_time, 0.002389702945947647
2024-04-27 18:38:19 | TRACE   | query_time, 0.004247363656759262
2024-04-27 18:38:19 | TRACE   | query_time, 0.004226963967084885
2024-04-27 18:38:19 | TRACE   | query_time, 0.003222864121198654
2024-04-27 18:38:19 | TRACE   | query_time, 0.004961714148521423
2024-04-27 18:38:19 | TRACE   | query_time, 0.0041743554174900055
2024-04-27 18:38:19 | TRACE   | query_time, 0.0032651610672473907
2024-04-27 18:38:19 | TRACE   | query_time, 0.0023713409900665283
2024-04-27 18:38:19 | TRACE   | query_time, 0.004230096936225891
2024-04-27 18:38:19 | TRACE   | query_time, 0.004358585923910141
2024-04-27 18:38:19 | TRACE   | query_time, 0.0031700730323791504
2024-04-27 18:38:19 | TRACE   | query_time, 0.004994433373212814
2024-04-27 18:38:19 | TRACE   | query_time, 0.004112914204597473
2024-04-27 18:38:19 | TRACE   | query_time, 0.00423484668135643
2024-04-27 18:38:19 | TRACE   | query_time, 0.003224119544029236
2024-04-27 18:38:19 | DEBUG   | Raw index-based query execution time: 1.839633s
2024-04-27 18:38:19 | TRACE   | query_collection_time, 1.8396331444382668
2024-04-27 18:38:19 | TRACE   | avg_result_size, 30008.168
2024-04-27 18:38:19 | DEBUG   | Execution finished
2024-04-27 18:38:19 | INFO    | Ran 500 queries in 1.84s
2024-04-27 18:38:19 | TRACE   | execution_time, 1.8398085422813892
2024-04-27 18:38:19 | DEBUG   | Ignoring --estimation-mode as it is not relevant for the index.
2024-04-27 18:38:19 | DEBUG   | Starting execution
2024-04-27 18:38:19 | TRACE   | query_time, 0.004754900932312012
2024-04-27 18:38:19 | TRACE   | query_time, 0.004792887717485428
2024-04-27 18:38:19 | TRACE   | query_time, 0.0049657151103019714
2024-04-27 18:38:19 | TRACE   | query_time, 0.004923403263092041
2024-04-27 18:38:19 | TRACE   | query_time, 0.004998441785573959
2024-04-27 18:38:19 | TRACE   | query_time, 0.0052197277545928955
2024-04-27 18:38:19 | TRACE   | query_time, 0.0034413114190101624
2024-04-27 18:38:19 | TRACE   | query_time, 0.0004929341375827789
2024-04-27 18:38:19 | TRACE   | query_time, 0.004923198372125626
2024-04-27 18:38:19 | TRACE   | query_time, 0.005475230515003204
2024-04-27 18:38:19 | TRACE   | query_time, 0.004983913153409958
2024-04-27 18:38:19 | TRACE   | query_time, 0.00493389368057251
2024-04-27 18:38:19 | TRACE   | query_time, 0.004912767559289932
2024-04-27 18:38:19 | TRACE   | query_time, 0.004953894764184952
2024-04-27 18:38:19 | TRACE   | query_time, 0.003698643296957016
2024-04-27 18:38:19 | TRACE   | query_time, 0.004322603344917297
2024-04-27 18:38:19 | TRACE   | query_time, 0.004654698073863983
2024-04-27 18:38:19 | TRACE   | query_time, 0.004945684224367142
2024-04-27 18:38:19 | TRACE   | query_time, 0.005019783973693848
2024-04-27 18:38:19 | TRACE   | query_time, 0.004476282745599747
2024-04-27 18:38:19 | TRACE   | query_time, 0.005113933235406876
2024-04-27 18:38:19 | TRACE   | query_time, 0.004976000636816025
2024-04-27 18:38:19 | TRACE   | query_time, 0.003875158727169037
2024-04-27 18:38:19 | TRACE   | query_time, 0.0005045831203460693
2024-04-27 18:38:19 | TRACE   | query_time, 0.0049111321568489075
2024-04-27 18:38:19 | TRACE   | query_time, 0.004905443638563156
2024-04-27 18:38:19 | TRACE   | query_time, 0.004857201129198074
2024-04-27 18:38:19 | TRACE   | query_time, 0.0045713335275650024
2024-04-27 18:38:19 | TRACE   | query_time, 0.0047560036182403564
2024-04-27 18:38:19 | TRACE   | query_time, 0.004971489310264587
2024-04-27 18:38:19 | TRACE   | query_time, 0.0035573728382587433
2024-04-27 18:38:19 | TRACE   | query_time, 0.0048728808760643005
2024-04-27 18:38:19 | TRACE   | query_time, 0.0047893524169921875
2024-04-27 18:38:19 | TRACE   | query_time, 0.004964713007211685
2024-04-27 18:38:19 | TRACE   | query_time, 0.004957735538482666
2024-04-27 18:38:19 | TRACE   | query_time, 0.0045905448496341705
2024-04-27 18:38:19 | TRACE   | query_time, 0.004783980548381805
2024-04-27 18:38:19 | TRACE   | query_time, 0.0049904026091098785
2024-04-27 18:38:19 | TRACE   | query_time, 0.004213351756334305
2024-04-27 18:38:19 | TRACE   | query_time, 0.004321448504924774
2024-04-27 18:38:19 | TRACE   | query_time, 0.004602294415235519
2024-04-27 18:38:19 | TRACE   | query_time, 0.005239218473434448
2024-04-27 18:38:19 | TRACE   | query_time, 0.005032110959291458
2024-04-27 18:38:19 | TRACE   | query_time, 0.0046957917511463165
2024-04-27 18:38:19 | TRACE   | query_time, 0.0046441033482551575
2024-04-27 18:38:19 | TRACE   | query_time, 0.004531320184469223
2024-04-27 18:38:19 | TRACE   | query_time, 0.005380269140005112
2024-04-27 18:38:19 | TRACE   | query_time, 0.004670888185501099
2024-04-27 18:38:19 | TRACE   | query_time, 0.0004922263324260712
2024-04-27 18:38:19 | TRACE   | query_time, 0.0035841725766658783
2024-04-27 18:38:19 | TRACE   | query_time, 0.005240928381681442
2024-04-27 18:38:19 | TRACE   | query_time, 0.0038336925208568573
2024-04-27 18:38:19 | TRACE   | query_time, 0.004829689860343933
2024-04-27 18:38:19 | TRACE   | query_time, 0.004810456186532974
2024-04-27 18:38:19 | TRACE   | query_time, 0.00048588216304779053
2024-04-27 18:38:19 | TRACE   | query_time, 0.0033473894000053406
2024-04-27 18:38:19 | TRACE   | query_time, 0.0049890801310539246
2024-04-27 18:38:19 | TRACE   | query_time, 0.004590459167957306
2024-04-27 18:38:19 | TRACE   | query_time, 0.0044492557644844055
2024-04-27 18:38:19 | TRACE   | query_time, 0.004984024912118912
2024-04-27 18:38:19 | TRACE   | query_time, 0.0029905997216701508
2024-04-27 18:38:19 | TRACE   | query_time, 0.00046002864837646484
2024-04-27 18:38:19 | TRACE   | query_time, 0.005176186561584473
2024-04-27 18:38:19 | TRACE   | query_time, 0.003737606108188629
2024-04-27 18:38:19 | TRACE   | query_time, 0.004838325083255768
2024-04-27 18:38:19 | TRACE   | query_time, 0.004693951457738876
2024-04-27 18:38:19 | TRACE   | query_time, 0.005084231495857239
2024-04-27 18:38:19 | TRACE   | query_time, 0.004980582743883133
2024-04-27 18:38:19 | TRACE   | query_time, 0.0030695609748363495
2024-04-27 18:38:19 | TRACE   | query_time, 0.00041686370968818665
2024-04-27 18:38:19 | TRACE   | query_time, 0.00507020577788353
2024-04-27 18:38:19 | TRACE   | query_time, 0.0037510469555854797
2024-04-27 18:38:19 | TRACE   | query_time, 0.00478484109044075
2024-04-27 18:38:19 | TRACE   | query_time, 0.004541456699371338
2024-04-27 18:38:19 | TRACE   | query_time, 0.0050874873995780945
2024-04-27 18:38:19 | TRACE   | query_time, 0.004937212914228439
2024-04-27 18:38:19 | TRACE   | query_time, 0.003182515501976013
2024-04-27 18:38:19 | TRACE   | query_time, 0.0003745034337043762
2024-04-27 18:38:19 | TRACE   | query_time, 0.0051466114819049835
2024-04-27 18:38:19 | TRACE   | query_time, 0.0049101002514362335
2024-04-27 18:38:19 | TRACE   | query_time, 0.0032610855996608734
2024-04-27 18:38:19 | TRACE   | query_time, 0.00036995112895965576
2024-04-27 18:38:19 | TRACE   | query_time, 0.004861019551753998
2024-04-27 18:38:19 | TRACE   | query_time, 0.005004946142435074
2024-04-27 18:38:19 | TRACE   | query_time, 0.0032867006957530975
2024-04-27 18:38:19 | TRACE   | query_time, 0.00035881996154785156
2024-04-27 18:38:19 | TRACE   | query_time, 0.004847608506679535
2024-04-27 18:38:19 | TRACE   | query_time, 0.004936151206493378
2024-04-27 18:38:19 | TRACE   | query_time, 0.0033493340015411377
2024-04-27 18:38:19 | TRACE   | query_time, 0.00036756694316864014
2024-04-27 18:38:19 | TRACE   | query_time, 0.005165748298168182
2024-04-27 18:38:19 | TRACE   | query_time, 0.004907775670289993
2024-04-27 18:38:19 | TRACE   | query_time, 0.0035774149000644684
2024-04-27 18:38:19 | TRACE   | query_time, 0.0003596656024456024
2024-04-27 18:38:19 | TRACE   | query_time, 0.005141858011484146
2024-04-27 18:38:19 | TRACE   | query_time, 0.004971105605363846
